299.67 2280
300.216875 2048
300.76375 2396
301.310625 3172
301.8575 2240
302.404375 2620
302.95125 1840
303.498125 2036
304.045 1636
304.591875 2088
305.13875 2552
305.685625 2112
306.2325 2652
306.779375 3116
307.32625 2756
307.873125 2716
308.42 3216
308.966875 2360
309.51375 2248
310.060625 1788
310.6075 2160
311.154375 2152
311.70125 2104
312.248125 2252
312.795 3688
313.341875 1976
313.88875 3772
314.435625 1940
314.9825 2844
315.529375 1360
316.07625 1596
316.623125 2436
317.17 1580
317.716875 2244
318.26375 2292
318.810625 2196
319.3575 1696
319.904375 1576
320.45125 1824
320.998125 2408
321.545 1448
322.091875 2264
322.63875 1896
323.185625 1780
323.7325 1672
324.279375 2928
324.82625 2220
325.373125 2320
325.92 1992
326.466875 2048
327.01375 2336
327.560625 3388
328.1075 2044
328.654375 2040
329.20125 1980
329.748125 1756
330.295 1812
330.841875 2204
331.38875 1532
331.935625 1784
332.4825 2572
333.029375 1496
333.57625 2324
334.123125 1688
334.67 2100
335.216875 2664
335.76375 1880
336.310625 2204
336.8575 1900
337.404375 1588
337.95125 2200
338.498125 2400
339.045 2764
339.591875 1580
340.13875 1888
340.685625 1736
341.2325 2136
341.779375 1860
342.32625 1328
342.873125 2904
343.42 2524
343.966875 1840
344.51375 2264
345.060625 2756
345.6075 2032
346.154375 1992
346.70125 2476
347.248125 2264
347.795 1488
348.341875 3448
348.88875 2120
349.435625 1880
349.9825 1624
350.529375 1792
351.07625 2000
351.623125 1936
352.17 1584
352.716875 1908
353.26375 2656
353.810625 1388
354.3575 2052
354.904375 1384
355.45125 2484
355.998125 1948
356.545 1544
357.091875 2928
357.63875 1580
358.185625 1820
358.7325 2004
359.279375 1812
359.82625 1928
360.373125 1972
360.92 1404
361.466875 2116
362.01375 1964
362.560625 2588
363.1075 1552
363.654375 1492
364.20125 2864
364.748125 2220
365.295 1736
365.841875 1648
366.38875 1464
366.935625 2152
367.4825 1660
368.029375 1288
368.57625 2180
369.123125 2244
369.67 2164
370.216875 2056
370.76375 1868
371.310625 1808
371.8575 1832
372.404375 2004
372.95125 3252
373.498125 2236
374.045 2308
374.591875 1912
375.13875 2488
375.685625 1548
376.2325 1688
376.779375 1992
377.32625 3180
377.873125 2084
378.42 2100
378.966875 2512
379.51375 1676
380.060625 1784
380.6075 2504
381.154375 2204
381.70125 1708
382.248125 2420
382.795 2192
383.341875 1732
383.88875 2256
384.435625 1804
384.9825 1896
385.529375 2668
386.07625 2448
386.623125 1784
387.17 1940
387.716875 1532
388.26375 1896
388.810625 3172
389.3575 1668
389.904375 1692
390.45125 1760
390.998125 1080
391.545 1844
392.091875 1716
392.63875 2412
393.185625 2960
393.7325 1780
394.279375 2360
394.82625 1212
395.373125 1764
395.92 1476
396.466875 3028
397.01375 2012
397.560625 1972
398.1075 1612
398.654375 1436
399.20125 1872
399.748125 2660
400.295 2100
400.841875 1440
401.38875 2248
401.935625 2964
402.4825 1860
403.029375 1776
403.57625 2080
404.123125 1824
404.67 2576
405.216875 2548
405.76375 2184
406.310625 2052
406.8575 1748
407.404375 2180
407.95125 1836
408.498125 3092
409.045 2136
409.591875 2224
410.13875 2112
410.685625 1388
411.2325 1908
411.779375 1752
412.32625 1572
412.873125 1524
413.42 1828
413.966875 2384
414.51375 1624
415.060625 2260
415.6075 1968
416.154375 1484
416.70125 2028
417.248125 2356
417.795 1876
418.341875 2052
418.88875 2636
419.435625 1252
419.9825 2340
420.529375 1844
421.07625 2156
421.623125 1808
422.17 2876
422.716875 1572
423.26375 1576
423.810625 2504
424.3575 2124
424.904375 1624
425.45125 2256
425.998125 1732
426.545 1820
427.091875 2100
427.63875 1568
428.185625 2424
428.7325 1952
429.279375 1800
429.82625 1568
430.373125 2692
430.92 1336
431.466875 3084
432.01375 2808
432.560625 2504
433.1075 1624
433.654375 1656
434.20125 1552
434.748125 1480
435.295 1732
435.841875 1376
436.38875 1824
436.935625 2344
437.4825 2264
438.029375 1856
438.57625 1868
439.123125 1480
439.67 2212
440.216875 1400
440.76375 1604
441.310625 1532
441.8575 2044
442.404375 2416
442.95125 1576
443.498125 1252
444.045 1772
444.591875 2424
445.13875 1868
445.685625 1340
446.2325 3280
446.779375 2388
447.32625 2532
447.873125 4640
448.42 1632
448.966875 3212
449.51375 1544
450.060625 1764
450.6075 1316
451.154375 1452
451.70125 1928
452.248125 1616
452.795 1220
453.341875 2440
453.88875 2388
454.435625 2188
454.9825 1820
455.529375 1676
456.07625 1352
456.623125 1212
457.17 1864
457.716875 1796
458.26375 1736
458.810625 1596
459.3575 2308
459.904375 2692
460.45125 1688
460.998125 1432
461.545 1564
462.091875 4532
462.63875 2204
463.185625 1828
463.7325 2004
464.279375 1812
464.82625 2164
465.373125 1352
465.92 1800
466.466875 1788
467.01375 1700
467.560625 1420
468.1075 2392
468.654375 1480
469.20125 1604
469.748125 1712
470.295 1700
470.841875 1796
471.38875 1348
471.935625 2180
472.4825 2448
473.029375 1764
473.57625 2156
474.123125 2176
474.67 1772
475.216875 2576
475.76375 2260
476.310625 1948
476.8575 2276
477.404375 1964
477.95125 1748
478.498125 1488
479.045 3836
479.591875 1868
480.13875 1992
480.685625 1960
481.2325 1732
481.779375 2236
482.32625 1796
482.873125 1932
483.42 2008
483.966875 1716
484.51375 1192
485.060625 1248
485.6075 1540
486.154375 1844
486.70125 1224
487.248125 1972
487.795 2892
488.341875 2104
488.88875 1920
489.435625 2144
489.9825 1624
490.529375 1796
491.07625 1776
491.623125 1648
492.17 1588
492.716875 1832
493.26375 1972
493.810625 1568
494.3575 1864
494.904375 1452
495.45125 1632
495.998125 1656
496.545 1836
497.091875 2124
497.63875 1744
498.185625 1508
498.7325 1104
499.279375 2004
499.82625 2472
500.373125 1844
500.92 2544
501.466875 2980
502.01375 1348
502.560625 2176
503.1075 1804
503.654375 1980
504.20125 1440
504.748125 1660
505.295 2048
505.841875 1936
506.38875 2536
506.935625 1672
507.4825 2148
508.029375 1324
508.57625 1568
509.123125 1672
509.67 1996
510.216875 2452
510.76375 1488
511.310625 1804
511.8575 1116
512.4043750000001 2460
512.9512500000001 1336
513.4981250000001 1272
514.0450000000001 2012
514.5918750000001 2044
515.1387500000001 1960
515.6856250000001 1748
516.2325000000001 1740
516.7793750000001 1532
517.3262500000001 1584
517.8731250000001 1848
518.4200000000001 1428
518.9668750000001 1844
519.5137500000001 2324
520.0606250000001 1800
520.6075000000001 2184
521.1543750000001 1652
521.7012500000001 1452
522.2481250000001 2088
522.7950000000001 1560
523.3418750000001 1756
523.8887500000001 1332
524.4356250000001 1104
524.9825000000001 2204
525.5293750000001 2004
526.0762500000001 1376
526.6231250000001 1860
527.1700000000001 2004
527.7168750000001 1428
528.2637500000001 1532
528.8106250000001 2008
529.3575000000001 1860
529.9043750000001 1588
530.4512500000001 1688
530.9981250000001 1652
531.5450000000001 2164
532.0918750000001 1828
532.6387500000001 1996
533.1856250000001 1744
533.7325000000001 1696
534.2793750000001 2156
534.8262500000001 1728
535.3731250000001 1612
535.9200000000001 1944
536.4668750000001 2608
537.0137500000001 1800
537.5606250000001 2308
538.1075000000001 1764
538.6543750000001 1500
539.2012500000001 2732
539.7481250000001 1716
540.2950000000001 1848
540.8418750000001 2228
541.3887500000001 1724
541.9356250000001 2324
542.4825000000001 1404
543.0293750000001 2480
543.5762500000001 2540
544.1231250000001 1652
544.6700000000001 1328
545.2168750000001 1980
545.7637500000001 2096
546.3106250000001 2056
546.8575000000001 2524
547.4043750000001 1868
547.9512500000001 2076
548.4981250000001 1928
549.0450000000001 2020
549.5918750000001 1484
550.1387500000001 1856
550.6856250000001 1496
551.2325000000001 2536
551.7793750000001 2072
552.3262500000001 2356
552.8731250000001 2516
553.4200000000001 1428
553.9668750000001 2348
554.5137500000001 1944
555.0606250000001 1532
555.6075000000001 2060
556.1543750000001 2228
556.7012500000001 1416
557.2481250000001 2556
557.7950000000001 1876
558.3418750000001 1760
558.8887500000001 1608
559.4356250000001 1804
559.9825000000001 1556
560.5293750000001 1180
561.0762500000001 3020
561.6231250000001 2452
562.1700000000001 2132
562.7168750000001 2792
563.2637500000001 1796
563.8106250000001 2216
564.3575000000001 1404
564.9043750000001 2636
565.4512500000001 1896
565.9981250000001 2328
566.5450000000001 1200
567.0918750000001 1996
567.6387500000001 1524
568.1856250000001 1580
568.7325000000001 1408
569.2793750000001 2588
569.8262500000001 2056
570.3731250000001 1648
570.9200000000001 1596
571.4668750000001 1884
572.0137500000001 1812
572.5606250000001 2168
573.1075000000001 2168
573.6543750000001 1372
574.2012500000001 1860
574.7481250000001 1560
575.2950000000001 2568
575.8418750000001 1940
576.3887500000001 1776
576.9356250000001 1488
577.4825000000001 2540
578.0293750000001 1604
578.5762500000001 1832
579.1231250000001 1192
579.6700000000001 1344
580.2168750000001 1992
580.7637500000001 1688
581.3106250000001 1548
581.8575000000001 1996
582.4043750000001 1628
582.9512500000001 1816
583.4981250000001 2388
584.0450000000001 1796
584.5918750000001 2196
585.1387500000001 2540
585.6856250000001 1744
586.2325000000001 2008
586.7793750000001 2276
587.3262500000001 2612
587.8731250000001 1840
588.4200000000001 1840
588.9668750000001 2064
589.5137500000001 1476
590.0606250000001 1900
590.6075000000001 1664
591.1543750000001 1712
591.7012500000001 1500
592.2481250000001 1696
592.7950000000001 1932
593.3418750000001 2044
593.8887500000001 2100
594.4356250000001 1272
594.9825000000001 3160
595.5293750000001 1716
596.0762500000001 1540
596.6231250000001 1524
597.1700000000001 2260
597.7168750000001 2228
598.2637500000001 1868
598.8106250000001 2284
599.3575000000001 1304
599.9043750000001 1364
600.4512500000001 1656
600.9981250000001 1448
601.5450000000001 1824
602.0918750000001 1492
602.6387500000001 2056
603.1856250000001 1876
603.7325000000001 1572
604.2793750000001 2020
604.8262500000001 1708
605.3731250000001 1148
605.9200000000001 1220
606.4668750000001 2128
607.0137500000001 1704
607.5606250000001 1744
608.1075000000001 2548
608.6543750000001 1712
609.2012500000001 1368
609.7481250000001 2216
610.2950000000001 1200
610.8418750000001 1828
611.3887500000001 1932
611.9356250000001 2332
612.4825000000001 1940
613.0293750000001 2128
613.5762500000001 1764
614.1231250000001 1668
614.6700000000001 3204
615.2168750000001 2224
615.7637500000001 1764
616.3106250000001 1716
616.8575000000001 1876
617.4043750000001 1612
617.9512500000001 2284
618.4981250000001 1936
619.0450000000001 2208
619.5918750000001 1692
620.1387500000001 1604
620.6856250000001 2548
621.2325000000001 1836
621.7793750000001 1636
622.3262500000001 2440
622.8731250000001 1864
623.4200000000001 3428
623.9668750000001 2112
624.5137500000001 1416
625.0606250000001 2148
625.6075000000001 1520
626.1543750000001 1768
626.7012500000001 1360
627.2481250000001 1660
627.7950000000001 1868
628.3418750000001 2036
628.8887500000001 1700
629.4356250000001 2764
629.9825000000001 1944
630.5293750000001 2340
631.0762500000001 1640
631.6231250000001 1636
632.1700000000001 2068
632.7168750000001 1544
633.2637500000001 2236
633.8106250000001 1700
634.3575000000001 1816
634.9043750000001 2320
635.4512500000001 1636
635.9981250000001 2472
636.5450000000001 1916
637.0918750000001 1356
637.6387500000001 1584
638.1856250000001 2504
638.7325000000001 2144
639.2793750000001 1800
639.8262500000001 2312
640.3731250000001 2132
640.9200000000001 1320
641.4668750000001 2052
642.0137500000001 2120
642.5606250000001 1876
643.1075000000001 1644
643.6543750000001 1204
644.2012500000001 1836
644.7481250000001 1876
645.2950000000001 2104
645.8418750000001 1748
646.3887500000001 1760
646.9356250000001 2168
647.4825000000001 1808
648.0293750000001 1328
648.5762500000001 1532
649.1231250000001 1700
649.6700000000001 2104
650.2168750000001 1848
650.7637500000001 1760
651.3106250000001 1796
651.8575000000001 1856
652.4043750000001 1424
652.9512500000001 1808
653.4981250000001 1144
654.0450000000001 1456
654.5918750000001 2124
655.1387500000001 2008
655.6856250000001 2840
656.2325000000001 2132
656.7793750000001 2216
657.3262500000001 2000
657.8731250000001 2192
658.4200000000001 2324
658.9668750000001 1820
659.5137500000001 1848
660.0606250000001 1600
660.6075000000001 1988
661.1543750000001 2012
661.7012500000001 2068
662.2481250000001 2324
662.7950000000001 2128
663.3418750000001 1412
663.8887500000001 1912
664.4356250000001 1636
664.9825000000001 1292
665.5293750000001 1108
666.0762500000001 2008
666.6231250000001 2044
667.1700000000001 2148
667.7168750000001 2352
668.2637500000001 2476
668.8106250000001 1476
669.3575000000001 2096
669.9043750000001 1684
670.4512500000001 2444
670.9981250000001 1560
671.5450000000001 2068
672.0918750000001 1820
672.6387500000001 1904
673.1856250000001 1844
673.7325000000001 1940
674.2793750000001 2420
674.8262500000001 2876
675.3731250000001 1480
675.9200000000001 2248
676.4668750000001 1640
677.0137500000001 2116
677.5606250000001 1596
678.1075000000001 1336
678.6543750000001 1484
679.2012500000001 1212
679.7481250000001 2280
680.2950000000001 1920
680.8418750000001 1956
681.3887500000001 1880
681.9356250000001 1704
682.4825000000001 2316
683.0293750000001 1912
683.5762500000001 1464
684.1231250000001 1952
684.6700000000001 2180
685.2168750000001 1684
685.7637500000001 2932
686.3106250000001 2156
686.8575000000001 1488
687.4043750000001 1704
687.9512500000001 1520
688.4981250000001 2252
689.0450000000001 2060
689.5918750000001 1932
690.1387500000001 1720
690.6856250000001 2712
691.2325000000001 1936
691.7793750000001 1660
692.3262500000001 1364
692.8731250000001 1940
693.4200000000001 1568
693.9668750000001 2260
694.5137500000001 1504
695.0606250000001 1968
695.6075000000001 1732
696.1543750000001 2432
696.7012500000001 1932
697.2481250000001 1844
697.7950000000001 2112
698.3418750000001 2432
698.8887500000001 1308
699.4356250000001 2124
699.9825000000001 2024
700.5293750000001 1704
701.0762500000001 2256
701.6231250000001 2016
702.1700000000001 2136
702.7168750000001 2312
703.2637500000001 1692
703.8106250000001 2008
704.3575000000001 2220
704.9043750000001 2456
705.4512500000001 2148
705.9981250000001 2008
706.5450000000001 1688
707.0918750000001 1760
707.6387500000001 1616
708.1856250000001 1376
708.7325000000001 1584
709.2793750000001 2000
709.8262500000001 3032
710.3731250000001 1628
710.9200000000001 1408
711.4668750000001 1924
712.0137500000001 1984
712.5606250000001 1592
713.1075000000001 1564
713.6543750000001 2304
714.2012500000001 1872
714.7481250000001 2116
715.2950000000001 1576
715.8418750000001 1880
716.3887500000001 2004
716.9356250000001 2040
717.4825000000001 2292
718.0293750000001 1756
718.5762500000001 2292
719.1231250000001 2548
719.6700000000001 2228
720.2168750000001 2032
720.7637500000001 2088
721.3106250000001 1788
721.8575000000001 1336
722.4043750000001 2668
722.9512500000001 2244
723.4981250000001 1640
724.0450000000001 2040
724.5918750000001 1600
725.1387500000001 1952
725.6856250000001 2236
726.2325000000001 1796
726.7793750000001 2136
727.3262500000001 1696
727.8731250000001 2020
728.4200000000001 1336
728.9668750000001 4120
729.5137500000001 1444
730.0606250000001 2272
730.6075000000001 2156
731.1543750000001 1792
731.7012500000001 1704
732.2481250000001 2020
732.7950000000001 2216
733.3418750000001 2436
733.8887500000001 2168
734.4356250000001 1476
734.9825000000001 1704
735.5293750000001 1868
736.0762500000001 1976
736.6231250000001 2264
737.1700000000001 1768
737.7168750000001 2584
738.2637500000001 2380
738.8106250000001 1820
739.3575000000001 3184
739.9043750000001 1844
740.4512500000001 1588
740.9981250000001 1724
741.5450000000001 1632
742.0918750000001 1296
742.6387500000001 2200
743.1856250000001 2068
743.7325000000001 1904
744.2793750000001 1948
744.8262500000001 1968
745.3731250000001 2380
745.9200000000001 3432
746.4668750000001 2180
747.0137500000001 2460
747.5606250000001 1448
748.1075000000001 1304
748.6543750000001 1924
749.2012500000001 2000
749.7481250000001 1956
750.2950000000001 1612
750.8418750000001 2000
751.3887500000001 1768
751.9356250000001 1812
752.4825000000001 1688
753.0293750000001 1604
753.5762500000001 1792
754.1231250000001 1484
754.6700000000001 1792
755.2168750000001 2824
755.7637500000001 1724
756.3106250000001 1176
756.8575000000001 2124
757.4043750000001 2088
757.9512500000001 1264
758.4981250000001 1408
759.0450000000001 2180
759.5918750000001 2176
760.1387500000001 2076
760.6856250000001 1208
761.2325000000001 2900
761.7793750000001 1884
762.3262500000001 2608
762.8731250000001 1876
763.4200000000001 1512
763.9668750000001 2116
764.5137500000001 2012
765.0606250000001 1928
765.6075000000001 1860
766.1543750000001 1880
766.7012500000001 2096
767.2481250000001 1716
767.7950000000001 1976
768.3418750000001 1724
768.8887500000001 2116
769.4356250000001 2124
769.9825000000001 1332
770.5293750000001 1616
771.0762500000001 2104
771.6231250000001 2036
772.1700000000001 1912
772.7168750000001 2164
773.2637500000001 2256
773.8106250000001 2012
774.3575000000001 1544
774.9043750000001 1404
775.4512500000001 2492
775.9981250000001 1780
776.5450000000001 1688
777.0918750000001 2040
777.6387500000001 1664
778.1856250000001 1952
778.7325000000001 2152
779.2793750000001 1712
779.8262500000001 2240
780.3731250000001 1776
780.9200000000001 2192
781.4668750000001 2520
782.0137500000001 1604
782.5606250000001 1660
783.1075000000001 2160
783.6543750000001 2124
784.2012500000001 2132
784.7481250000001 2188
785.2950000000001 1492
785.8418750000001 2004
786.3887500000001 1556
786.9356250000001 1572
787.4825000000001 1808
788.0293750000001 2124
788.5762500000001 2392
789.1231250000001 1876
789.6700000000001 1744
790.2168750000001 2100
790.7637500000001 1988
791.3106250000001 1692
791.8575000000001 1164
792.4043750000001 2432
792.9512500000001 1312
793.4981250000001 2140
794.0450000000001 1992
794.5918750000001 1928
795.1387500000001 1752
795.6856250000001 1872
796.2325000000001 2432
796.7793750000001 1696
797.3262500000001 1580
797.8731250000001 2224
798.4200000000001 1744
798.9668750000001 1780
799.5137500000001 1552
800.0606250000001 1928
800.6075000000001 1964
801.1543750000001 1384
801.7012500000001 2324
802.2481250000001 1488
802.7950000000001 2332
803.3418750000001 1868
803.8887500000001 1280
804.4356250000001 1788
804.9825000000001 2492
805.5293750000001 2488
806.0762500000001 1816
806.6231250000001 1540
807.1700000000001 2192
807.7168750000001 1812
808.2637500000001 2388
808.8106250000001 1996
809.3575000000001 1880
809.9043750000001 1620
810.4512500000001 1536
810.9981250000001 2060
811.5450000000001 1952
812.0918750000001 3636
812.6387500000001 1872
813.1856250000001 1580
813.7325000000001 3012
814.2793750000001 2060
814.8262500000001 2024
815.3731250000001 2464
815.9200000000001 2164
816.4668750000001 2272
817.0137500000001 2320
817.5606250000001 1688
818.1075000000001 2360
818.6543750000001 2280
819.2012500000001 1980
819.7481250000001 1436
820.2950000000001 1904
820.8418750000001 1516
821.3887500000001 2232
821.9356250000001 1436
822.4825000000001 1880
823.0293750000001 1988
823.5762500000001 2092
824.1231250000001 1688
824.6700000000001 1736
825.2168750000001 1560
825.7637500000001 1328
826.3106250000001 2816
826.8575000000001 1900
827.4043750000001 1588
827.9512500000001 1392
828.4981250000001 1588
829.0450000000001 2124
829.5918750000001 2036
830.1387500000001 1740
830.6856250000001 2304
831.2325000000001 1944
831.7793750000001 2148
832.3262500000001 2668
832.8731250000001 2028
833.4200000000001 1508
833.9668750000001 2196
834.5137500000001 2300
835.0606250000001 2268
835.6075000000001 1272
836.1543750000001 2200
836.7012500000001 2276
837.2481250000001 1660
837.7950000000001 1716
838.3418750000001 2820
838.8887500000001 1744
839.4356250000001 2376
839.9825000000001 2260
840.5293750000001 1776
841.0762500000001 1180
841.6231250000001 1868
842.1700000000001 1228
842.7168750000001 1908
843.2637500000001 1740
843.8106250000001 1756
844.3575000000001 1716
844.9043750000001 1992
845.4512500000001 2544
845.9981250000001 1940
846.5450000000001 1296
847.0918750000001 1484
847.6387500000001 2848
848.1856250000001 1772
848.7325000000001 2376
849.2793750000001 1820
849.8262500000001 1412
850.3731250000001 1088
850.9200000000001 2340
851.4668750000001 1388
852.0137500000001 1684
852.5606250000001 1724
853.1075000000001 2980
853.6543750000001 2092
854.2012500000001 1288
854.7481250000001 1668
855.2950000000001 1644
855.8418750000001 2032
856.3887500000001 1684
856.9356250000001 1684
857.4825000000001 1340
858.0293750000001 1984
858.5762500000001 1564
859.1231250000001 1720
859.6700000000001 2928
860.2168750000001 2400
860.7637500000001 1632
861.3106250000001 1788
861.8575000000001 2056
862.4043750000001 1468
862.9512500000001 2200
863.4981250000001 1688
864.0450000000001 2148
864.5918750000001 2344
865.1387500000001 2092
865.6856250000001 8020
866.2325000000001 1228
866.7793750000001 1600
867.3262500000001 1200
867.8731250000001 2088
868.4200000000001 1584
868.9668750000001 2276
869.5137500000001 1684
870.0606250000001 1792
870.6075000000001 1436
871.1543750000001 1724
871.7012500000001 1652
872.2481250000001 1624
872.7950000000001 1340
873.3418750000001 2624
873.8887500000001 2000
874.4356250000001 2356
874.9825000000001 2616
875.5293750000001 1732
876.0762500000001 1920
876.6231250000001 1528
877.1700000000001 1960
877.7168750000001 1436
878.2637500000001 2320
878.8106250000001 1896
879.3575000000001 1972
879.9043750000001 1592
880.4512500000001 2136
880.9981250000001 2916
881.5450000000001 1512
882.0918750000001 2808
882.6387500000001 1544
883.1856250000001 2300
883.7325000000001 1436
884.2793750000001 1540
884.8262500000001 2444
885.3731250000001 1432
885.9200000000001 1952
886.4668750000001 1892
887.0137500000001 2312
887.5606250000001 1652
888.1075000000001 1764
888.6543750000001 2220
889.2012500000001 1496
889.7481250000001 1768
890.2950000000001 1612
890.8418750000001 1904
891.3887500000001 2184
891.9356250000001 2516
892.4825000000001 1936
893.0293750000001 1992
893.5762500000001 1760
894.1231250000001 2556
894.6700000000001 1508
895.2168750000001 1596
895.7637500000001 2284
896.3106250000001 2492
896.8575000000001 1720
897.4043750000001 1852
897.9512500000001 1704
898.4981250000001 1728
899.0450000000001 2028
899.5918750000001 1388
900.1387500000001 2208
900.6856250000001 1308
901.2325000000001 2360
901.7793750000001 1836
902.3262500000001 1904
902.8731250000001 1852
903.4200000000001 1876
903.9668750000001 1804
904.5137500000001 1652
905.0606250000001 1724
905.6075000000001 2664
906.1543750000001 2104
906.7012500000001 1348
907.2481250000001 1480
907.7950000000001 2996
908.3418750000001 1948
908.8887500000001 1760
909.4356250000001 1532
909.9825000000001 1736
910.5293750000001 2280
911.0762500000001 1904
911.6231250000001 2120
912.1700000000001 2256
912.7168750000001 1964
913.2637500000001 1760
913.8106250000001 2100
914.3575000000001 1480
914.9043750000001 1908
915.4512500000001 2668
915.9981250000001 1412
916.5450000000001 2204
917.0918750000001 2080
917.6387500000001 1716
918.1856250000001 2484
918.7325000000001 2040
919.2793750000001 1692
919.8262500000001 2264
920.3731250000001 1768
920.9200000000001 1340
921.4668750000001 2088
922.0137500000001 2124
922.5606250000001 1788
923.1075000000001 2488
923.6543750000001 1940
924.2012500000001 1644
924.7481250000001 1764
925.2950000000001 1720
925.8418750000001 1448
926.3887500000001 2072
926.9356250000001 2212
927.4825000000001 1472
928.0293750000001 1816
928.5762500000001 2016
929.1231250000001 1968
929.6700000000001 1208
930.2168750000001 1564
930.7637500000001 2584
931.3106250000001 2760
931.8575000000001 1868
932.4043750000001 1344
932.9512500000001 1776
933.4981250000001 1976
934.0450000000001 2084
934.5918750000001 1464
935.1387500000001 1888
935.6856250000001 2768
936.2325000000001 1924
936.7793750000001 1796
937.3262500000001 1828
937.8731250000001 1804
938.4200000000001 1048
938.9668750000001 1628
939.5137500000001 1612
940.0606250000001 2268
940.6075000000001 2124
941.1543750000001 1728
941.7012500000001 1596
942.2481250000001 1908
942.7950000000001 2000
943.3418750000001 1876
943.8887500000001 3568
944.4356250000001 1288
944.9825000000001 1856
945.5293750000001 1996
946.0762500000001 1892
946.6231250000001 1812
947.1700000000001 1704
947.7168750000001 2572
948.2637500000001 1680
948.8106250000001 1480
949.3575000000001 1644
949.9043750000001 2080
950.4512500000001 1508
950.9981250000001 1620
951.5450000000001 1496
952.0918750000001 3516
952.6387500000001 1352
953.1856250000001 2172
953.7325000000001 2508
954.2793750000001 2148
954.8262500000001 2564
955.3731250000001 2148
955.9200000000001 1528
956.4668750000001 1336
957.0137500000001 1512
957.5606250000001 1164
958.1075000000001 1660
958.6543750000001 1792
959.2012500000001 1768
959.7481250000001 1828
960.2950000000001 2868
960.8418750000001 2056
961.3887500000001 1936
961.9356250000001 1796
962.4825000000001 2236
963.0293750000001 1704
963.5762500000001 1708
964.1231250000001 2388
964.6700000000001 1728
965.2168750000001 3280
965.7637500000001 1412
966.3106250000001 2524
966.8575000000001 1464
967.4043750000001 1684
967.9512500000001 1468
968.4981250000001 2232
969.0450000000001 2596
969.5918750000001 2524
970.1387500000001 3044
970.6856250000001 2124
971.2325000000001 1592
971.7793750000001 2024
972.3262500000001 1340
972.8731250000001 1940
973.4200000000001 1800
973.9668750000001 2824
974.5137500000001 1896
975.0606250000001 2080
975.6075000000001 2440
976.1543750000001 2184
976.7012500000001 2756
977.2481250000001 1760
977.7950000000001 1644
978.3418750000001 1740
978.8887500000001 1596
979.4356250000001 1920
979.9825000000001 1960
980.5293750000001 1584
981.0762500000001 1580
981.6231250000001 2048
982.1700000000001 1316
982.7168750000001 2172
983.2637500000001 2424
983.8106250000001 1484
984.3575000000001 1876
984.9043750000001 1852
985.4512500000001 1700
985.9981250000001 1628
986.5450000000001 1772
987.0918750000001 1852
987.6387500000001 1804
988.1856250000001 2352
988.7325000000001 1728
989.2793750000001 2332
989.8262500000001 2420
990.3731250000001 1432
990.9200000000001 1440
991.4668750000001 2300
992.0137500000001 1820
992.5606250000001 1564
993.1075000000001 2424
993.6543750000001 1988
994.2012500000001 1404
994.7481250000001 2380
995.2950000000001 1764
995.8418750000001 2380
996.3887500000001 1388
996.9356250000001 1904
997.4825000000001 1756
998.0293750000001 1940
998.5762500000001 1840
999.1231250000001 1380
999.6700000000001 1756
1000.2168750000001 1912
1000.7637500000001 1888
1001.3106250000001 1736
1001.8575000000001 2052
1002.4043750000001 2860
1002.9512500000001 2060
1003.4981250000001 1752
1004.0450000000001 1432
1004.5918750000001 2896
1005.1387500000001 2316
1005.6856250000001 1392
1006.2325000000001 1756
1006.7793750000001 1604
1007.3262500000001 2668
1007.8731250000001 1712
1008.4200000000001 1544
1008.9668750000001 2492
1009.5137500000001 1700
1010.0606250000001 1684
1010.6075000000001 1800
1011.1543750000001 1948
1011.7012500000001 2636
1012.2481250000001 1796
1012.7950000000001 1412
1013.3418750000001 1516
1013.8887500000001 2380
1014.4356250000001 1884
1014.9825000000001 1924
1015.5293750000001 2388
1016.0762500000001 2552
1016.6231250000001 2268
1017.1700000000001 1700
1017.7168750000001 2340
1018.2637500000001 2136
1018.8106250000001 2032
1019.3575000000001 1408
1019.9043750000001 2380
1020.4512500000001 1696
1020.9981250000001 1784
1021.5450000000001 1560
1022.0918750000001 1996
1022.6387500000001 2076
1023.1856250000001 1584
1023.7325000000001 2084
1024.279375 2176
1024.82625 1456
1025.373125 2612
1025.92 1688
1026.466875 1556
1027.01375 1704
1027.560625 2036
1028.1075 1524
1028.654375 1532
1029.20125 1328
1029.748125 1764
1030.295 1388
1030.841875 1592
1031.38875 1284
1031.935625 1864
1032.4825 1728
1033.029375 2372
1033.57625 1584
1034.123125 1768
1034.67 2476
1035.216875 2044
1035.76375 2704
1036.310625 2192
1036.8575 2116
1037.404375 2692
1037.95125 2288
1038.498125 2624
1039.045 2508
1039.591875 1640
1040.13875 1960
1040.685625 2016
1041.2325 3068
1041.779375 1976
1042.32625 1772
1042.873125 2048
1043.42 2004
1043.966875 1688
1044.51375 1924
1045.060625 1992
1045.6075 1716
1046.154375 2072
1046.70125 2364
1047.248125 1728
1047.795 1432
1048.341875 2268
1048.88875 1496
1049.435625 1720
1049.9825 1684
1050.529375 1520
1051.07625 2188
1051.623125 2516
1052.17 1112
1052.716875 1764
1053.26375 1464
1053.810625 3236
1054.3575 1884
1054.904375 1864
1055.45125 2080
1055.998125 1904
1056.545 2004
1057.091875 1512
1057.63875 1636
1058.185625 1944
1058.7325 2296
1059.279375 1928
1059.82625 1612
1060.373125 2392
1060.92 1940
1061.466875 2168
1062.01375 1680
1062.560625 3092
1063.1075 2708
1063.654375 1832
1064.20125 2240
1064.748125 1512
1065.295 1936
1065.841875 1856
1066.38875 2060
1066.935625 1744
1067.4825 1856
1068.029375 2172
1068.57625 1900
1069.123125 2200
1069.67 2448
1070.216875 1132
1070.76375 2120
1071.310625 2448
1071.8575 2544
1072.404375 2008
1072.95125 1696
1073.498125 2972
1074.045 2044
1074.591875 2004
1075.13875 2092
1075.685625 3356
1076.2325 1660
1076.779375 2492
1077.32625 2580
1077.873125 2308
1078.42 1800
1078.966875 1696
1079.51375 2664
1080.060625 1740
1080.6075 1420
1081.154375 1628
1081.70125 1436
1082.248125 2524
1082.795 2568
1083.341875 1436
1083.88875 2500
1084.435625 2780
1084.9825 1784
1085.529375 1928
1086.07625 2160
1086.623125 1700
1087.17 2292
1087.716875 1480
1088.26375 1556
1088.810625 2208
1089.3575 2492
1089.904375 2308
1090.45125 1860
1090.998125 1576
1091.545 1684
1092.091875 1344
1092.63875 2888
1093.185625 2056
1093.7325 1312
1094.279375 2292
1094.82625 1848
1095.373125 1648
1095.92 2196
1096.466875 1788
1097.01375 1584
1097.560625 1572
1098.1075 2088
1098.654375 1444
1099.20125 1772
1099.748125 1436
1100.295 2020
1100.841875 1684
1101.38875 2112
1101.935625 2204
1102.4825 1888
1103.029375 2388
1103.57625 1672
1104.123125 1628
1104.67 2152
1105.216875 2304
1105.76375 1940
1106.310625 1700
1106.8575 2164
1107.404375 1932
1107.95125 2260
1108.498125 2048
1109.045 2244
1109.591875 2520
1110.13875 2092
1110.685625 2048
1111.2325 1992
1111.779375 3032
1112.32625 1780
1112.873125 2496
1113.42 2196
1113.966875 2268
1114.51375 1748
1115.060625 1900
1115.6075 1544
1116.154375 1784
1116.70125 2148
1117.248125 4124
1117.795 1828
1118.341875 1916
1118.88875 1252
1119.435625 1852
1119.9825 2924
1120.529375 1688
1121.07625 1364
1121.623125 1732
1122.17 2596
1122.716875 1848
1123.26375 1812
1123.810625 2848
1124.3575 1888
1124.904375 1736
1125.45125 1308
1125.998125 2224
1126.545 1224
1127.091875 1664
1127.63875 1832
1128.185625 1936
1128.7325 2660
1129.279375 2460
1129.82625 1920
1130.373125 1596
1130.92 2948
1131.466875 2696
1132.01375 2132
1132.560625 1776
1133.1075 2452
1133.654375 2380
1134.20125 2056
1134.748125 2064
1135.295 2576
1135.841875 1720
1136.38875 1320
1136.935625 1844
1137.4825 1544
1138.029375 2820
1138.57625 2136
1139.123125 1820
1139.67 1680
1140.216875 1936
1140.76375 1748
1141.310625 2004
1141.8575 1788
1142.404375 2012
1142.95125 1764
1143.498125 1688
1144.045 2256
1144.591875 2324
1145.13875 2032
1145.685625 2412
1146.2325 1984
1146.779375 1772
1147.32625 2756
1147.873125 2636
1148.42 2508
1148.966875 1644
1149.51375 2292
1150.060625 2388
1150.6075 2396
1151.154375 1740
1151.70125 1476
1152.248125 1784
1152.795 1172
1153.341875 1876
1153.88875 2528
1154.435625 2572
1154.9825 1984
1155.529375 2232
1156.07625 2044
1156.623125 1340
1157.17 1732
1157.716875 1932
1158.26375 1512
1158.810625 1560
1159.3575 2216
1159.904375 1924
1160.45125 2096
1160.998125 1792
1161.545 2056
1162.091875 1608
1162.63875 2692
1163.185625 2012
1163.7325 2780
1164.279375 1756
1164.82625 1920
1165.373125 1972
1165.92 1740
1166.466875 2696
1167.01375 1524
1167.560625 1732
1168.1075 2060
1168.654375 2968
1169.20125 1460
1169.748125 2008
1170.295 1552
1170.841875 1496
1171.38875 1836
1171.935625 1580
1172.4825 2404
1173.029375 1692
1173.57625 1704
1174.123125 2652
1174.67 2388
1175.216875 2844
1175.76375 1864
1176.310625 2364
1176.8575 1904
1177.404375 2444
1177.95125 2744
1178.498125 1884
1179.045 2044
1179.591875 1796
1180.13875 1824
1180.685625 2964
1181.2325 1436
1181.779375 2360
1182.32625 1588
1182.873125 1788
1183.42 1784
1183.966875 1696
1184.51375 2212
1185.060625 1436
1185.6075 1896
1186.154375 2088
1186.70125 1392
1187.248125 2324
1187.795 1512
1188.341875 2452
1188.88875 1676
1189.435625 1940
1189.9825 1956
1190.529375 2108
1191.07625 1736
1191.623125 2488
1192.17 1912
1192.716875 1724
1193.26375 2084
1193.810625 1764
1194.3575 1296
1194.904375 2132
1195.45125 2028
1195.998125 2392
1196.545 1808
1197.091875 1500
1197.63875 1692
1198.185625 1724
1198.7325 2256
1199.279375 1336
1199.82625 2600
1200.373125 2412
1200.92 2692
1201.466875 1980
1202.01375 2072
1202.560625 1712
1203.1075 1776
1203.654375 2016
1204.20125 1488
1204.748125 1860
1205.295 1916
1205.841875 1988
1206.38875 2304
1206.935625 1948
1207.4825 2196
1208.029375 1872
1208.57625 1656
1209.123125 1212
1209.67 2212
1210.216875 2604
1210.76375 2156
1211.310625 2872
1211.8575 2068
1212.404375 1688
1212.95125 2148
1213.498125 1464
1214.045 1908
1214.591875 1692
1215.13875 2036
1215.685625 2232
1216.2325 1964
1216.779375 2292
1217.32625 2748
1217.873125 2096
1218.42 2360
1218.966875 2484
1219.51375 1536
1220.060625 1996
1220.6075 2064
1221.154375 1580
1221.70125 2316
1222.248125 1652
1222.795 2160
1223.341875 1928
1223.88875 2352
1224.435625 2228
1224.9825 2136
1225.529375 2664
1226.07625 1848
1226.623125 2248
1227.17 2372
1227.716875 2172
1228.26375 2376
1228.810625 2192
1229.3575 2184
1229.904375 2908
1230.45125 2212
1230.998125 2044
1231.545 2660
1232.091875 1740
1232.63875 1908
1233.185625 1676
1233.7325 3332
1234.279375 2344
1234.82625 1740
1235.373125 1928
1235.92 2172
1236.466875 2652
1237.01375 1548
1237.560625 1820
1238.1075 1824
1238.654375 2356
1239.20125 2264
1239.748125 2036
1240.295 1700
1240.841875 1672
1241.38875 1944
1241.935625 1624
1242.4825 2136
1243.029375 2112
1243.57625 1484
1244.123125 2088
1244.67 2836
1245.216875 1836
1245.76375 2316
1246.310625 2428
1246.8575 1820
1247.404375 1748
1247.95125 2420
1248.498125 2840
1249.045 2644
1249.591875 1976
1250.13875 1760
1250.685625 1596
1251.2325 2056
1251.779375 2288
1252.32625 2004
1252.873125 2540
1253.42 1960
1253.966875 1680
1254.51375 1984
1255.060625 2408
1255.6075 1408
1256.154375 1544
1256.70125 1456
1257.248125 1772
1257.795 2316
1258.341875 2712
1258.88875 2364
1259.435625 1936
1259.9825 1840
1260.529375 2720
1261.07625 2236
1261.623125 2360
1262.17 2292
1262.716875 1608
1263.26375 2528
1263.810625 3000
1264.3575 2872
1264.904375 1772
1265.45125 1816
1265.998125 1640
1266.545 1960
1267.091875 2012
1267.63875 2516
1268.185625 1632
1268.7325 2336
1269.279375 3228
1269.82625 2348
1270.373125 1892
1270.92 1716
1271.466875 2452
1272.01375 1856
1272.560625 1984
1273.1075 1792
1273.654375 1804
1274.20125 2292
1274.748125 1772
1275.295 1888
1275.841875 1828
1276.38875 2548
1276.935625 2208
1277.4825 1484
1278.029375 2344
1278.57625 2536
1279.123125 2216
1279.67 1992
1280.216875 1572
1280.76375 1880
1281.310625 1868
1281.8575 2136
1282.404375 2024
1282.95125 2104
1283.498125 1792
1284.045 2016
1284.591875 2176
1285.13875 2008
1285.685625 1860
1286.2325 1812
1286.779375 1624
1287.32625 2264
1287.873125 1776
1288.42 2028
1288.966875 1852
1289.51375 3116
1290.060625 1484
1290.6075 3308
1291.154375 2204
1291.70125 2488
1292.248125 1972
1292.795 1712
1293.341875 2888
1293.88875 2312
1294.435625 1936
1294.9825 2252
1295.529375 1916
1296.07625 1800
1296.623125 1948
1297.17 2296
1297.716875 2980
1298.26375 2492
1298.810625 2308
1299.3575 2748
1299.904375 2008
1300.45125 1836
1300.998125 2072
1301.545 2612
1302.091875 1820
1302.63875 2108
1303.185625 1864
1303.7325 1868
1304.279375 2320
1304.82625 2572
1305.373125 2256
1305.92 2420
1306.466875 2656
1307.01375 2448
1307.560625 1828
1308.1075 3016
1308.654375 2388
1309.20125 2576
1309.748125 2560
1310.295 1796
1310.841875 1948
1311.38875 2560
1311.935625 2900
1312.4825 2116
1313.029375 1892
1313.57625 2496
1314.123125 2616
1314.67 2184
1315.216875 1992
1315.76375 1560
1316.310625 1896
1316.8575 1860
1317.404375 2632
1317.95125 2424
1318.498125 1764
1319.045 2740
1319.591875 2360
1320.13875 1828
1320.685625 2012
1321.2325 2840
1321.779375 2164
1322.32625 2012
1322.873125 1844
1323.42 2372
1323.966875 1956
1324.51375 1940
1325.060625 2392
1325.6075 2160
1326.154375 2408
1326.70125 2736
1327.248125 1904
1327.795 2688
1328.341875 2316
1328.88875 2112
1329.435625 2016
1329.9825 2292
1330.529375 2220
1331.07625 1880
1331.623125 2808
1332.17 1564
1332.716875 1808
1333.26375 1676
1333.810625 2356
1334.3575 2644
1334.904375 2404
1335.45125 2036
1335.998125 2844
1336.545 2528
1337.091875 1928
1337.63875 2284
1338.185625 1980
1338.7325 2000
1339.279375 2424
1339.82625 2156
1340.373125 1596
1340.92 2692
1341.466875 1900
1342.01375 2024
1342.560625 2288
1343.1075 2412
1343.654375 2156
1344.20125 2256
1344.748125 2508
1345.295 2928
1345.841875 2072
1346.38875 2396
1346.935625 1840
1347.4825 2540
1348.029375 2260
1348.57625 2472
1349.123125 2388
1349.67 2316
1350.216875 2740
1350.76375 1948
1351.310625 2264
1351.8575 2096
1352.404375 2480
1352.95125 2020
1353.498125 2120
1354.045 3228
1354.591875 2568
1355.13875 2188
1355.685625 2320
1356.2325 1916
1356.779375 2368
1357.32625 2596
1357.873125 2816
1358.42 2064
1358.966875 3164
1359.51375 2516
1360.060625 2524
1360.6075 2812
1361.154375 2308
1361.70125 2580
1362.248125 2040
1362.795 2536
1363.341875 3032
1363.88875 2344
1364.435625 2552
1364.9825 3020
1365.529375 2388
1366.07625 3528
1366.623125 2740
1367.17 2748
1367.716875 2272
1368.26375 2244
1368.810625 2308
1369.3575 3080
1369.904375 2732
1370.45125 2508
1370.998125 2296
1371.545 2616
1372.091875 4172
1372.63875 2612
1373.185625 3444
1373.7325 2440
1374.279375 2312
1374.82625 2676
1375.373125 3088
1375.92 2968
1376.466875 2672
1377.01375 2556
1377.560625 2844
1378.1075 2964
1378.654375 2784
1379.20125 2504
1379.748125 2788
1380.295 2548
1380.841875 3004
1381.38875 2436
1381.935625 2480
1382.4825 2960
1383.029375 2264
1383.57625 3020
1384.123125 2636
1384.67 2876
1385.216875 2888
1385.76375 2384
1386.310625 2980
1386.8575 3060
1387.404375 2984
1387.95125 3352
1388.498125 2652
1389.045 3112
1389.591875 2868
1390.13875 3516
1390.685625 2716
1391.2325 3892
1391.779375 3188
1392.32625 3372
1392.873125 3532
1393.42 3172
1393.966875 3680
1394.51375 2948
1395.060625 4648
1395.6075 3976
1396.154375 2676
1396.70125 3156
1397.248125 3316
1397.795 3600
1398.341875 2660
1398.88875 3676
1399.435625 3100
1399.9825 3584
1400.529375 3012
1401.07625 3288
1401.623125 3796
1402.17 3320
1402.716875 3244
1403.26375 4020
1403.810625 3308
1404.3575 3600
1404.904375 3928
1405.45125 3892
1405.998125 3768
1406.545 3684
1407.091875 3472
1407.63875 3536
1408.185625 4516
1408.7325 4096
1409.279375 4136
1409.82625 3300
1410.373125 3932
1410.92 4564
1411.466875 4520
1412.01375 3612
1412.560625 4700
1413.1075 4628
1413.654375 3976
1414.20125 5212
1414.748125 4284
1415.295 4472
1415.841875 5276
1416.38875 4748
1416.935625 5528
1417.4825 5472
1418.029375 4992
1418.57625 5640
1419.123125 5368
