299.67 -18.4
300.216875 -1.6
300.76375 -2.0
301.310625 15.2
301.8575 11.6
302.404375 3.2
302.95125 14.0
303.498125 22.4
304.045 6.4
304.591875 15.6
305.13875 8.8
305.685625 -9.2
306.2325 4.0
306.779375 -0.8
307.32625 16.0
307.873125 7.6
308.42 -4.0
308.966875 11.6
309.51375 44.8
310.060625 58.8
310.6075 60.8
311.154375 51.6
311.70125 31.2
312.248125 45.6
312.795 49.6
313.341875 56.4
313.88875 64.0
314.435625 28.8
314.9825 -4.8
315.529375 -16.0
316.07625 -15.2
316.623125 10.0
317.17 30.0
317.716875 19.6
318.26375 10.0
318.810625 8.4
319.3575 14.8
319.904375 34.8
320.45125 40.8
320.998125 37.2
321.545 28.4
322.091875 -6.4
322.63875 -2.8
323.185625 -4.8
323.7325 -2.4
324.279375 -11.2
324.82625 -13.6
325.373125 -23.6
325.92 -26.0
326.466875 -26.0
327.01375 -35.2
327.560625 -22.0
328.1075 0.8
328.654375 -10.0
329.20125 -22.4
329.748125 -2.4
330.295 -5.2
330.841875 22.0
331.38875 36.0
331.935625 39.6
332.4825 62.8
333.029375 60.4
333.57625 50.4
334.123125 67.2
334.67 55.2
335.216875 60.0
335.76375 82.4
336.310625 91.2
336.8575 74.4
337.404375 70.0
337.95125 84.4
338.498125 75.2
339.045 52.0
339.591875 47.2
340.13875 51.6
340.685625 60.0
341.2325 45.2
341.779375 23.6
342.32625 33.2
342.873125 45.6
343.42 22.0
343.966875 32.0
344.51375 43.2
345.060625 33.6
345.6075 46.8
346.154375 16.0
346.70125 9.6
347.248125 5.2
347.795 0.0
348.341875 -18.0
348.88875 -11.6
349.435625 -17.6
349.9825 -15.2
350.529375 -5.6
351.07625 -0.4
351.623125 -12.4
352.17 -14.4
352.716875 -23.6
353.26375 -29.2
353.810625 -21.6
354.3575 -40.0
354.904375 -18.0
355.45125 -31.6
355.998125 -49.6
356.545 -76.4
357.091875 -65.6
357.63875 -67.6
358.185625 -41.6
358.7325 -25.2
359.279375 -30.4
359.82625 -23.2
360.373125 -30.8
360.92 -28.4
361.466875 -23.6
362.01375 -11.6
362.560625 -0.4
363.1075 10.8
363.654375 -10.4
364.20125 -38.0
364.748125 -36.8
365.295 -40.0
365.841875 -37.2
366.38875 -39.6
366.935625 -24.4
367.4825 -31.6
368.029375 -19.2
368.57625 -26.0
369.123125 -33.6
369.67 -2.4
370.216875 -12.0
370.76375 12.0
371.310625 4.8
371.8575 4.4
372.404375 -30.0
372.95125 -15.6
373.498125 -43.6
374.045 -32.8
374.591875 -40.0
375.13875 -54.0
375.685625 -54.8
376.2325 -58.4
376.779375 -43.2
377.32625 -55.6
377.873125 -28.0
378.42 -22.8
378.966875 -13.2
379.51375 4.4
380.060625 36.4
380.6075 52.4
381.154375 71.2
381.70125 84.8
382.248125 60.0
382.795 78.0
383.341875 76.8
383.88875 36.4
384.435625 37.2
384.9825 20.4
385.529375 6.0
386.07625 4.8
386.623125 11.2
387.17 4.0
387.716875 20.8
388.26375 31.2
388.810625 49.6
389.3575 94.8
389.904375 100.4
390.45125 89.2
390.998125 104.0
391.545 90.8
392.091875 84.4
392.63875 56.4
393.185625 51.6
393.7325 46.8
394.279375 26.0
394.82625 24.4
395.373125 4.0
395.92 4.0
396.466875 -17.2
397.01375 -11.2
397.560625 -24.4
398.1075 -15.2
398.654375 -19.6
399.20125 -53.2
399.748125 -57.6
400.295 -76.4
400.841875 -68.8
401.38875 -76.4
401.935625 -77.2
402.4825 -88.0
403.029375 -73.2
403.57625 -76.0
404.123125 -54.0
404.67 -23.6
405.216875 -28.0
405.76375 -5.2
406.310625 3.2
406.8575 4.4
407.404375 10.0
407.95125 36.8
408.498125 56.4
409.045 48.0
409.591875 38.4
410.13875 36.0
410.685625 62.4
411.2325 49.6
411.779375 41.2
412.32625 66.4
412.873125 72.4
413.42 37.2
413.966875 6.4
414.51375 34.0
415.060625 40.0
415.6075 37.6
416.154375 31.2
416.70125 22.0
417.248125 23.2
417.795 15.2
418.341875 19.2
418.88875 38.4
419.435625 42.4
419.9825 21.6
420.529375 -11.2
421.07625 -17.6
421.623125 -23.2
422.17 -11.6
422.716875 -3.2
423.26375 3.6
423.810625 6.0
424.3575 16.4
424.904375 31.2
425.45125 55.6
425.998125 74.4
426.545 67.6
427.091875 81.6
427.63875 46.0
428.185625 45.6
428.7325 35.2
429.279375 25.2
429.82625 3.6
430.373125 -6.0
430.92 -11.2
431.466875 -21.6
432.01375 -4.0
432.560625 -21.6
433.1075 -7.2
433.654375 -5.2
434.20125 -1.2
434.748125 -5.2
435.295 6.4
435.841875 3.6
436.38875 -14.0
436.935625 1.2
437.4825 4.8
438.029375 10.0
438.57625 20.4
439.123125 -0.8
439.67 2.8
440.216875 -7.2
440.76375 8.0
441.310625 43.2
441.8575 60.0
442.404375 55.6
442.95125 50.0
443.498125 54.0
444.045 45.2
444.591875 62.8
445.13875 61.2
445.685625 68.8
446.2325 57.6
446.779375 6.8
447.32625 -1.2
447.873125 -9.6
448.42 -6.0
448.966875 1.6
449.51375 13.2
450.060625 10.4
450.6075 3.6
451.154375 26.8
451.70125 34.0
452.248125 46.4
452.795 32.8
453.341875 45.2
453.88875 35.2
454.435625 2.0
454.9825 -0.4
455.529375 -4.8
456.07625 -10.8
456.623125 -22.0
457.17 -19.6
457.716875 -16.0
458.26375 11.2
458.810625 20.4
459.3575 24.8
459.904375 54.8
460.45125 76.8
460.998125 112.8
461.545 147.2
462.091875 250.8
462.63875 507.6
463.185625 991.6
463.7325 1818.8
464.279375 2998.4
464.82625 4362.4
465.373125 5926.4
465.92 7455.6
466.466875 8881.6
467.01375 10129.6
467.560625 11026.8
468.1075 11445.6
468.654375 11433.2
469.20125 10838.0
469.748125 9737.2
470.295 8394.4
470.841875 6810.8
471.38875 5271.2
471.935625 3838.4
472.4825 2564.4
473.029375 1562.0
473.57625 886.4
474.123125 429.6
474.67 188.4
475.216875 98.0
475.76375 83.2
476.310625 104.4
476.8575 102.4
477.404375 95.2
477.95125 104.8
478.498125 92.8
479.045 76.0
479.591875 61.2
480.13875 64.4
480.685625 78.0
481.2325 80.4
481.779375 68.8
482.32625 43.2
482.873125 36.8
483.42 17.6
483.966875 2.0
484.51375 8.0
485.060625 4.4
485.6075 -11.6
486.154375 -16.4
486.70125 -37.6
487.248125 -41.2
487.795 -42.4
488.341875 -36.8
488.88875 -28.4
489.435625 -24.0
489.9825 -35.6
490.529375 -14.4
491.07625 -14.4
491.623125 -20.4
492.17 -17.2
492.716875 -23.2
493.26375 15.2
493.810625 10.8
494.3575 -4.0
494.904375 19.2
495.45125 36.4
495.998125 17.6
496.545 10.0
497.091875 10.0
497.63875 26.8
498.185625 26.8
498.7325 8.0
499.279375 -4.4
499.82625 -3.2
500.373125 -25.6
500.92 -44.8
501.466875 -22.8
502.01375 -3.2
502.560625 -8.4
503.1075 -20.4
503.654375 -5.6
504.20125 1.2
504.748125 4.8
505.295 9.6
505.841875 25.2
506.38875 28.0
506.935625 13.6
507.4825 2.8
508.029375 5.2
508.57625 0.0
509.123125 -26.4
509.67 -28.8
510.216875 -34.0
510.76375 -36.0
511.310625 -30.0
511.8575 -27.2
512.4043750000001 -34.8
512.9512500000001 -34.8
513.4981250000001 -28.0
514.0450000000001 -13.2
514.5918750000001 1.6
515.1387500000001 -2.8
515.6856250000001 -12.8
516.2325000000001 2.4
516.7793750000001 -0.8
517.3262500000001 -2.8
517.8731250000001 10.4
518.4200000000001 31.6
518.9668750000001 20.0
519.5137500000001 27.2
520.0606250000001 38.4
520.6075000000001 55.6
521.1543750000001 61.6
521.7012500000001 52.4
522.2481250000001 48.8
522.7950000000001 45.6
523.3418750000001 31.6
523.8887500000001 22.8
524.4356250000001 19.2
524.9825000000001 5.6
525.5293750000001 -1.2
526.0762500000001 -16.4
526.6231250000001 -15.2
527.1700000000001 -10.0
527.7168750000001 -7.2
528.2637500000001 6.4
528.8106250000001 6.0
529.3575000000001 19.6
529.9043750000001 32.8
530.4512500000001 26.4
530.9981250000001 27.6
531.5450000000001 11.6
532.0918750000001 25.6
532.6387500000001 26.4
533.1856250000001 18.0
533.7325000000001 20.4
534.2793750000001 20.0
534.8262500000001 -0.8
535.3731250000001 10.8
535.9200000000001 4.0
536.4668750000001 1.6
537.0137500000001 18.4
537.5606250000001 20.0
538.1075000000001 12.4
538.6543750000001 20.8
539.2012500000001 24.8
539.7481250000001 36.4
540.2950000000001 27.2
540.8418750000001 10.8
541.3887500000001 36.4
541.9356250000001 19.6
542.4825000000001 22.0
543.0293750000001 -6.4
543.5762500000001 4.8
544.1231250000001 8.0
544.6700000000001 -0.8
545.2168750000001 -12.4
545.7637500000001 -5.2
546.3106250000001 11.2
546.8575000000001 -18.0
547.4043750000001 0.0
547.9512500000001 -5.6
548.4981250000001 7.6
549.0450000000001 -4.0
549.5918750000001 -21.2
550.1387500000001 -35.2
550.6856250000001 -34.8
551.2325000000001 -14.0
551.7793750000001 -33.2
552.3262500000001 -22.8
552.8731250000001 -25.2
553.4200000000001 -26.8
553.9668750000001 -23.6
554.5137500000001 -11.6
555.0606250000001 10.0
555.6075000000001 34.4
556.1543750000001 60.4
556.7012500000001 45.6
557.2481250000001 40.8
557.7950000000001 52.4
558.3418750000001 54.8
558.8887500000001 50.0
559.4356250000001 57.6
559.9825000000001 42.8
560.5293750000001 41.2
561.0762500000001 26.0
561.6231250000001 -0.4
562.1700000000001 6.8
562.7168750000001 30.0
563.2637500000001 30.0
563.8106250000001 20.0
564.3575000000001 26.8
564.9043750000001 13.6
565.4512500000001 25.2
565.9981250000001 18.0
566.5450000000001 25.6
567.0918750000001 30.4
567.6387500000001 22.4
568.1856250000001 0.4
568.7325000000001 6.8
569.2793750000001 10.4
569.8262500000001 14.8
570.3731250000001 6.8
570.9200000000001 16.0
571.4668750000001 34.8
572.0137500000001 37.6
572.5606250000001 33.2
573.1075000000001 41.2
573.6543750000001 53.2
574.2012500000001 46.8
574.7481250000001 66.4
575.2950000000001 54.8
575.8418750000001 96.0
576.3887500000001 64.0
576.9356250000001 44.8
577.4825000000001 21.2
578.0293750000001 29.6
578.5762500000001 20.0
579.1231250000001 16.4
579.6700000000001 2.0
580.2168750000001 -12.4
580.7637500000001 5.6
581.3106250000001 -13.2
581.8575000000001 -3.2
582.4043750000001 8.4
582.9512500000001 28.8
583.4981250000001 29.2
584.0450000000001 36.8
584.5918750000001 26.8
585.1387500000001 40.0
585.6856250000001 42.8
586.2325000000001 36.0
586.7793750000001 26.4
587.3262500000001 25.6
587.8731250000001 15.2
588.4200000000001 18.0
588.9668750000001 18.8
589.5137500000001 11.6
590.0606250000001 2.4
590.6075000000001 -2.0
591.1543750000001 12.8
591.7012500000001 24.4
592.2481250000001 26.8
592.7950000000001 27.2
593.3418750000001 8.0
593.8887500000001 15.2
594.4356250000001 7.2
594.9825000000001 0.8
595.5293750000001 13.6
596.0762500000001 2.8
596.6231250000001 -26.0
597.1700000000001 -54.0
597.7168750000001 -44.0
598.2637500000001 -27.2
598.8106250000001 0.8
599.3575000000001 -18.4
599.9043750000001 -9.2
600.4512500000001 -2.4
600.9981250000001 1.2
601.5450000000001 -2.8
602.0918750000001 6.4
602.6387500000001 16.8
603.1856250000001 5.6
603.7325000000001 7.2
604.2793750000001 -8.4
604.8262500000001 -20.8
605.3731250000001 -22.0
605.9200000000001 -24.4
606.4668750000001 -23.6
607.0137500000001 -21.6
607.5606250000001 -32.8
608.1075000000001 -37.2
608.6543750000001 -18.8
609.2012500000001 -36.4
609.7481250000001 -8.0
610.2950000000001 5.2
610.8418750000001 3.6
611.3887500000001 19.6
611.9356250000001 28.8
612.4825000000001 47.6
613.0293750000001 57.6
613.5762500000001 74.0
614.1231250000001 58.8
614.6700000000001 52.0
615.2168750000001 28.8
615.7637500000001 27.2
616.3106250000001 28.4
616.8575000000001 14.4
617.4043750000001 19.2
617.9512500000001 -1.2
618.4981250000001 26.4
619.0450000000001 10.0
619.5918750000001 19.6
620.1387500000001 35.2
620.6856250000001 54.0
621.2325000000001 65.6
621.7793750000001 48.4
622.3262500000001 42.4
622.8731250000001 34.8
623.4200000000001 35.2
623.9668750000001 14.0
624.5137500000001 30.8
625.0606250000001 19.6
625.6075000000001 21.2
626.1543750000001 20.0
626.7012500000001 15.6
627.2481250000001 39.2
627.7950000000001 22.4
628.3418750000001 18.8
628.8887500000001 29.2
629.4356250000001 10.4
629.9825000000001 -8.4
630.5293750000001 2.8
631.0762500000001 -24.4
631.6231250000001 -34.8
632.1700000000001 -26.8
632.7168750000001 -23.2
633.2637500000001 1.6
633.8106250000001 0.8
634.3575000000001 -7.6
634.9043750000001 13.6
635.4512500000001 26.0
635.9981250000001 35.6
636.5450000000001 49.6
637.0918750000001 45.6
637.6387500000001 32.8
638.1856250000001 10.0
638.7325000000001 14.0
639.2793750000001 14.4
639.8262500000001 25.2
640.3731250000001 16.4
640.9200000000001 9.2
641.4668750000001 5.6
642.0137500000001 0.4
642.5606250000001 -7.6
643.1075000000001 -10.4
643.6543750000001 -18.8
644.2012500000001 -38.4
644.7481250000001 -53.6
645.2950000000001 -54.4
645.8418750000001 -54.4
646.3887500000001 -43.2
646.9356250000001 -40.0
647.4825000000001 -18.4
648.0293750000001 -16.0
648.5762500000001 -0.8
649.1231250000001 26.4
649.6700000000001 32.4
650.2168750000001 57.2
650.7637500000001 75.2
651.3106250000001 79.2
651.8575000000001 58.8
652.4043750000001 62.0
652.9512500000001 55.2
653.4981250000001 45.2
654.0450000000001 40.8
654.5918750000001 38.0
655.1387500000001 57.2
655.6856250000001 41.2
656.2325000000001 34.8
656.7793750000001 23.6
657.3262500000001 24.8
657.8731250000001 -1.2
658.4200000000001 15.2
658.9668750000001 26.0
659.5137500000001 20.8
660.0606250000001 20.4
660.6075000000001 5.6
661.1543750000001 -4.8
661.7012500000001 -15.6
662.2481250000001 5.2
662.7950000000001 -1.2
663.3418750000001 -14.0
663.8887500000001 -36.4
664.4356250000001 -24.4
664.9825000000001 -7.2
665.5293750000001 -22.0
666.0762500000001 -15.6
666.6231250000001 -23.6
667.1700000000001 -10.4
667.7168750000001 -32.4
668.2637500000001 -2.4
668.8106250000001 22.8
669.3575000000001 26.8
669.9043750000001 24.8
670.4512500000001 -3.2
670.9981250000001 4.8
671.5450000000001 14.8
672.0918750000001 48.8
672.6387500000001 35.6
673.1856250000001 51.2
673.7325000000001 51.6
674.2793750000001 41.6
674.8262500000001 39.6
675.3731250000001 53.6
675.9200000000001 76.8
676.4668750000001 73.2
677.0137500000001 77.2
677.5606250000001 74.0
678.1075000000001 59.2
678.6543750000001 35.6
679.2012500000001 20.8
679.7481250000001 5.2
680.2950000000001 10.8
680.8418750000001 -17.2
681.3887500000001 -30.8
681.9356250000001 -25.6
682.4825000000001 -49.6
683.0293750000001 -33.2
683.5762500000001 -26.0
684.1231250000001 -14.0
684.6700000000001 -3.6
685.2168750000001 -2.0
685.7637500000001 3.6
686.3106250000001 22.0
686.8575000000001 18.0
687.4043750000001 -1.6
687.9512500000001 -7.6
688.4981250000001 -38.0
689.0450000000001 -18.0
689.5918750000001 -33.2
690.1387500000001 -43.2
690.6856250000001 -40.4
691.2325000000001 -49.2
691.7793750000001 -60.8
692.3262500000001 -68.8
692.8731250000001 -48.0
693.4200000000001 -54.0
693.9668750000001 -68.0
694.5137500000001 -63.6
695.0606250000001 -33.6
695.6075000000001 -40.8
696.1543750000001 -39.6
696.7012500000001 -36.4
697.2481250000001 -54.0
697.7950000000001 -41.6
698.3418750000001 -53.6
698.8887500000001 -38.0
699.4356250000001 -25.6
699.9825000000001 -40.0
700.5293750000001 -62.0
701.0762500000001 -53.2
701.6231250000001 -48.8
702.1700000000001 -44.0
702.7168750000001 -19.2
703.2637500000001 -3.2
703.8106250000001 10.4
704.3575000000001 6.4
704.9043750000001 4.8
705.4512500000001 0.0
705.9981250000001 19.2
706.5450000000001 10.4
707.0918750000001 38.8
707.6387500000001 32.0
708.1856250000001 28.8
708.7325000000001 20.4
709.2793750000001 10.4
709.8262500000001 28.4
710.3731250000001 37.6
710.9200000000001 35.6
711.4668750000001 35.6
712.0137500000001 50.0
712.5606250000001 38.4
713.1075000000001 37.6
713.6543750000001 33.6
714.2012500000001 20.0
714.7481250000001 19.6
715.2950000000001 0.8
715.8418750000001 -6.4
716.3887500000001 6.4
716.9356250000001 2.4
717.4825000000001 -1.2
718.0293750000001 -24.4
718.5762500000001 -33.2
719.1231250000001 -39.6
719.6700000000001 -30.8
720.2168750000001 -28.0
720.7637500000001 -18.0
721.3106250000001 3.2
721.8575000000001 -20.4
722.4043750000001 -22.8
722.9512500000001 -17.2
723.4981250000001 -4.8
724.0450000000001 5.6
724.5918750000001 -4.0
725.1387500000001 -12.0
725.6856250000001 13.6
726.2325000000001 1.6
726.7793750000001 -18.4
727.3262500000001 -36.4
727.8731250000001 -40.0
728.4200000000001 -49.2
728.9668750000001 -45.2
729.5137500000001 -44.0
730.0606250000001 -20.0
730.6075000000001 -5.2
731.1543750000001 -27.2
731.7012500000001 -30.4
732.2481250000001 -28.0
732.7950000000001 4.4
733.3418750000001 3.6
733.8887500000001 10.4
734.4356250000001 -17.6
734.9825000000001 -9.6
735.5293750000001 -13.6
736.0762500000001 -41.2
736.6231250000001 -40.4
737.1700000000001 -28.4
737.7168750000001 -36.4
738.2637500000001 -44.8
738.8106250000001 -30.4
739.3575000000001 -62.4
739.9043750000001 -39.2
740.4512500000001 -49.2
740.9981250000001 -62.8
741.5450000000001 -46.4
742.0918750000001 -56.8
742.6387500000001 -44.8
743.1856250000001 -9.6
743.7325000000001 8.0
744.2793750000001 8.8
744.8262500000001 26.8
745.3731250000001 40.4
745.9200000000001 46.0
746.4668750000001 53.6
747.0137500000001 66.8
747.5606250000001 66.0
748.1075000000001 52.0
748.6543750000001 26.8
749.2012500000001 18.4
749.7481250000001 2.8
750.2950000000001 -0.8
750.8418750000001 -16.0
751.3887500000001 -29.2
751.9356250000001 -23.6
752.4825000000001 -53.6
753.0293750000001 -19.2
753.5762500000001 -16.8
754.1231250000001 -15.2
754.6700000000001 -32.4
755.2168750000001 -15.2
755.7637500000001 6.8
756.3106250000001 18.4
756.8575000000001 27.2
757.4043750000001 20.4
757.9512500000001 46.0
758.4981250000001 22.4
759.0450000000001 19.6
759.5918750000001 14.8
760.1387500000001 27.2
760.6856250000001 30.0
761.2325000000001 14.4
761.7793750000001 13.2
762.3262500000001 6.4
762.8731250000001 27.2
763.4200000000001 3.2
763.9668750000001 4.4
764.5137500000001 -5.2
765.0606250000001 5.2
765.6075000000001 9.2
766.1543750000001 10.4
766.7012500000001 32.0
767.2481250000001 19.2
767.7950000000001 18.0
768.3418750000001 -6.8
768.8887500000001 20.4
769.4356250000001 7.2
769.9825000000001 8.4
770.5293750000001 -12.4
771.0762500000001 0.4
771.6231250000001 2.4
772.1700000000001 -22.8
772.7168750000001 -20.0
773.2637500000001 -35.2
773.8106250000001 -17.2
774.3575000000001 -26.0
774.9043750000001 -22.4
775.4512500000001 -7.6
775.9981250000001 -3.2
776.5450000000001 -17.6
777.0918750000001 -42.4
777.6387500000001 -42.8
778.1856250000001 -53.2
778.7325000000001 -24.0
779.2793750000001 -42.4
779.8262500000001 -41.2
780.3731250000001 -42.8
780.9200000000001 -66.4
781.4668750000001 -66.0
782.0137500000001 -66.0
782.5606250000001 -52.0
783.1075000000001 -56.4
783.6543750000001 -53.2
784.2012500000001 -59.6
784.7481250000001 -43.2
785.2950000000001 -50.8
785.8418750000001 -61.2
786.3887500000001 -28.4
786.9356250000001 -20.8
787.4825000000001 -33.6
788.0293750000001 -35.6
788.5762500000001 -14.0
789.1231250000001 3.2
789.6700000000001 -6.8
790.2168750000001 -18.8
790.7637500000001 -19.6
791.3106250000001 2.0
791.8575000000001 -1.6
792.4043750000001 8.4
792.9512500000001 28.0
793.4981250000001 19.6
794.0450000000001 12.4
794.5918750000001 -2.4
795.1387500000001 -5.2
795.6856250000001 -14.4
796.2325000000001 -11.2
796.7793750000001 -12.8
797.3262500000001 -22.0
797.8731250000001 -18.4
798.4200000000001 -14.4
798.9668750000001 -22.4
799.5137500000001 -1.6
800.0606250000001 -1.2
800.6075000000001 3.2
801.1543750000001 18.4
801.7012500000001 12.0
802.2481250000001 7.2
802.7950000000001 1.2
803.3418750000001 -19.6
803.8887500000001 -12.8
804.4356250000001 -0.8
804.9825000000001 -11.6
805.5293750000001 2.0
806.0762500000001 12.8
806.6231250000001 15.6
807.1700000000001 35.2
807.7168750000001 31.6
808.2637500000001 38.8
808.8106250000001 66.8
809.3575000000001 35.2
809.9043750000001 26.4
810.4512500000001 20.0
810.9981250000001 -8.0
811.5450000000001 -21.6
812.0918750000001 -42.8
812.6387500000001 -50.0
813.1856250000001 -33.6
813.7325000000001 -31.2
814.2793750000001 -48.4
814.8262500000001 -27.6
815.3731250000001 -14.4
815.9200000000001 -25.2
816.4668750000001 18.4
817.0137500000001 35.2
817.5606250000001 44.8
818.1075000000001 56.0
818.6543750000001 47.6
819.2012500000001 36.0
819.7481250000001 26.0
820.2950000000001 24.0
820.8418750000001 7.6
821.3887500000001 21.6
821.9356250000001 -2.4
822.4825000000001 -18.0
823.0293750000001 -12.0
823.5762500000001 -18.8
824.1231250000001 -10.8
824.6700000000001 -3.6
825.2168750000001 19.2
825.7637500000001 19.6
826.3106250000001 37.2
826.8575000000001 14.4
827.4043750000001 19.6
827.9512500000001 28.4
828.4981250000001 26.0
829.0450000000001 14.0
829.5918750000001 -4.8
830.1387500000001 0.0
830.6856250000001 -1.6
831.2325000000001 -2.8
831.7793750000001 -13.2
832.3262500000001 -6.8
832.8731250000001 -17.6
833.4200000000001 -6.0
833.9668750000001 8.4
834.5137500000001 20.0
835.0606250000001 25.2
835.6075000000001 18.4
836.1543750000001 -1.2
836.7012500000001 -20.8
837.2481250000001 -21.6
837.7950000000001 -16.8
838.3418750000001 -21.2
838.8887500000001 -42.8
839.4356250000001 -62.4
839.9825000000001 -85.6
840.5293750000001 -77.2
841.0762500000001 -84.8
841.6231250000001 -80.0
842.1700000000001 -74.8
842.7168750000001 -62.4
843.2637500000001 -55.2
843.8106250000001 -47.2
844.3575000000001 -34.4
844.9043750000001 -13.6
845.4512500000001 7.2
845.9981250000001 16.4
846.5450000000001 32.8
847.0918750000001 20.4
847.6387500000001 24.4
848.1856250000001 -14.4
848.7325000000001 -19.2
849.2793750000001 0.4
849.8262500000001 6.4
850.3731250000001 -8.0
850.9200000000001 -26.4
851.4668750000001 -52.0
852.0137500000001 -50.0
852.5606250000001 -22.4
853.1075000000001 -11.2
853.6543750000001 24.4
854.2012500000001 38.4
854.7481250000001 24.4
855.2950000000001 2.0
855.8418750000001 -7.6
856.3887500000001 15.6
856.9356250000001 16.8
857.4825000000001 3.2
858.0293750000001 1.2
858.5762500000001 -19.2
859.1231250000001 -27.6
859.6700000000001 -29.6
860.2168750000001 -29.6
860.7637500000001 -9.6
861.3106250000001 21.2
861.8575000000001 3.2
862.4043750000001 20.8
862.9512500000001 21.6
863.4981250000001 15.6
864.0450000000001 27.6
864.5918750000001 28.0
865.1387500000001 36.0
865.6856250000001 57.2
866.2325000000001 46.4
866.7793750000001 50.0
867.3262500000001 60.8
867.8731250000001 49.2
868.4200000000001 47.6
868.9668750000001 46.0
869.5137500000001 52.4
870.0606250000001 45.6
870.6075000000001 16.4
871.1543750000001 2.0
871.7012500000001 9.2
872.2481250000001 -34.8
872.7950000000001 -22.0
873.3418750000001 -19.2
873.8887500000001 5.2
874.4356250000001 -22.8
874.9825000000001 -40.0
875.5293750000001 -44.0
876.0762500000001 -50.4
876.6231250000001 -62.0
877.1700000000001 -48.0
877.7168750000001 -5.2
878.2637500000001 0.0
878.8106250000001 -2.4
879.3575000000001 -8.8
879.9043750000001 13.2
880.4512500000001 31.2
880.9981250000001 38.0
881.5450000000001 68.8
882.0918750000001 82.4
882.6387500000001 72.4
883.1856250000001 65.2
883.7325000000001 34.0
884.2793750000001 47.2
884.8262500000001 35.2
885.3731250000001 42.4
885.9200000000001 31.2
886.4668750000001 52.4
887.0137500000001 54.0
887.5606250000001 32.0
888.1075000000001 22.4
888.6543750000001 -5.6
889.2012500000001 4.0
889.7481250000001 -13.6
890.2950000000001 6.0
890.8418750000001 -0.8
891.3887500000001 -2.0
891.9356250000001 -27.2
892.4825000000001 -56.0
893.0293750000001 -32.0
893.5762500000001 -33.2
894.1231250000001 -17.2
894.6700000000001 -26.4
895.2168750000001 -20.4
895.7637500000001 -38.8
896.3106250000001 -43.2
896.8575000000001 -21.6
897.4043750000001 -2.8
897.9512500000001 19.2
898.4981250000001 11.2
899.0450000000001 6.8
899.5918750000001 16.4
900.1387500000001 36.0
900.6856250000001 28.0
901.2325000000001 35.2
901.7793750000001 34.4
902.3262500000001 13.6
902.8731250000001 7.6
903.4200000000001 -9.2
903.9668750000001 0.4
904.5137500000001 -10.4
905.0606250000001 -11.2
905.6075000000001 -15.2
906.1543750000001 -15.2
906.7012500000001 -26.8
907.2481250000001 -24.0
907.7950000000001 -2.4
908.3418750000001 -10.0
908.8887500000001 16.0
909.4356250000001 -7.6
909.9825000000001 6.0
910.5293750000001 8.8
911.0762500000001 4.8
911.6231250000001 45.2
912.1700000000001 52.8
912.7168750000001 57.6
913.2637500000001 37.6
913.8106250000001 52.0
914.3575000000001 29.6
914.9043750000001 41.6
915.4512500000001 39.6
915.9981250000001 28.0
916.5450000000001 14.4
917.0918750000001 -20.4
917.6387500000001 -40.8
918.1856250000001 -52.4
918.7325000000001 -54.4
919.2793750000001 -47.6
919.8262500000001 -37.6
920.3731250000001 -39.2
920.9200000000001 -18.0
921.4668750000001 -26.4
922.0137500000001 -13.6
922.5606250000001 -18.4
923.1075000000001 0.4
923.6543750000001 14.8
924.2012500000001 14.4
924.7481250000001 -13.6
925.2950000000001 -5.2
925.8418750000001 -7.6
926.3887500000001 -6.4
926.9356250000001 4.8
927.4825000000001 7.6
928.0293750000001 15.2
928.5762500000001 -2.0
929.1231250000001 -7.6
929.6700000000001 -4.8
930.2168750000001 -4.8
930.7637500000001 -25.2
931.3106250000001 -38.8
931.8575000000001 -66.8
932.4043750000001 -54.8
932.9512500000001 -61.2
933.4981250000001 -57.6
934.0450000000001 -36.8
934.5918750000001 -44.0
935.1387500000001 -43.6
935.6856250000001 -19.2
936.2325000000001 -4.0
936.7793750000001 0.8
937.3262500000001 14.8
937.8731250000001 -17.6
938.4200000000001 -18.0
938.9668750000001 -3.2
939.5137500000001 1.6
940.0606250000001 0.8
940.6075000000001 7.2
941.1543750000001 1.2
941.7012500000001 8.0
942.2481250000001 1.6
942.7950000000001 11.6
943.3418750000001 20.8
943.8887500000001 35.2
944.4356250000001 14.4
944.9825000000001 -9.2
945.5293750000001 6.0
946.0762500000001 2.0
946.6231250000001 -10.0
947.1700000000001 -17.2
947.7168750000001 -6.8
948.2637500000001 -9.6
948.8106250000001 2.4
949.3575000000001 -2.4
949.9043750000001 2.4
950.4512500000001 10.8
950.9981250000001 3.6
951.5450000000001 15.6
952.0918750000001 38.4
952.6387500000001 48.4
953.1856250000001 49.6
953.7325000000001 57.6
954.2793750000001 47.6
954.8262500000001 40.0
955.3731250000001 37.6
955.9200000000001 37.2
956.4668750000001 26.0
957.0137500000001 19.2
957.5606250000001 14.0
958.1075000000001 0.4
958.6543750000001 -3.6
959.2012500000001 -33.6
959.7481250000001 -50.0
960.2950000000001 -54.8
960.8418750000001 -52.8
961.3887500000001 -34.8
961.9356250000001 -32.0
962.4825000000001 -36.8
963.0293750000001 -48.8
963.5762500000001 -63.2
964.1231250000001 -62.0
964.6700000000001 -56.4
965.2168750000001 -36.4
965.7637500000001 -26.0
966.3106250000001 -32.0
966.8575000000001 -52.4
967.4043750000001 -50.0
967.9512500000001 -38.4
968.4981250000001 -36.0
969.0450000000001 -19.6
969.5918750000001 -32.4
970.1387500000001 -36.4
970.6856250000001 -30.0
971.2325000000001 -29.6
971.7793750000001 -36.0
972.3262500000001 -32.0
972.8731250000001 -5.2
973.4200000000001 -15.2
973.9668750000001 -11.6
974.5137500000001 -19.2
975.0606250000001 -4.8
975.6075000000001 22.4
976.1543750000001 -0.8
976.7012500000001 1.2
977.2481250000001 23.2
977.7950000000001 30.0
978.3418750000001 -4.8
978.8887500000001 10.4
979.4356250000001 4.0
979.9825000000001 -7.6
980.5293750000001 0.0
981.0762500000001 -6.8
981.6231250000001 26.4
982.1700000000001 12.0
982.7168750000001 16.8
983.2637500000001 5.6
983.8106250000001 13.2
984.3575000000001 -4.4
984.9043750000001 -5.2
985.4512500000001 12.8
985.9981250000001 1.6
986.5450000000001 -12.8
987.0918750000001 -27.6
987.6387500000001 -4.4
988.1856250000001 -16.4
988.7325000000001 -15.2
989.2793750000001 4.4
989.8262500000001 18.0
990.3731250000001 4.4
990.9200000000001 -4.4
991.4668750000001 20.0
992.0137500000001 25.2
992.5606250000001 20.4
993.1075000000001 2.8
993.6543750000001 -12.0
994.2012500000001 -2.8
994.7481250000001 -22.0
995.2950000000001 -31.6
995.8418750000001 -2.8
996.3887500000001 12.0
996.9356250000001 -3.2
997.4825000000001 -12.0
998.0293750000001 -24.0
998.5762500000001 -16.0
999.1231250000001 -14.4
999.6700000000001 -5.6
1000.2168750000001 16.0
1000.7637500000001 27.2
1001.3106250000001 3.6
1001.8575000000001 -4.0
1002.4043750000001 -3.2
1002.9512500000001 2.8
1003.4981250000001 4.8
1004.0450000000001 2.4
1004.5918750000001 10.4
1005.1387500000001 -8.8
1005.6856250000001 -28.8
1006.2325000000001 -35.6
1006.7793750000001 -18.8
1007.3262500000001 0.8
1007.8731250000001 6.0
1008.4200000000001 4.4
1008.9668750000001 34.4
1009.5137500000001 31.2
1010.0606250000001 21.6
1010.6075000000001 12.4
1011.1543750000001 16.8
1011.7012500000001 12.8
1012.2481250000001 10.8
1012.7950000000001 -21.6
1013.3418750000001 -32.0
1013.8887500000001 -31.2
1014.4356250000001 -31.6
1014.9825000000001 -28.0
1015.5293750000001 -0.4
1016.0762500000001 16.0
1016.6231250000001 15.6
1017.1700000000001 14.0
1017.7168750000001 14.8
1018.2637500000001 31.2
1018.8106250000001 31.2
1019.3575000000001 34.0
1019.9043750000001 27.6
1020.4512500000001 43.2
1020.9981250000001 14.8
1021.5450000000001 6.0
1022.0918750000001 -14.0
1022.6387500000001 -2.0
1023.1856250000001 -10.0
1023.7325000000001 -19.2
1024.279375 -19.2
1024.82625 -14.8
1025.373125 -16.8
1025.92 -47.6
1026.466875 -42.0
1027.01375 -49.2
1027.560625 -34.0
1028.1075 -64.4
1028.654375 -55.2
1029.20125 -38.8
1029.748125 -28.4
1030.295 -36.8
1030.841875 -28.0
1031.38875 -25.6
1031.935625 -6.8
1032.4825 -1.2
1033.029375 4.8
1033.57625 32.8
1034.123125 22.4
1034.67 10.0
1035.216875 3.6
1035.76375 12.4
1036.310625 0.0
1036.8575 14.0
1037.404375 14.8
1037.95125 16.4
1038.498125 18.4
1039.045 14.0
1039.591875 20.8
1040.13875 14.8
1040.685625 8.0
1041.2325 12.4
1041.779375 6.4
1042.32625 -2.0
1042.873125 -8.0
1043.42 -15.2
1043.966875 -4.4
1044.51375 -12.0
1045.060625 -4.8
1045.6075 -3.6
1046.154375 -0.8
1046.70125 -5.2
1047.248125 -2.0
1047.795 0.4
1048.341875 -16.4
1048.88875 -21.2
1049.435625 -42.0
1049.9825 -60.0
1050.529375 -71.6
1051.07625 -62.8
1051.623125 -53.2
1052.17 -62.0
1052.716875 -62.4
1053.26375 -54.8
1053.810625 -46.0
1054.3575 -17.6
1054.904375 -7.6
1055.45125 30.4
1055.998125 28.4
1056.545 8.4
1057.091875 -17.6
1057.63875 -22.4
1058.185625 -12.4
1058.7325 -14.4
1059.279375 -22.0
1059.82625 -37.6
1060.373125 -50.0
1060.92 -53.2
1061.466875 -40.0
1062.01375 -18.0
1062.560625 1.6
1063.1075 13.2
1063.654375 8.8
1064.20125 9.6
1064.748125 2.0
1065.295 6.8
1065.841875 20.0
1066.38875 0.8
1066.935625 15.6
1067.4825 -1.6
1068.029375 -6.8
1068.57625 -24.0
1069.123125 -26.0
1069.67 -32.8
1070.216875 -30.4
1070.76375 -28.8
1071.310625 -34.4
1071.8575 -20.4
1072.404375 -32.8
1072.95125 -46.0
1073.498125 -48.4
1074.045 -28.0
1074.591875 -44.8
1075.13875 -27.2
1075.685625 -26.4
1076.2325 -25.2
1076.779375 -37.6
1077.32625 -33.2
1077.873125 -30.0
1078.42 -26.4
1078.966875 -22.4
1079.51375 -12.0
1080.060625 0.8
1080.6075 -13.2
1081.154375 9.6
1081.70125 32.8
1082.248125 46.4
1082.795 30.8
1083.341875 7.6
1083.88875 37.2
1084.435625 40.8
1084.9825 36.0
1085.529375 24.4
1086.07625 13.6
1086.623125 9.2
1087.17 -4.4
1087.716875 2.4
1088.26375 16.0
1088.810625 32.0
1089.3575 26.8
1089.904375 37.6
1090.45125 36.0
1090.998125 50.8
1091.545 66.8
1092.091875 48.8
1092.63875 68.8
1093.185625 78.8
1093.7325 73.2
1094.279375 72.8
1094.82625 78.4
1095.373125 72.8
1095.92 70.4
1096.466875 68.4
1097.01375 61.6
1097.560625 72.8
1098.1075 37.6
1098.654375 30.0
1099.20125 22.4
1099.748125 24.8
1100.295 -2.0
1100.841875 -24.4
1101.38875 -31.2
1101.935625 -32.0
1102.4825 -33.6
1103.029375 -52.8
1103.57625 -49.2
1104.123125 -62.4
1104.67 -62.4
1105.216875 -69.6
1105.76375 -71.2
1106.310625 -44.8
1106.8575 -56.4
1107.404375 -70.8
1107.95125 -86.0
1108.498125 -56.8
1109.045 -54.0
1109.591875 -68.4
1110.13875 -58.4
1110.685625 -56.8
1111.2325 -32.4
1111.779375 -36.8
1112.32625 -29.2
1112.873125 -13.2
1113.42 -1.6
1113.966875 2.0
1114.51375 6.4
1115.060625 32.0
1115.6075 25.2
1116.154375 30.4
1116.70125 29.6
1117.248125 21.6
1117.795 22.0
1118.341875 40.8
1118.88875 31.6
1119.435625 34.0
1119.9825 23.6
1120.529375 26.8
1121.07625 5.6
1121.623125 25.2
1122.17 12.8
1122.716875 14.8
1123.26375 16.4
1123.810625 -27.6
1124.3575 -5.2
1124.904375 -2.4
1125.45125 29.2
1125.998125 28.4
1126.545 47.2
1127.091875 29.6
1127.63875 44.0
1128.185625 49.2
1128.7325 66.8
1129.279375 71.2
1129.82625 77.2
1130.373125 68.4
1130.92 35.6
1131.466875 32.0
1132.01375 45.6
1132.560625 42.8
1133.1075 30.8
1133.654375 32.8
1134.20125 12.0
1134.748125 31.6
1135.295 3.6
1135.841875 -8.8
1136.38875 -7.2
1136.935625 1.6
1137.4825 -5.2
1138.029375 -25.6
1138.57625 -14.4
1139.123125 -17.6
1139.67 -6.0
1140.216875 -27.2
1140.76375 4.8
1141.310625 11.2
1141.8575 13.6
1142.404375 -2.8
1142.95125 -9.2
1143.498125 17.6
1144.045 1.6
1144.591875 0.0
1145.13875 -0.4
1145.685625 20.0
1146.2325 2.0
1146.779375 10.4
1147.32625 -16.4
1147.873125 6.8
1148.42 9.6
1148.966875 -5.2
1149.51375 -10.4
1150.060625 -9.2
1150.6075 -14.4
1151.154375 -30.8
1151.70125 -6.8
1152.248125 -3.2
1152.795 34.0
1153.341875 17.6
1153.88875 30.8
1154.435625 33.2
1154.9825 50.4
1155.529375 50.4
1156.07625 64.0
1156.623125 82.4
1157.17 53.2
1157.716875 49.2
1158.26375 44.4
1158.810625 66.4
1159.3575 62.8
1159.904375 54.0
1160.45125 39.2
1160.998125 16.4
1161.545 -24.4
1162.091875 -24.4
1162.63875 -21.2
1163.185625 -22.4
1163.7325 -25.6
1164.279375 -24.8
1164.82625 -33.6
1165.373125 -26.0
1165.92 -8.0
1166.466875 17.2
1167.01375 49.6
1167.560625 79.6
1168.1075 90.8
1168.654375 90.4
1169.20125 99.2
1169.748125 88.0
1170.295 74.4
1170.841875 75.6
1171.38875 81.6
1171.935625 78.0
1172.4825 65.2
1173.029375 30.4
1173.57625 26.8
1174.123125 14.4
1174.67 -7.2
1175.216875 -18.8
1175.76375 7.2
1176.310625 13.2
1176.8575 9.6
1177.404375 11.6
1177.95125 26.4
1178.498125 26.8
1179.045 17.6
1179.591875 24.4
1180.13875 40.4
1180.685625 50.8
1181.2325 31.6
1181.779375 33.6
1182.32625 20.8
1182.873125 27.6
1183.42 1.6
1183.966875 6.8
1184.51375 10.8
1185.060625 11.6
1185.6075 -6.8
1186.154375 -13.2
1186.70125 2.4
1187.248125 -5.6
1187.795 -19.6
1188.341875 -34.8
1188.88875 -17.2
1189.435625 -18.4
1189.9825 -6.4
1190.529375 6.8
1191.07625 9.2
1191.623125 10.4
1192.17 -0.4
1192.716875 -18.8
1193.26375 -8.8
1193.810625 -2.8
1194.3575 12.4
1194.904375 6.0
1195.45125 -4.8
1195.998125 -33.6
1196.545 -20.0
1197.091875 -14.4
1197.63875 -20.4
1198.185625 14.4
1198.7325 29.6
1199.279375 22.4
1199.82625 0.0
1200.373125 14.4
1200.92 14.8
1201.466875 30.4
1202.01375 16.8
1202.560625 8.0
1203.1075 7.6
1203.654375 -14.4
1204.20125 -17.2
1204.748125 -8.8
1205.295 -2.4
1205.841875 -9.2
1206.38875 -21.2
1206.935625 -19.2
1207.4825 -12.8
1208.029375 -13.6
1208.57625 -6.0
1209.123125 -7.2
1209.67 0.8
1210.216875 10.8
1210.76375 7.6
1211.310625 -9.6
1211.8575 -2.4
1212.404375 -14.4
1212.95125 1.2
1213.498125 8.8
1214.045 -6.4
1214.591875 8.0
1215.13875 -5.2
1215.685625 -10.0
1216.2325 -6.8
1216.779375 -3.6
1217.32625 2.8
1217.873125 4.4
1218.42 0.4
1218.966875 -18.4
1219.51375 -3.2
1220.060625 -12.8
1220.6075 -5.6
1221.154375 -17.6
1221.70125 -35.6
1222.248125 -34.4
1222.795 -36.8
1223.341875 -19.6
1223.88875 -9.2
1224.435625 -3.2
1224.9825 1.2
1225.529375 9.2
1226.07625 -10.0
1226.623125 -6.8
1227.17 16.0
1227.716875 31.2
1228.26375 46.0
1228.810625 10.0
1229.3575 -9.6
1229.904375 -12.0
1230.45125 -15.6
1230.998125 -19.6
1231.545 -17.6
1232.091875 1.6
1232.63875 -8.4
1233.185625 -2.0
1233.7325 -24.4
1234.279375 -6.8
1234.82625 -1.6
1235.373125 -14.8
1235.92 -27.2
1236.466875 -36.0
1237.01375 -17.6
1237.560625 -23.6
1238.1075 -8.0
1238.654375 -26.4
1239.20125 -24.0
1239.748125 -21.6
1240.295 -15.6
1240.841875 22.8
1241.38875 28.0
1241.935625 38.8
1242.4825 35.6
1243.029375 30.8
1243.57625 12.4
1244.123125 3.6
1244.67 0.0
1245.216875 -0.4
1245.76375 6.8
1246.310625 -32.4
1246.8575 -30.4
1247.404375 -25.6
1247.95125 -22.0
1248.498125 -20.0
1249.045 -21.2
1249.591875 -2.8
1250.13875 12.4
1250.685625 21.6
1251.2325 9.6
1251.779375 23.6
1252.32625 36.8
1252.873125 28.4
1253.42 15.2
1253.966875 11.2
1254.51375 12.4
1255.060625 18.4
1255.6075 -6.8
1256.154375 -2.8
1256.70125 -19.6
1257.248125 -19.6
1257.795 -16.8
1258.341875 -11.2
1258.88875 17.2
1259.435625 -2.0
1259.9825 6.8
1260.529375 -28.8
1261.07625 4.0
1261.623125 -17.6
1262.17 0.4
1262.716875 7.2
1263.26375 2.4
1263.810625 -15.6
1264.3575 -38.8
1264.904375 -12.4
1265.45125 -15.2
1265.998125 8.0
1266.545 -2.4
1267.091875 35.2
1267.63875 27.6
1268.185625 23.2
1268.7325 9.2
1269.279375 33.6
1269.82625 24.0
1270.373125 6.4
1270.92 10.4
1271.466875 18.8
1272.01375 14.4
1272.560625 -6.8
1273.1075 8.0
1273.654375 10.0
1274.20125 23.2
1274.748125 24.0
1275.295 32.8
1275.841875 46.0
1276.38875 32.8
1276.935625 26.8
1277.4825 18.0
1278.029375 9.6
1278.57625 26.0
1279.123125 28.8
1279.67 34.0
1280.216875 22.0
1280.76375 24.0
1281.310625 13.2
1281.8575 20.4
1282.404375 6.8
1282.95125 28.0
1283.498125 36.4
1284.045 26.4
1284.591875 34.0
1285.13875 20.0
1285.685625 25.2
1286.2325 27.2
1286.779375 32.0
1287.32625 37.6
1287.873125 64.8
1288.42 47.2
1288.966875 57.6
1289.51375 49.6
1290.060625 12.4
1290.6075 36.4
1291.154375 24.0
1291.70125 28.8
1292.248125 25.2
1292.795 42.0
1293.341875 54.4
1293.88875 52.0
1294.435625 56.8
1294.9825 45.2
1295.529375 72.8
1296.07625 69.6
1296.623125 60.0
1297.17 58.4
1297.716875 79.2
1298.26375 85.2
1298.810625 60.0
1299.3575 56.0
1299.904375 36.8
1300.45125 72.4
1300.998125 84.0
1301.545 46.0
1302.091875 60.4
1302.63875 64.0
1303.185625 80.8
1303.7325 56.0
1304.279375 55.6
1304.82625 57.6
1305.373125 53.6
1305.92 25.6
1306.466875 16.4
1307.01375 42.8
1307.560625 28.4
1308.1075 31.2
1308.654375 -16.4
1309.20125 -21.2
1309.748125 -12.0
1310.295 -4.8
1310.841875 -5.2
1311.38875 -19.2
1311.935625 -37.2
1312.4825 -44.8
1313.029375 -15.6
1313.57625 -14.0
1314.123125 -7.6
1314.67 -13.2
1315.216875 -3.6
1315.76375 -2.8
1316.310625 -7.6
1316.8575 -4.4
1317.404375 15.2
1317.95125 30.0
1318.498125 10.0
1319.045 -14.8
1319.591875 -4.0
1320.13875 18.8
1320.685625 3.2
1321.2325 8.0
1321.779375 3.2
1322.32625 11.6
1322.873125 0.8
1323.42 -24.0
1323.966875 -32.8
1324.51375 -12.4
1325.060625 -17.6
1325.6075 -22.0
1326.154375 -14.0
1326.70125 -22.0
1327.248125 12.0
1327.795 7.6
1328.341875 17.2
1328.88875 42.4
1329.435625 56.4
1329.9825 47.2
1330.529375 60.8
1331.07625 46.8
1331.623125 28.0
1332.17 40.8
1332.716875 21.2
1333.26375 23.6
1333.810625 21.2
1334.3575 12.4
1334.904375 13.6
1335.45125 16.4
1335.998125 -12.8
1336.545 -10.8
1337.091875 17.2
1337.63875 26.0
1338.185625 11.2
1338.7325 21.6
1339.279375 -5.2
1339.82625 -16.4
1340.373125 -32.8
1340.92 -33.6
1341.466875 -32.8
1342.01375 -27.6
1342.560625 -64.8
1343.1075 -69.2
1343.654375 -57.6
1344.20125 -87.2
1344.748125 -49.2
1345.295 -48.4
1345.841875 -32.0
1346.38875 -27.6
1346.935625 -26.4
1347.4825 -19.2
1348.029375 3.6
1348.57625 -27.2
1349.123125 -18.8
1349.67 2.0
1350.216875 -11.6
1350.76375 -2.4
1351.310625 12.8
1351.8575 10.4
1352.404375 27.2
1352.95125 -17.6
1353.498125 -17.2
1354.045 -28.8
1354.591875 -49.6
1355.13875 -48.4
1355.685625 -22.8
1356.2325 -19.6
1356.779375 -30.8
1357.32625 -17.2
1357.873125 -4.0
1358.42 26.4
1358.966875 29.6
1359.51375 68.8
1360.060625 80.4
1360.6075 79.2
1361.154375 44.0
1361.70125 25.2
1362.248125 16.0
1362.795 8.4
1363.341875 -2.0
1363.88875 13.6
1364.435625 -6.4
1364.9825 -1.6
1365.529375 -10.8
1366.07625 -6.4
1366.623125 10.4
1367.17 18.0
1367.716875 21.2
1368.26375 19.2
1368.810625 6.4
1369.3575 -22.8
1369.904375 -14.8
1370.45125 -36.4
1370.998125 -19.6
1371.545 -12.8
1372.091875 -6.8
1372.63875 -24.0
1373.185625 -16.0
1373.7325 -26.4
1374.279375 -10.0
1374.82625 -0.8
1375.373125 12.8
1375.92 31.2
1376.466875 46.0
1377.01375 40.8
1377.560625 60.4
1378.1075 76.4
1378.654375 62.8
1379.20125 82.4
1379.748125 66.8
1380.295 63.6
1380.841875 73.6
1381.38875 58.0
1381.935625 38.8
1382.4825 22.8
1383.029375 -21.2
1383.57625 -16.0
1384.123125 10.8
1384.67 19.2
1385.216875 13.6
1385.76375 13.6
1386.310625 -13.6
1386.8575 -18.0
1387.404375 -17.2
1387.95125 -5.6
1388.498125 38.8
1389.045 21.6
1389.591875 -5.2
1390.13875 -53.2
1390.685625 -49.2
1391.2325 -22.4
1391.779375 -2.4
1392.32625 6.8
1392.873125 8.4
1393.42 24.8
1393.966875 -38.0
1394.51375 1.2
1395.060625 5.6
1395.6075 18.0
1396.154375 37.2
1396.70125 53.2
1397.248125 40.4
1397.795 42.0
1398.341875 48.0
1398.88875 20.8
1399.435625 50.4
1399.9825 19.6
1400.529375 17.6
1401.07625 8.4
1401.623125 -7.6
1402.17 -20.8
1402.716875 -9.6
1403.26375 3.6
1403.810625 7.6
1404.3575 39.6
1404.904375 50.8
1405.45125 37.6
1405.998125 16.8
1406.545 33.2
1407.091875 31.2
1407.63875 -1.2
1408.185625 -1.2
1408.7325 -17.2
1409.279375 -52.4
1409.82625 -56.8
1410.373125 -72.0
1410.92 -43.2
1411.466875 -6.4
1412.01375 19.2
1412.560625 13.6
1413.1075 56.0
1413.654375 69.6
