299.67 2284
300.216875 1996
300.76375 2304
301.310625 3216
301.8575 2376
302.404375 2500
302.95125 1764
303.498125 2088
304.045 1512
304.591875 2132
305.13875 2724
305.685625 2056
306.2325 2732
306.779375 3124
307.32625 2808
307.873125 2704
308.42 3224
308.966875 2252
309.51375 2216
310.060625 1764
310.6075 2152
311.154375 2228
311.70125 2136
312.248125 2428
312.795 3656
313.341875 1848
313.88875 3936
314.435625 2164
314.9825 2952
315.529375 1356
316.07625 1496
316.623125 2308
317.17 1756
317.716875 2460
318.26375 2328
318.810625 2144
319.3575 1508
319.904375 1464
320.45125 1820
320.998125 2412
321.545 1600
322.091875 2336
322.63875 1968
323.185625 1900
323.7325 1692
324.279375 2940
324.82625 2232
325.373125 2268
325.92 1952
326.466875 1964
327.01375 2140
327.560625 3496
328.1075 2096
328.654375 2184
329.20125 1912
329.748125 1744
330.295 1724
330.841875 2128
331.38875 1492
331.935625 1608
332.4825 2508
333.029375 1832
333.57625 2268
334.123125 1708
334.67 2232
335.216875 2624
335.76375 2064
336.310625 2268
336.8575 1896
337.404375 1644
337.95125 2112
338.498125 2636
339.045 2876
339.591875 1480
340.13875 2068
340.685625 1920
341.2325 2408
341.779375 1756
342.32625 1280
342.873125 3104
343.42 2344
343.966875 1844
344.51375 2328
345.060625 2700
345.6075 2296
346.154375 2028
346.70125 2532
347.248125 2256
347.795 1564
348.341875 3412
348.88875 2040
349.435625 1996
349.9825 1592
350.529375 1868
351.07625 1956
351.623125 1908
352.17 1596
352.716875 1848
353.26375 2552
353.810625 1416
354.3575 1912
354.904375 1524
355.45125 2548
355.998125 2076
356.545 1380
357.091875 2880
357.63875 1500
358.185625 1704
358.7325 1976
359.279375 1656
359.82625 2008
360.373125 1976
360.92 1288
361.466875 1976
362.01375 1908
362.560625 2520
363.1075 1732
363.654375 1540
364.20125 2784
364.748125 2136
365.295 1740
365.841875 1676
366.38875 1396
366.935625 2132
367.4825 1716
368.029375 1332
368.57625 2148
369.123125 2016
369.67 2096
370.216875 1940
370.76375 1900
371.310625 1812
371.8575 1916
372.404375 1912
372.95125 3432
373.498125 2212
374.045 2200
374.591875 1996
375.13875 2324
375.685625 1672
376.2325 1648
376.779375 1992
377.32625 2920
377.873125 2136
378.42 2000
378.966875 2596
379.51375 1496
380.060625 1728
380.6075 2332
381.154375 2292
381.70125 1820
382.248125 2296
382.795 2208
383.341875 1836
383.88875 2252
384.435625 2064
384.9825 2036
385.529375 2772
386.07625 2464
386.623125 2008
387.17 1804
387.716875 1588
388.26375 1900
388.810625 2872
389.3575 1672
389.904375 1784
390.45125 1756
390.998125 1172
391.545 1924
392.091875 1868
392.63875 2444
393.185625 3120
393.7325 1968
394.279375 2512
394.82625 1272
395.373125 1744
395.92 1620
396.466875 2988
397.01375 2028
397.560625 1844
398.1075 1596
398.654375 1548
399.20125 1852
399.748125 2796
400.295 1956
400.841875 1420
401.38875 2180
401.935625 2984
402.4825 1744
403.029375 1740
403.57625 2020
404.123125 1600
404.67 2512
405.216875 2496
405.76375 2116
406.310625 1956
406.8575 1672
407.404375 2092
407.95125 1868
408.498125 3028
409.045 2296
409.591875 2304
410.13875 2004
410.685625 1564
411.2325 1924
411.779375 1668
412.32625 1552
412.873125 1704
413.42 2056
413.966875 2236
414.51375 1688
415.060625 2316
415.6075 2124
416.154375 1532
416.70125 1960
417.248125 2524
417.795 1916
418.341875 1880
418.88875 2556
419.435625 1380
419.9825 2464
420.529375 1876
421.07625 2248
421.623125 1764
422.17 2820
422.716875 1660
423.26375 1656
423.810625 2524
424.3575 2084
424.904375 1544
425.45125 2052
425.998125 1700
426.545 1856
427.091875 2172
427.63875 1596
428.185625 2580
428.7325 2056
429.279375 1924
429.82625 1676
430.373125 2856
430.92 1320
431.466875 2984
432.01375 2984
432.560625 2220
433.1075 1648
433.654375 1708
434.20125 1556
434.748125 1388
435.295 1744
435.841875 1488
436.38875 1704
436.935625 2420
437.4825 2264
438.029375 1716
438.57625 1912
439.123125 1572
439.67 2176
440.216875 1424
440.76375 1588
441.310625 1468
441.8575 2076
442.404375 2528
442.95125 1628
443.498125 1216
444.045 1604
444.591875 2552
445.13875 1732
445.685625 1516
446.2325 3616
446.779375 2492
447.32625 2520
447.873125 4696
448.42 1724
448.966875 3088
449.51375 1552
450.060625 1876
450.6075 1256
451.154375 1516
451.70125 1756
452.248125 1640
452.795 1124
453.341875 2532
453.88875 2556
454.435625 2180
454.9825 1800
455.529375 1720
456.07625 1524
456.623125 1348
457.17 1816
457.716875 1684
458.26375 1764
458.810625 1588
459.3575 2144
459.904375 2660
460.45125 1624
460.998125 1416
461.545 1624
462.091875 4692
462.63875 2192
463.185625 1988
463.7325 2124
464.279375 1848
464.82625 2300
465.373125 1540
465.92 2096
466.466875 2116
467.01375 2796
467.560625 4148
468.1075 7220
468.654375 9912
469.20125 13520
469.748125 15388
470.295 17476
470.841875 17276
471.38875 15904
471.935625 14988
472.4825 12516
473.029375 8680
473.57625 6860
474.123125 4656
474.67 2680
475.216875 2824
475.76375 2200
476.310625 2032
476.8575 2504
477.404375 2032
477.95125 1792
478.498125 1648
479.045 3972
479.591875 1936
480.13875 1996
480.685625 2060
481.2325 1884
481.779375 2300
482.32625 1952
482.873125 2096
483.42 1932
483.966875 1708
484.51375 1180
485.060625 1348
485.6075 1680
486.154375 1968
486.70125 1260
487.248125 1780
487.795 2984
488.341875 2076
488.88875 1688
489.435625 2196
489.9825 1576
490.529375 1736
491.07625 1868
491.623125 1560
492.17 1588
492.716875 1628
493.26375 2120
493.810625 1624
494.3575 1676
494.904375 1388
495.45125 1796
495.998125 1596
496.545 1868
497.091875 2068
497.63875 1684
498.185625 1688
498.7325 1208
499.279375 1912
499.82625 2516
500.373125 1952
500.92 2520
501.466875 2844
502.01375 1380
502.560625 2288
503.1075 1744
503.654375 1972
504.20125 1420
504.748125 1580
505.295 1868
505.841875 1852
506.38875 2732
506.935625 1732
507.4825 2128
508.029375 1316
508.57625 1656
509.123125 1732
509.67 2012
510.216875 2420
510.76375 1464
511.310625 1748
511.8575 1168
512.4043750000001 2412
512.9512500000001 1340
513.4981250000001 1212
514.0450000000001 1836
514.5918750000001 2080
515.1387500000001 1924
515.6856250000001 1696
516.2325000000001 1776
516.7793750000001 1504
517.3262500000001 1560
517.8731250000001 1800
518.4200000000001 1500
518.9668750000001 1932
519.5137500000001 2296
520.0606250000001 1792
520.6075000000001 2048
521.1543750000001 1752
521.7012500000001 1456
522.2481250000001 2040
522.7950000000001 1668
523.3418750000001 1920
523.8887500000001 1288
524.4356250000001 1264
524.9825000000001 2288
525.5293750000001 2168
526.0762500000001 1300
526.6231250000001 1868
527.1700000000001 1972
527.7168750000001 1348
528.2637500000001 1500
528.8106250000001 2084
529.3575000000001 1780
529.9043750000001 1612
530.4512500000001 1704
530.9981250000001 1664
531.5450000000001 2100
532.0918750000001 1888
532.6387500000001 1992
533.1856250000001 1800
533.7325000000001 1660
534.2793750000001 2368
534.8262500000001 1780
535.3731250000001 1572
535.9200000000001 1972
536.4668750000001 2460
537.0137500000001 1876
537.5606250000001 2376
538.1075000000001 1676
538.6543750000001 1580
539.2012500000001 2692
539.7481250000001 1720
540.2950000000001 2016
540.8418750000001 2120
541.3887500000001 1728
541.9356250000001 2344
542.4825000000001 1496
543.0293750000001 2472
543.5762500000001 2536
544.1231250000001 1772
544.6700000000001 1404
545.2168750000001 1892
545.7637500000001 2100
546.3106250000001 2204
546.8575000000001 2360
547.4043750000001 1912
547.9512500000001 1884
548.4981250000001 2032
549.0450000000001 2048
549.5918750000001 1516
550.1387500000001 1816
550.6856250000001 1480
551.2325000000001 2704
551.7793750000001 1928
552.3262500000001 2372
552.8731250000001 2504
553.4200000000001 1368
553.9668750000001 2336
554.5137500000001 1800
555.0606250000001 1424
555.6075000000001 2024
556.1543750000001 2420
556.7012500000001 1392
557.2481250000001 2516
557.7950000000001 1868
558.3418750000001 1732
558.8887500000001 1580
559.4356250000001 1912
559.9825000000001 1628
560.5293750000001 1316
561.0762500000001 3244
561.6231250000001 2496
562.1700000000001 2060
562.7168750000001 2868
563.2637500000001 1812
563.8106250000001 2140
564.3575000000001 1452
564.9043750000001 2596
565.4512500000001 1952
565.9981250000001 2312
566.5450000000001 1160
567.0918750000001 2112
567.6387500000001 1684
568.1856250000001 1656
568.7325000000001 1324
569.2793750000001 2580
569.8262500000001 1972
570.3731250000001 1724
570.9200000000001 1580
571.4668750000001 1944
572.0137500000001 1820
572.5606250000001 2204
573.1075000000001 2108
573.6543750000001 1512
574.2012500000001 1812
574.7481250000001 1596
575.2950000000001 2404
575.8418750000001 2108
576.3887500000001 1948
576.9356250000001 1576
577.4825000000001 2504
578.0293750000001 1720
578.5762500000001 1892
579.1231250000001 1268
579.6700000000001 1492
580.2168750000001 1912
580.7637500000001 1936
581.3106250000001 1396
581.8575000000001 1976
582.4043750000001 1480
582.9512500000001 1864
583.4981250000001 2408
584.0450000000001 1820
584.5918750000001 2128
585.1387500000001 2544
585.6856250000001 1844
586.2325000000001 2068
586.7793750000001 2224
587.3262500000001 2708
587.8731250000001 1896
588.4200000000001 1892
588.9668750000001 2160
589.5137500000001 1400
590.0606250000001 1964
590.6075000000001 1696
591.1543750000001 1744
591.7012500000001 1464
592.2481250000001 1636
592.7950000000001 1924
593.3418750000001 2128
593.8887500000001 2160
594.4356250000001 1296
594.9825000000001 2992
595.5293750000001 1736
596.0762500000001 1720
596.6231250000001 1672
597.1700000000001 2248
597.7168750000001 2172
598.2637500000001 1668
598.8106250000001 2440
599.3575000000001 1284
599.9043750000001 1324
600.4512500000001 1616
600.9981250000001 1360
601.5450000000001 1716
602.0918750000001 1360
602.6387500000001 2144
603.1856250000001 1988
603.7325000000001 1652
604.2793750000001 1984
604.8262500000001 1780
605.3731250000001 1176
605.9200000000001 1216
606.4668750000001 2000
607.0137500000001 1688
607.5606250000001 1716
608.1075000000001 2524
608.6543750000001 1840
609.2012500000001 1292
609.7481250000001 2056
610.2950000000001 1260
610.8418750000001 1832
611.3887500000001 1936
611.9356250000001 2224
612.4825000000001 1812
613.0293750000001 2056
613.5762500000001 1924
614.1231250000001 1620
614.6700000000001 3412
615.2168750000001 2196
615.7637500000001 1808
616.3106250000001 1880
616.8575000000001 1972
617.4043750000001 1692
617.9512500000001 2256
618.4981250000001 2028
619.0450000000001 2216
619.5918750000001 1576
620.1387500000001 1580
620.6856250000001 2504
621.2325000000001 1892
621.7793750000001 1660
622.3262500000001 2584
622.8731250000001 1740
623.4200000000001 3676
623.9668750000001 2040
624.5137500000001 1520
625.0606250000001 2188
625.6075000000001 1684
626.1543750000001 1840
626.7012500000001 1244
627.2481250000001 1624
627.7950000000001 1936
628.3418750000001 1916
628.8887500000001 1736
629.4356250000001 2860
629.9825000000001 1936
630.5293750000001 2396
631.0762500000001 1792
631.6231250000001 1664
632.1700000000001 2188
632.7168750000001 1340
633.2637500000001 2268
633.8106250000001 1684
634.3575000000001 1664
634.9043750000001 2228
635.4512500000001 1740
635.9981250000001 2256
636.5450000000001 1964
637.0918750000001 1464
637.6387500000001 1740
638.1856250000001 2548
638.7325000000001 2168
639.2793750000001 1700
639.8262500000001 2372
640.3731250000001 2164
640.9200000000001 1520
641.4668750000001 1976
642.0137500000001 2128
642.5606250000001 1856
643.1075000000001 1572
643.6543750000001 1288
644.2012500000001 1864
644.7481250000001 1884
645.2950000000001 2076
645.8418750000001 1708
646.3887500000001 1924
646.9356250000001 2040
647.4825000000001 1736
648.0293750000001 1280
648.5762500000001 1376
649.1231250000001 1588
649.6700000000001 1980
650.2168750000001 1848
650.7637500000001 1732
651.3106250000001 1868
651.8575000000001 2052
652.4043750000001 1512
652.9512500000001 1760
653.4981250000001 1248
654.0450000000001 1572
654.5918750000001 2072
655.1387500000001 2132
655.6856250000001 3020
656.2325000000001 2144
656.7793750000001 2084
657.3262500000001 2228
657.8731250000001 2212
658.4200000000001 2176
658.9668750000001 1880
659.5137500000001 1936
660.0606250000001 1740
660.6075000000001 1952
661.1543750000001 2128
661.7012500000001 1968
662.2481250000001 2204
662.7950000000001 2096
663.3418750000001 1596
663.8887500000001 1872
664.4356250000001 1644
664.9825000000001 1376
665.5293750000001 1100
666.0762500000001 1868
666.6231250000001 2052
667.1700000000001 2256
667.7168750000001 2168
668.2637500000001 2316
668.8106250000001 1436
669.3575000000001 2176
669.9043750000001 1864
670.4512500000001 2380
670.9981250000001 1616
671.5450000000001 1848
672.0918750000001 1960
672.6387500000001 1792
673.1856250000001 1960
673.7325000000001 2032
674.2793750000001 2420
674.8262500000001 2936
675.3731250000001 1380
675.9200000000001 2264
676.4668750000001 1796
677.0137500000001 2236
677.5606250000001 1604
678.1075000000001 1380
678.6543750000001 1604
679.2012500000001 1204
679.7481250000001 2260
680.2950000000001 2120
680.8418750000001 2088
681.3887500000001 1860
681.9356250000001 1900
682.4825000000001 2404
683.0293750000001 1772
683.5762500000001 1272
684.1231250000001 1924
684.6700000000001 2016
685.2168750000001 1720
685.7637500000001 2852
686.3106250000001 2152
686.8575000000001 1520
687.4043750000001 1660
687.9512500000001 1772
688.4981250000001 2184
689.0450000000001 1988
689.5918750000001 2008
690.1387500000001 1572
690.6856250000001 2804
691.2325000000001 2040
691.7793750000001 1616
692.3262500000001 1200
692.8731250000001 1836
693.4200000000001 1516
693.9668750000001 2392
694.5137500000001 1280
695.0606250000001 1944
695.6075000000001 1612
696.1543750000001 2436
696.7012500000001 1920
697.2481250000001 1720
697.7950000000001 2156
698.3418750000001 2268
698.8887500000001 1116
699.4356250000001 2300
699.9825000000001 2100
700.5293750000001 1608
701.0762500000001 2148
701.6231250000001 2052
702.1700000000001 1948
702.7168750000001 2312
703.2637500000001 1616
703.8106250000001 2000
704.3575000000001 2152
704.9043750000001 2488
705.4512500000001 2004
705.9981250000001 2000
706.5450000000001 1624
707.0918750000001 1844
707.6387500000001 1676
708.1856250000001 1536
708.7325000000001 1644
709.2793750000001 1952
709.8262500000001 2948
710.3731250000001 1612
710.9200000000001 1456
711.4668750000001 1828
712.0137500000001 2204
712.5606250000001 1608
713.1075000000001 1592
713.6543750000001 2380
714.2012500000001 1832
714.7481250000001 2248
715.2950000000001 1584
715.8418750000001 1844
716.3887500000001 2052
716.9356250000001 2088
717.4825000000001 2396
718.0293750000001 1764
718.5762500000001 2280
719.1231250000001 2488
719.6700000000001 2184
720.2168750000001 1976
720.7637500000001 2024
721.3106250000001 1880
721.8575000000001 1344
722.4043750000001 2680
722.9512500000001 2116
723.4981250000001 1560
724.0450000000001 1964
724.5918750000001 1628
725.1387500000001 1936
725.6856250000001 2280
726.2325000000001 1944
726.7793750000001 1992
727.3262500000001 1680
727.8731250000001 2088
728.4200000000001 1332
728.9668750000001 4144
729.5137500000001 1272
730.0606250000001 2220
730.6075000000001 2396
731.1543750000001 1716
731.7012500000001 1652
732.2481250000001 1696
732.7950000000001 2164
733.3418750000001 2412
733.8887500000001 2204
734.4356250000001 1512
734.9825000000001 1772
735.5293750000001 1964
736.0762500000001 1996
736.6231250000001 2156
737.1700000000001 1740
737.7168750000001 2584
738.2637500000001 2320
738.8106250000001 1864
739.3575000000001 2940
739.9043750000001 1960
740.4512500000001 1616
740.9981250000001 1544
741.5450000000001 1660
742.0918750000001 1308
742.6387500000001 2092
743.1856250000001 1984
743.7325000000001 1988
744.2793750000001 1672
744.8262500000001 1956
745.3731250000001 2396
745.9200000000001 3324
746.4668750000001 2164
747.0137500000001 2384
747.5606250000001 1580
748.1075000000001 1548
748.6543750000001 2016
749.2012500000001 2092
749.7481250000001 1860
750.2950000000001 1736
750.8418750000001 2072
751.3887500000001 1736
751.9356250000001 1928
752.4825000000001 1604
753.0293750000001 1596
753.5762500000001 1784
754.1231250000001 1492
754.6700000000001 1728
755.2168750000001 2692
755.7637500000001 1696
756.3106250000001 1116
756.8575000000001 2148
757.4043750000001 1904
757.9512500000001 1524
758.4981250000001 1424
759.0450000000001 2188
759.5918750000001 2012
760.1387500000001 2184
760.6856250000001 1296
761.2325000000001 2988
761.7793750000001 1912
762.3262500000001 2564
762.8731250000001 1948
763.4200000000001 1536
763.9668750000001 2104
764.5137500000001 1972
765.0606250000001 1888
765.6075000000001 1996
766.1543750000001 1812
766.7012500000001 2172
767.2481250000001 1676
767.7950000000001 2140
768.3418750000001 1556
768.8887500000001 2152
769.4356250000001 2016
769.9825000000001 1396
770.5293750000001 1616
771.0762500000001 2252
771.6231250000001 2184
772.1700000000001 1860
772.7168750000001 2112
773.2637500000001 2172
773.8106250000001 2116
774.3575000000001 1448
774.9043750000001 1308
775.4512500000001 2348
775.9981250000001 1908
776.5450000000001 1856
777.0918750000001 1936
777.6387500000001 1640
778.1856250000001 1748
778.7325000000001 2248
779.2793750000001 1728
779.8262500000001 2180
780.3731250000001 1828
780.9200000000001 2092
781.4668750000001 2504
782.0137500000001 1524
782.5606250000001 1552
783.1075000000001 2032
783.6543750000001 2212
784.2012500000001 2044
784.7481250000001 2216
785.2950000000001 1416
785.8418750000001 1820
786.3887500000001 1460
786.9356250000001 1556
787.4825000000001 1868
788.0293750000001 1972
788.5762500000001 2296
789.1231250000001 1900
789.6700000000001 1820
790.2168750000001 2052
790.7637500000001 1808
791.3106250000001 1836
791.8575000000001 1144
792.4043750000001 2288
792.9512500000001 1352
793.4981250000001 2204
794.0450000000001 2068
794.5918750000001 1852
795.1387500000001 1708
795.6856250000001 1816
796.2325000000001 2468
796.7793750000001 1804
797.3262500000001 1660
797.8731250000001 2276
798.4200000000001 1700
798.9668750000001 1772
799.5137500000001 1480
800.0606250000001 1824
800.6075000000001 1828
801.1543750000001 1360
801.7012500000001 2344
802.2481250000001 1504
802.7950000000001 2448
803.3418750000001 1960
803.8887500000001 1156
804.4356250000001 1988
804.9825000000001 2424
805.5293750000001 2428
806.0762500000001 1832
806.6231250000001 1452
807.1700000000001 2164
807.7168750000001 1768
808.2637500000001 2296
808.8106250000001 2156
809.3575000000001 1876
809.9043750000001 1712
810.4512500000001 1604
810.9981250000001 2108
811.5450000000001 1996
812.0918750000001 3744
812.6387500000001 1808
813.1856250000001 1608
813.7325000000001 3200
814.2793750000001 1904
814.8262500000001 1932
815.3731250000001 2492
815.9200000000001 1952
816.4668750000001 2184
817.0137500000001 2152
817.5606250000001 1724
818.1075000000001 2460
818.6543750000001 2332
819.2012500000001 1996
819.7481250000001 1488
820.2950000000001 1944
820.8418750000001 1436
821.3887500000001 2456
821.9356250000001 1516
822.4825000000001 1808
823.0293750000001 2136
823.5762500000001 2108
824.1231250000001 1624
824.6700000000001 1652
825.2168750000001 1592
825.7637500000001 1204
826.3106250000001 2876
826.8575000000001 1884
827.4043750000001 1512
827.9512500000001 1380
828.4981250000001 1668
829.0450000000001 2220
829.5918750000001 2044
830.1387500000001 1884
830.6856250000001 2340
831.2325000000001 1996
831.7793750000001 1980
832.3262500000001 2704
832.8731250000001 2040
833.4200000000001 1472
833.9668750000001 2156
834.5137500000001 2208
835.0606250000001 2324
835.6075000000001 1400
836.1543750000001 2224
836.7012500000001 2224
837.2481250000001 1556
837.7950000000001 1644
838.3418750000001 2948
838.8887500000001 1852
839.4356250000001 2452
839.9825000000001 2220
840.5293750000001 1764
841.0762500000001 1112
841.6231250000001 1696
842.1700000000001 1168
842.7168750000001 1852
843.2637500000001 1624
843.8106250000001 1668
844.3575000000001 1628
844.9043750000001 1836
845.4512500000001 2588
845.9981250000001 1852
846.5450000000001 1276
847.0918750000001 1364
847.6387500000001 2912
848.1856250000001 1788
848.7325000000001 2340
849.2793750000001 1860
849.8262500000001 1532
850.3731250000001 1140
850.9200000000001 2476
851.4668750000001 1464
852.0137500000001 1540
852.5606250000001 1644
853.1075000000001 2656
853.6543750000001 2060
854.2012500000001 1448
854.7481250000001 1768
855.2950000000001 1620
855.8418750000001 1900
856.3887500000001 1564
856.9356250000001 1780
857.4825000000001 1472
858.0293750000001 2016
858.5762500000001 1596
859.1231250000001 1828
859.6700000000001 2948
860.2168750000001 2276
860.7637500000001 1512
861.3106250000001 1888
861.8575000000001 1948
862.4043750000001 1428
862.9512500000001 2312
863.4981250000001 1516
864.0450000000001 2096
864.5918750000001 2432
865.1387500000001 2112
865.6856250000001 8096
866.2325000000001 1416
866.7793750000001 1520
867.3262500000001 1268
867.8731250000001 2056
868.4200000000001 1636
868.9668750000001 2224
869.5137500000001 1636
870.0606250000001 1960
870.6075000000001 1668
871.1543750000001 1692
871.7012500000001 1876
872.2481250000001 1652
872.7950000000001 1292
873.3418750000001 2576
873.8887500000001 2036
874.4356250000001 2368
874.9825000000001 2500
875.5293750000001 1608
876.0762500000001 2008
876.6231250000001 1568
877.1700000000001 1744
877.7168750000001 1592
878.2637500000001 2300
878.8106250000001 2092
879.3575000000001 1728
879.9043750000001 1432
880.4512500000001 1980
880.9981250000001 2728
881.5450000000001 1484
882.0918750000001 2988
882.6387500000001 1756
883.1856250000001 2508
883.7325000000001 1392
884.2793750000001 1672
884.8262500000001 2420
885.3731250000001 1452
885.9200000000001 1864
886.4668750000001 2012
887.0137500000001 2420
887.5606250000001 1732
888.1075000000001 1904
888.6543750000001 2116
889.2012500000001 1584
889.7481250000001 1780
890.2950000000001 1660
890.8418750000001 1812
891.3887500000001 2308
891.9356250000001 2652
892.4825000000001 1824
893.0293750000001 1976
893.5762500000001 1620
894.1231250000001 2548
894.6700000000001 1420
895.2168750000001 1804
895.7637500000001 2264
896.3106250000001 2388
896.8575000000001 1592
897.4043750000001 1700
897.9512500000001 1832
898.4981250000001 1700
899.0450000000001 2048
899.5918750000001 1288
900.1387500000001 2180
900.6856250000001 1332
901.2325000000001 2296
901.7793750000001 1948
902.3262500000001 1964
902.8731250000001 1920
903.4200000000001 1924
903.9668750000001 1732
904.5137500000001 1768
905.0606250000001 1820
905.6075000000001 2556
906.1543750000001 2200
906.7012500000001 1276
907.2481250000001 1384
907.7950000000001 2996
908.3418750000001 1848
908.8887500000001 1904
909.4356250000001 1352
909.9825000000001 1844
910.5293750000001 2336
911.0762500000001 1796
911.6231250000001 2100
912.1700000000001 2212
912.7168750000001 2084
913.2637500000001 1684
913.8106250000001 2260
914.3575000000001 1388
914.9043750000001 1864
915.4512500000001 2804
915.9981250000001 1428
916.5450000000001 2500
917.0918750000001 2136
917.6387500000001 1720
918.1856250000001 2404
918.7325000000001 2108
919.2793750000001 1628
919.8262500000001 2292
920.3731250000001 1704
920.9200000000001 1360
921.4668750000001 1968
922.0137500000001 2072
922.5606250000001 1640
923.1075000000001 2376
923.6543750000001 1840
924.2012500000001 1780
924.7481250000001 1800
925.2950000000001 1732
925.8418750000001 1596
926.3887500000001 2008
926.9356250000001 2220
927.4825000000001 1372
928.0293750000001 1856
928.5762500000001 2048
929.1231250000001 1864
929.6700000000001 1064
930.2168750000001 1684
930.7637500000001 2572
931.3106250000001 2920
931.8575000000001 1916
932.4043750000001 1380
932.9512500000001 1752
933.4981250000001 1844
934.0450000000001 2060
934.5918750000001 1388
935.1387500000001 1744
935.6856250000001 2684
936.2325000000001 1776
936.7793750000001 1676
937.3262500000001 1996
937.8731250000001 1776
938.4200000000001 1060
938.9668750000001 1704
939.5137500000001 1516
940.0606250000001 2196
940.6075000000001 2224
941.1543750000001 1796
941.7012500000001 1496
942.2481250000001 1928
942.7950000000001 1844
943.3418750000001 1844
943.8887500000001 3728
944.4356250000001 1412
944.9825000000001 1752
945.5293750000001 1988
946.0762500000001 1932
946.6231250000001 1948
947.1700000000001 1540
947.7168750000001 2692
948.2637500000001 1616
948.8106250000001 1592
949.3575000000001 1596
949.9043750000001 1968
950.4512500000001 1556
950.9981250000001 1572
951.5450000000001 1416
952.0918750000001 3580
952.6387500000001 1292
953.1856250000001 2264
953.7325000000001 2564
954.2793750000001 2212
954.8262500000001 2564
955.3731250000001 2120
955.9200000000001 1504
956.4668750000001 1408
957.0137500000001 1660
957.5606250000001 1328
958.1075000000001 1612
958.6543750000001 1964
959.2012500000001 1724
959.7481250000001 1816
960.2950000000001 2844
960.8418750000001 2024
961.3887500000001 1800
961.9356250000001 1800
962.4825000000001 2332
963.0293750000001 1732
963.5762500000001 1620
964.1231250000001 2260
964.6700000000001 1520
965.2168750000001 3220
965.7637500000001 1408
966.3106250000001 2672
966.8575000000001 1356
967.4043750000001 1640
967.9512500000001 1444
968.4981250000001 2116
969.0450000000001 2520
969.5918750000001 2452
970.1387500000001 3036
970.6856250000001 2168
971.2325000000001 1528
971.7793750000001 1968
972.3262500000001 1256
972.8731250000001 2012
973.4200000000001 1800
973.9668750000001 2872
974.5137500000001 1692
975.0606250000001 1968
975.6075000000001 2496
976.1543750000001 2232
976.7012500000001 2628
977.2481250000001 1744
977.7950000000001 1828
978.3418750000001 1712
978.8887500000001 1632
979.4356250000001 1892
979.9825000000001 1900
980.5293750000001 1744
981.0762500000001 1404
981.6231250000001 2116
982.1700000000001 1408
982.7168750000001 2224
983.2637500000001 2260
983.8106250000001 1608
984.3575000000001 1848
984.9043750000001 1708
985.4512500000001 1716
985.9981250000001 1720
986.5450000000001 1928
987.0918750000001 1776
987.6387500000001 1944
988.1856250000001 2292
988.7325000000001 1640
989.2793750000001 2280
989.8262500000001 2384
990.3731250000001 1468
990.9200000000001 1344
991.4668750000001 2248
992.0137500000001 1828
992.5606250000001 1720
993.1075000000001 2444
993.6543750000001 1940
994.2012500000001 1512
994.7481250000001 2464
995.2950000000001 1592
995.8418750000001 2328
996.3887500000001 1536
996.9356250000001 1904
997.4825000000001 1716
998.0293750000001 1920
998.5762500000001 1712
999.1231250000001 1424
999.6700000000001 1672
1000.2168750000001 1900
1000.7637500000001 2004
1001.3106250000001 1832
1001.8575000000001 2048
1002.4043750000001 2772
1002.9512500000001 1900
1003.4981250000001 1812
1004.0450000000001 1320
1004.5918750000001 3028
1005.1387500000001 2448
1005.6856250000001 1492
1006.2325000000001 1636
1006.7793750000001 1624
1007.3262500000001 2672
1007.8731250000001 1684
1008.4200000000001 1404
1008.9668750000001 2528
1009.5137500000001 1668
1010.0606250000001 1624
1010.6075000000001 1732
1011.1543750000001 1980
1011.7012500000001 2684
1012.2481250000001 2012
1012.7950000000001 1468
1013.3418750000001 1472
1013.8887500000001 2540
1014.4356250000001 1888
1014.9825000000001 1796
1015.5293750000001 2236
1016.0762500000001 2528
1016.6231250000001 2260
1017.1700000000001 1728
1017.7168750000001 2232
1018.2637500000001 2088
1018.8106250000001 1996
1019.3575000000001 1564
1019.9043750000001 2420
1020.4512500000001 1844
1020.9981250000001 1796
1021.5450000000001 1532
1022.0918750000001 1972
1022.6387500000001 2112
1023.1856250000001 1640
1023.7325000000001 2036
1024.279375 2168
1024.82625 1548
1025.373125 2808
1025.92 1552
1026.466875 1480
1027.01375 1476
1027.560625 2132
1028.1075 1480
1028.654375 1496
1029.20125 1280
1029.748125 1800
1030.295 1460
1030.841875 1480
1031.38875 1204
1031.935625 1716
1032.4825 1652
1033.029375 2164
1033.57625 1632
1034.123125 1896
1034.67 2532
1035.216875 1996
1035.76375 2864
1036.310625 2104
1036.8575 2224
1037.404375 2600
1037.95125 2272
1038.498125 2696
1039.045 2452
1039.591875 1644
1040.13875 1952
1040.685625 2056
1041.2325 3104
1041.779375 2028
1042.32625 1888
1042.873125 1972
1043.42 2008
1043.966875 1716
1044.51375 1936
1045.060625 1936
1045.6075 1640
1046.154375 2156
1046.70125 2340
1047.248125 1696
1047.795 1488
1048.341875 2120
1048.88875 1608
1049.435625 1672
1049.9825 1768
1050.529375 1476
1051.07625 2140
1051.623125 2556
1052.17 1120
1052.716875 1756
1053.26375 1352
1053.810625 3040
1054.3575 1788
1054.904375 1636
1055.45125 2048
1055.998125 1948
1056.545 2052
1057.091875 1464
1057.63875 1640
1058.185625 2012
1058.7325 2272
1059.279375 2016
1059.82625 1616
1060.373125 2544
1060.92 1888
1061.466875 2012
1062.01375 1468
1062.560625 2996
1063.1075 2812
1063.654375 1880
1064.20125 2140
1064.748125 1444
1065.295 1816
1065.841875 1976
1066.38875 2140
1066.935625 1808
1067.4825 1840
1068.029375 2192
1068.57625 1960
1069.123125 2256
1069.67 2272
1070.216875 1112
1070.76375 2132
1071.310625 2376
1071.8575 2772
1072.404375 1900
1072.95125 1628
1073.498125 2820
1074.045 2084
1074.591875 1992
1075.13875 1940
1075.685625 3352
1076.2325 1616
1076.779375 2560
1077.32625 2684
1077.873125 2068
1078.42 1708
1078.966875 1748
1079.51375 2536
1080.060625 1904
1080.6075 1276
1081.154375 1636
1081.70125 1268
1082.248125 2636
1082.795 2704
1083.341875 1232
1083.88875 2448
1084.435625 2936
1084.9825 1784
1085.529375 1952
1086.07625 2244
1086.623125 1940
1087.17 2260
1087.716875 1436
1088.26375 1460
1088.810625 2300
1089.3575 2476
1089.904375 2416
1090.45125 1744
1090.998125 1492
1091.545 1724
1092.091875 1448
1092.63875 2924
1093.185625 2148
1093.7325 1376
1094.279375 2332
1094.82625 1940
1095.373125 1740
1095.92 2228
1096.466875 1864
1097.01375 1444
1097.560625 1876
1098.1075 2224
1098.654375 1480
1099.20125 1832
1099.748125 1532
1100.295 2056
1100.841875 1752
1101.38875 2124
1101.935625 2212
1102.4825 1860
1103.029375 2340
1103.57625 1732
1104.123125 1588
1104.67 2236
1105.216875 2132
1105.76375 1752
1106.310625 1700
1106.8575 2168
1107.404375 1924
1107.95125 2040
1108.498125 2036
1109.045 2172
1109.591875 2480
1110.13875 2104
1110.685625 1860
1111.2325 2068
1111.779375 2916
1112.32625 1640
1112.873125 2336
1113.42 2268
1113.966875 2284
1114.51375 1532
1115.060625 1960
1115.6075 1572
1116.154375 1840
1116.70125 2180
1117.248125 4084
1117.795 1848
1118.341875 1872
1118.88875 1360
1119.435625 1912
1119.9825 2964
1120.529375 1680
1121.07625 1444
1121.623125 1780
1122.17 2548
1122.716875 1812
1123.26375 2020
1123.810625 2712
1124.3575 2020
1124.904375 1692
1125.45125 1380
1125.998125 2004
1126.545 1500
1127.091875 1588
1127.63875 1804
1128.185625 1916
1128.7325 2428
1129.279375 2548
1129.82625 2080
1130.373125 1868
1130.92 3012
1131.466875 2664
1132.01375 2232
1132.560625 1844
1133.1075 2476
1133.654375 2536
1134.20125 1868
1134.748125 2212
1135.295 2648
1135.841875 1664
1136.38875 1348
1136.935625 1948
1137.4825 1616
1138.029375 2768
1138.57625 2180
1139.123125 1768
1139.67 1688
1140.216875 1804
1140.76375 1696
1141.310625 1964
1141.8575 1904
1142.404375 2048
1142.95125 1632
1143.498125 1748
1144.045 2268
1144.591875 2388
1145.13875 1828
1145.685625 2600
1146.2325 1996
1146.779375 1756
1147.32625 2708
1147.873125 2608
1148.42 2644
1148.966875 1544
1149.51375 2288
1150.060625 2448
1150.6075 2396
1151.154375 1748
1151.70125 1572
1152.248125 1500
1152.795 1356
1153.341875 1876
1153.88875 2516
1154.435625 2420
1154.9825 1992
1155.529375 2240
1156.07625 1880
1156.623125 1588
1157.17 1864
1157.716875 2020
1158.26375 1532
1158.810625 1692
1159.3575 2228
1159.904375 1944
1160.45125 2104
1160.998125 1936
1161.545 2076
1162.091875 1564
1162.63875 2784
1163.185625 2052
1163.7325 3020
1164.279375 1852
1164.82625 1844
1165.373125 1844
1165.92 1520
1166.466875 2432
1167.01375 1544
1167.560625 1720
1168.1075 2140
1168.654375 2976
1169.20125 1708
1169.748125 2016
1170.295 1552
1170.841875 1548
1171.38875 1868
1171.935625 1640
1172.4825 2724
1173.029375 1792
1173.57625 1780
1174.123125 2748
1174.67 2524
1175.216875 2716
1175.76375 1876
1176.310625 2476
1176.8575 1900
1177.404375 2376
1177.95125 2716
1178.498125 1948
1179.045 1996
1179.591875 1676
1180.13875 1844
1180.685625 3096
1181.2325 1508
1181.779375 2436
1182.32625 1604
1182.873125 1868
1183.42 1760
1183.966875 1668
1184.51375 2232
1185.060625 1476
1185.6075 2020
1186.154375 2028
1186.70125 1484
1187.248125 2272
1187.795 1596
1188.341875 2272
1188.88875 1704
1189.435625 1952
1189.9825 1984
1190.529375 1964
1191.07625 1796
1191.623125 2584
1192.17 1924
1192.716875 1532
1193.26375 2016
1193.810625 1760
1194.3575 1312
1194.904375 2264
1195.45125 2188
1195.998125 2272
1196.545 1880
1197.091875 1488
1197.63875 1520
1198.185625 1632
1198.7325 2248
1199.279375 1484
1199.82625 2552
1200.373125 2436
1200.92 2564
1201.466875 1996
1202.01375 2200
1202.560625 1640
1203.1075 1952
1203.654375 2076
1204.20125 1408
1204.748125 1784
1205.295 2012
1205.841875 2016
1206.38875 2332
1206.935625 1828
1207.4825 2236
1208.029375 1796
1208.57625 1612
1209.123125 1244
1209.67 2216
1210.216875 2592
1210.76375 2184
1211.310625 2780
1211.8575 2116
1212.404375 1632
1212.95125 2180
1213.498125 1464
1214.045 1852
1214.591875 1804
1215.13875 2140
1215.685625 2188
1216.2325 1820
1216.779375 2272
1217.32625 2676
1217.873125 2196
1218.42 2468
1218.966875 2332
1219.51375 1624
1220.060625 1976
1220.6075 2120
1221.154375 1568
1221.70125 2204
1222.248125 1696
1222.795 2104
1223.341875 1988
1223.88875 2272
1224.435625 2228
1224.9825 2128
1225.529375 2716
1226.07625 1784
1226.623125 2056
1227.17 2272
1227.716875 2192
1228.26375 2492
1228.810625 2356
1229.3575 2164
1229.904375 2952
1230.45125 2284
1230.998125 1904
1231.545 2628
1232.091875 1776
1232.63875 1960
1233.185625 1844
1233.7325 3088
1234.279375 2312
1234.82625 1696
1235.373125 1936
1235.92 2204
1236.466875 2532
1237.01375 1708
1237.560625 1756
1238.1075 1940
1238.654375 2300
1239.20125 2196
1239.748125 2056
1240.295 1524
1240.841875 1556
1241.38875 1888
1241.935625 1688
1242.4825 2236
1243.029375 2204
1243.57625 1416
1244.123125 2056
1244.67 2792
1245.216875 1916
1245.76375 2524
1246.310625 2364
1246.8575 1872
1247.404375 1780
1247.95125 2472
1248.498125 2748
1249.045 2488
1249.591875 1908
1250.13875 1712
1250.685625 1748
1251.2325 1872
1251.779375 2244
1252.32625 2104
1252.873125 2608
1253.42 2032
1253.966875 1576
1254.51375 2012
1255.060625 2492
1255.6075 1452
1256.154375 1576
1256.70125 1412
1257.248125 1860
1257.795 2332
1258.341875 2648
1258.88875 2396
1259.435625 1844
1259.9825 1928
1260.529375 2552
1261.07625 2320
1261.623125 2224
1262.17 2248
1262.716875 1724
1263.26375 2600
1263.810625 3220
1264.3575 2712
1264.904375 1768
1265.45125 1548
1265.998125 1800
1266.545 1828
1267.091875 2056
1267.63875 2540
1268.185625 1700
1268.7325 2228
1269.279375 3216
1269.82625 2452
1270.373125 1860
1270.92 1680
1271.466875 2508
1272.01375 2100
1272.560625 1952
1273.1075 1772
1273.654375 1732
1274.20125 2428
1274.748125 1664
1275.295 1816
1275.841875 1836
1276.38875 2596
1276.935625 2220
1277.4825 1516
1278.029375 2460
1278.57625 2536
1279.123125 2276
1279.67 2136
1280.216875 1552
1280.76375 1940
1281.310625 1744
1281.8575 2124
1282.404375 1948
1282.95125 2052
1283.498125 2072
1284.045 2044
1284.591875 2288
1285.13875 2032
1285.685625 1860
1286.2325 1764
1286.779375 1572
1287.32625 2116
1287.873125 1912
1288.42 2060
1288.966875 2032
1289.51375 3220
1290.060625 1456
1290.6075 3384
1291.154375 2224
1291.70125 2488
1292.248125 1976
1292.795 1836
1293.341875 2848
1293.88875 2448
1294.435625 2036
1294.9825 1984
1295.529375 2128
1296.07625 1752
1296.623125 2016
1297.17 2260
1297.716875 3152
1298.26375 2740
1298.810625 2244
1299.3575 2932
1299.904375 1992
1300.45125 1844
1300.998125 2252
1301.545 2468
1302.091875 1872
1302.63875 2280
1303.185625 2096
1303.7325 1864
1304.279375 2216
1304.82625 2564
1305.373125 2596
1305.92 2544
1306.466875 2456
1307.01375 2448
1307.560625 1916
1308.1075 3356
1308.654375 2372
1309.20125 2568
1309.748125 2476
1310.295 1748
1310.841875 2008
1311.38875 2592
1311.935625 2964
1312.4825 1972
1313.029375 2008
1313.57625 2360
1314.123125 2552
1314.67 2268
1315.216875 1980
1315.76375 1508
1316.310625 1816
1316.8575 1712
1317.404375 2620
1317.95125 2572
1318.498125 1896
1319.045 2668
1319.591875 2240
1320.13875 2008
1320.685625 2008
1321.2325 2740
1321.779375 2116
1322.32625 2060
1322.873125 1980
1323.42 2320
1323.966875 1840
1324.51375 1976
1325.060625 2500
1325.6075 2184
1326.154375 2452
1326.70125 2588
1327.248125 1940
1327.795 2628
1328.341875 2204
1328.88875 1972
1329.435625 2104
1329.9825 2276
1330.529375 2284
1331.07625 1984
1331.623125 2772
1332.17 1756
1332.716875 1800
1333.26375 1712
1333.810625 2496
1334.3575 2644
1334.904375 2400
1335.45125 2156
1335.998125 2768
1336.545 2444
1337.091875 2020
1337.63875 2280
1338.185625 1996
1338.7325 2012
1339.279375 2476
1339.82625 2168
1340.373125 1620
1340.92 2520
1341.466875 1844
1342.01375 2220
1342.560625 2468
1343.1075 2260
1343.654375 2276
1344.20125 2000
1344.748125 2448
1345.295 2776
1345.841875 2088
1346.38875 2232
1346.935625 1836
1347.4825 2364
1348.029375 2396
1348.57625 2436
1349.123125 2212
1349.67 2440
1350.216875 2688
1350.76375 1960
1351.310625 2324
1351.8575 1944
1352.404375 2548
1352.95125 2072
1353.498125 1948
1354.045 3276
1354.591875 2600
1355.13875 2176
1355.685625 2360
1356.2325 2080
1356.779375 2404
1357.32625 2612
1357.873125 2436
1358.42 2120
1358.966875 2876
1359.51375 2356
1360.060625 2568
1360.6075 3056
1361.154375 2380
1361.70125 2632
1362.248125 2212
1362.795 2684
1363.341875 2956
1363.88875 2432
1364.435625 2656
1364.9825 2976
1365.529375 2420
1366.07625 3420
1366.623125 2624
1367.17 2708
1367.716875 2368
1368.26375 2288
1368.810625 2388
1369.3575 2968
1369.904375 2884
1370.45125 2372
1370.998125 2372
1371.545 2676
1372.091875 4132
1372.63875 2604
1373.185625 3520
1373.7325 2356
1374.279375 2100
1374.82625 2644
1375.373125 3024
1375.92 3000
1376.466875 2816
1377.01375 2676
1377.560625 2632
1378.1075 3036
1378.654375 2756
1379.20125 2584
1379.748125 2668
1380.295 2652
1380.841875 3124
1381.38875 2616
1381.935625 2572
1382.4825 3276
1383.029375 2212
1383.57625 2956
1384.123125 2804
1384.67 2800
1385.216875 2736
1385.76375 2588
1386.310625 2944
1386.8575 3048
1387.404375 2916
1387.95125 3228
1388.498125 2652
1389.045 3316
1389.591875 3120
1390.13875 3384
1390.685625 2564
1391.2325 3824
1391.779375 3108
1392.32625 3368
1392.873125 3580
1393.42 3492
1393.966875 3508
1394.51375 2884
1395.060625 4420
1395.6075 3884
1396.154375 2792
1396.70125 3288
1397.248125 3328
1397.795 3612
1398.341875 2872
1398.88875 3368
1399.435625 3320
1399.9825 3564
1400.529375 2908
1401.07625 3388
1401.623125 4072
1402.17 3324
1402.716875 3272
1403.26375 4092
1403.810625 3248
1404.3575 3588
1404.904375 3840
1405.45125 3852
1405.998125 3572
1406.545 3624
1407.091875 3616
1407.63875 3652
1408.185625 4676
1408.7325 4208
1409.279375 4396
1409.82625 3400
1410.373125 3712
1410.92 4316
1411.466875 4488
1412.01375 3532
1412.560625 4520
1413.1075 4744
1413.654375 3976
1414.20125 4972
1414.748125 4500
1415.295 4420
1415.841875 5344
1416.38875 4868
1416.935625 5752
1417.4825 5336
1418.029375 5236
1418.57625 5892
1419.123125 5464
