299.67 2404
300.216875 2048
300.76375 2388
301.310625 3068
301.8575 2236
302.404375 2596
302.95125 1840
303.498125 1888
304.045 1604
304.591875 2048
305.13875 2676
305.685625 2004
306.2325 2736
306.779375 3004
307.32625 2812
307.873125 2704
308.42 3216
308.966875 2252
309.51375 2332
310.060625 1588
310.6075 2100
311.154375 2164
311.70125 2108
312.248125 2252
312.795 3688
313.341875 1964
313.88875 3732
314.435625 2164
314.9825 2876
315.529375 1356
316.07625 1520
316.623125 2484
317.17 1756
317.716875 2216
318.26375 2276
318.810625 2108
319.3575 1732
319.904375 1352
320.45125 1768
320.998125 2356
321.545 1616
322.091875 2340
322.63875 1956
323.185625 1952
323.7325 1576
324.279375 2920
324.82625 2256
325.373125 2172
325.92 1820
326.466875 2052
327.01375 2164
327.560625 3216
328.1075 1940
328.654375 2116
329.20125 1932
329.748125 1748
330.295 1748
330.841875 2108
331.38875 1528
331.935625 1556
332.4825 2668
333.029375 1684
333.57625 2372
334.123125 1564
334.67 2112
335.216875 2544
335.76375 2076
336.310625 2068
336.8575 1704
337.404375 1548
337.95125 1988
338.498125 2376
339.045 2728
339.591875 1560
340.13875 1940
340.685625 1748
341.2325 2260
341.779375 1880
342.32625 1288
342.873125 3040
343.42 2348
343.966875 1732
344.51375 2368
345.060625 2524
345.6075 1904
346.154375 2312
346.70125 2516
347.248125 2120
347.795 1524
348.341875 3376
348.88875 1840
349.435625 1916
349.9825 1572
350.529375 1748
351.07625 2120
351.623125 1908
352.17 1656
352.716875 1892
353.26375 2672
353.810625 1324
354.3575 1972
354.904375 1476
355.45125 2456
355.998125 2064
356.545 1456
357.091875 2860
357.63875 1524
358.185625 1636
358.7325 1984
359.279375 1732
359.82625 1900
360.373125 1888
360.92 1324
361.466875 2148
362.01375 1896
362.560625 2376
363.1075 1556
363.654375 1504
364.20125 2844
364.748125 2144
365.295 1764
365.841875 1644
366.38875 1284
366.935625 2104
367.4825 1660
368.029375 1328
368.57625 2148
369.123125 2124
369.67 2088
370.216875 1980
370.76375 1804
371.310625 1952
371.8575 1760
372.404375 1872
372.95125 3216
373.498125 2356
374.045 2264
374.591875 2048
375.13875 2448
375.685625 1556
376.2325 1716
376.779375 1936
377.32625 2844
377.873125 2096
378.42 2000
378.966875 2580
379.51375 1468
380.060625 1736
380.6075 2376
381.154375 2360
381.70125 1708
382.248125 2248
382.795 2288
383.341875 1784
383.88875 2264
384.435625 1932
384.9825 1964
385.529375 2584
386.07625 2396
386.623125 1844
387.17 1836
387.716875 1632
388.26375 1928
388.810625 2836
389.3575 1476
389.904375 1828
390.45125 1780
390.998125 1116
391.545 1828
392.091875 1708
392.63875 2272
393.185625 3172
393.7325 1868
394.279375 2500
394.82625 1188
395.373125 1624
395.92 1500
396.466875 3012
397.01375 2016
397.560625 1680
398.1075 1872
398.654375 1472
399.20125 1904
399.748125 2600
400.295 1956
400.841875 1516
401.38875 2184
401.935625 2984
402.4825 1832
403.029375 1820
403.57625 2096
404.123125 1844
404.67 2556
405.216875 2424
405.76375 2312
406.310625 1996
406.8575 1736
407.404375 2088
407.95125 1860
408.498125 3108
409.045 2168
409.591875 2124
410.13875 1988
410.685625 1412
411.2325 1892
411.779375 1680
412.32625 1576
412.873125 1692
413.42 1820
413.966875 2328
414.51375 1748
415.060625 2244
415.6075 2068
416.154375 1564
416.70125 1996
417.248125 2456
417.795 1896
418.341875 2056
418.88875 2340
419.435625 1364
419.9825 2284
420.529375 1760
421.07625 2100
421.623125 1812
422.17 2728
422.716875 1708
423.26375 1616
423.810625 2544
424.3575 2132
424.904375 1616
425.45125 2008
425.998125 1692
426.545 1820
427.091875 2004
427.63875 1556
428.185625 2308
428.7325 1988
429.279375 1724
429.82625 1576
430.373125 2636
430.92 1396
431.466875 3076
432.01375 2744
432.560625 2400
433.1075 1512
433.654375 1808
434.20125 1608
434.748125 1368
435.295 1820
435.841875 1384
436.38875 1768
436.935625 2212
437.4825 2284
438.029375 1816
438.57625 1824
439.123125 1684
439.67 2212
440.216875 1488
440.76375 1612
441.310625 1488
441.8575 2104
442.404375 2388
442.95125 1548
443.498125 1212
444.045 1688
444.591875 2612
445.13875 1864
445.685625 1324
446.2325 3672
446.779375 2436
447.32625 2508
447.873125 4456
448.42 1712
448.966875 3076
449.51375 1536
450.060625 1676
450.6075 1148
451.154375 1592
451.70125 1952
452.248125 1560
452.795 1132
453.341875 2532
453.88875 2308
454.435625 2064
454.9825 1740
455.529375 1616
456.07625 1440
456.623125 1372
457.17 1768
457.716875 1848
458.26375 1760
458.810625 1624
459.3575 2216
459.904375 2600
460.45125 1532
460.998125 1356
461.545 1448
462.091875 4128
462.63875 1936
463.185625 1820
463.7325 1924
464.279375 1780
464.82625 2280
465.373125 1396
465.92 1820
466.466875 1680
467.01375 1728
467.560625 1384
468.1075 1976
468.654375 1684
469.20125 1472
469.748125 1512
470.295 1720
470.841875 1752
471.38875 1288
471.935625 2132
472.4825 2444
473.029375 1724
473.57625 2004
474.123125 2212
474.67 1696
475.216875 2568
475.76375 1400
476.310625 1868
476.8575 2240
477.404375 1988
477.95125 1816
478.498125 1440
479.045 3512
479.591875 1876
480.13875 2072
480.685625 1960
481.2325 1700
481.779375 2244
482.32625 1828
482.873125 2108
483.42 1992
483.966875 1716
484.51375 1192
485.060625 1360
485.6075 1516
486.154375 1864
486.70125 1360
487.248125 1816
487.795 2968
488.341875 2148
488.88875 1740
489.435625 2008
489.9825 1636
490.529375 1684
491.07625 1748
491.623125 1444
492.17 1656
492.716875 1680
493.26375 2104
493.810625 1624
494.3575 1768
494.904375 1340
495.45125 1796
495.998125 1540
496.545 1864
497.091875 2108
497.63875 1828
498.185625 1560
498.7325 1052
499.279375 1804
499.82625 2396
500.373125 1904
500.92 2388
501.466875 2640
502.01375 1272
502.560625 2068
503.1075 1952
503.654375 2040
504.20125 1504
504.748125 1712
505.295 1940
505.841875 1908
506.38875 2408
506.935625 1812
507.4825 2072
508.029375 1292
508.57625 1628
509.123125 1900
509.67 2124
510.216875 2416
510.76375 1384
511.310625 1768
511.8575 1164
512.4043750000001 2272
512.9512500000001 1252
513.4981250000001 1132
514.0450000000001 1948
514.5918750000001 1920
515.1387500000001 1920
515.6856250000001 1648
516.2325000000001 1648
516.7793750000001 1496
517.3262500000001 1516
517.8731250000001 1900
518.4200000000001 1468
518.9668750000001 1952
519.5137500000001 2264
520.0606250000001 1920
520.6075000000001 2212
521.1543750000001 1732
521.7012500000001 1464
522.2481250000001 2012
522.7950000000001 1588
523.3418750000001 1760
523.8887500000001 1256
524.4356250000001 1084
524.9825000000001 2220
525.5293750000001 2000
526.0762500000001 1376
526.6231250000001 1952
527.1700000000001 1824
527.7168750000001 1444
528.2637500000001 1492
528.8106250000001 1960
529.3575000000001 1800
529.9043750000001 1504
530.4512500000001 1544
530.9981250000001 1460
531.5450000000001 2044
532.0918750000001 1880
532.6387500000001 1972
533.1856250000001 1616
533.7325000000001 1696
534.2793750000001 2236
534.8262500000001 1676
535.3731250000001 1540
535.9200000000001 1988
536.4668750000001 2548
537.0137500000001 1828
537.5606250000001 2176
538.1075000000001 1804
538.6543750000001 1480
539.2012500000001 2656
539.7481250000001 1712
540.2950000000001 1948
540.8418750000001 2084
541.3887500000001 1552
541.9356250000001 2104
542.4825000000001 1444
543.0293750000001 2448
543.5762500000001 2380
544.1231250000001 1764
544.6700000000001 1440
545.2168750000001 1836
545.7637500000001 2112
546.3106250000001 2032
546.8575000000001 2468
547.4043750000001 2040
547.9512500000001 1848
548.4981250000001 2012
549.0450000000001 2128
549.5918750000001 1448
550.1387500000001 1684
550.6856250000001 1444
551.2325000000001 2720
551.7793750000001 1984
552.3262500000001 2312
552.8731250000001 2644
553.4200000000001 1456
553.9668750000001 2156
554.5137500000001 1756
555.0606250000001 1312
555.6075000000001 2136
556.1543750000001 2256
556.7012500000001 1476
557.2481250000001 2472
557.7950000000001 1936
558.3418750000001 1680
558.8887500000001 1468
559.4356250000001 1848
559.9825000000001 1584
560.5293750000001 1296
561.0762500000001 2992
561.6231250000001 2676
562.1700000000001 2120
562.7168750000001 2872
563.2637500000001 1768
563.8106250000001 2168
564.3575000000001 1596
564.9043750000001 2600
565.4512500000001 1968
565.9981250000001 2172
566.5450000000001 1088
567.0918750000001 2064
567.6387500000001 1644
568.1856250000001 1520
568.7325000000001 1496
569.2793750000001 2620
569.8262500000001 1876
570.3731250000001 1664
570.9200000000001 1592
571.4668750000001 1868
572.0137500000001 1820
572.5606250000001 2136
573.1075000000001 2156
573.6543750000001 1396
574.2012500000001 1776
574.7481250000001 1620
575.2950000000001 2376
575.8418750000001 2160
576.3887500000001 1736
576.9356250000001 1424
577.4825000000001 2472
578.0293750000001 1624
578.5762500000001 1748
579.1231250000001 1300
579.6700000000001 1512
580.2168750000001 2060
580.7637500000001 1652
581.3106250000001 1440
581.8575000000001 2048
582.4043750000001 1752
582.9512500000001 1888
583.4981250000001 2328
584.0450000000001 1800
584.5918750000001 2256
585.1387500000001 2436
585.6856250000001 1912
586.2325000000001 2028
586.7793750000001 2120
587.3262500000001 2556
587.8731250000001 1944
588.4200000000001 1828
588.9668750000001 2236
589.5137500000001 1456
590.0606250000001 1836
590.6075000000001 1672
591.1543750000001 1736
591.7012500000001 1452
592.2481250000001 1744
592.7950000000001 1908
593.3418750000001 2112
593.8887500000001 2064
594.4356250000001 1244
594.9825000000001 3064
595.5293750000001 1720
596.0762500000001 1672
596.6231250000001 1656
597.1700000000001 2312
597.7168750000001 2180
598.2637500000001 1764
598.8106250000001 2400
599.3575000000001 1268
599.9043750000001 1244
600.4512500000001 1584
600.9981250000001 1384
601.5450000000001 1808
602.0918750000001 1436
602.6387500000001 2336
603.1856250000001 1788
603.7325000000001 1596
604.2793750000001 1904
604.8262500000001 1744
605.3731250000001 1216
605.9200000000001 1256
606.4668750000001 2176
607.0137500000001 1652
607.5606250000001 1696
608.1075000000001 2528
608.6543750000001 1812
609.2012500000001 1220
609.7481250000001 2136
610.2950000000001 1328
610.8418750000001 1692
611.3887500000001 1988
611.9356250000001 2148
612.4825000000001 1828
613.0293750000001 2136
613.5762500000001 1824
614.1231250000001 1836
614.6700000000001 3332
615.2168750000001 2236
615.7637500000001 1764
616.3106250000001 1756
616.8575000000001 1900
617.4043750000001 1656
617.9512500000001 2092
618.4981250000001 1864
619.0450000000001 2372
619.5918750000001 1612
620.1387500000001 1572
620.6856250000001 2280
621.2325000000001 1908
621.7793750000001 1764
622.3262500000001 2484
622.8731250000001 1740
623.4200000000001 3488
623.9668750000001 1968
624.5137500000001 1480
625.0606250000001 2080
625.6075000000001 1608
626.1543750000001 1620
626.7012500000001 1468
627.2481250000001 1624
627.7950000000001 1828
628.3418750000001 1888
628.8887500000001 1776
629.4356250000001 2792
629.9825000000001 1976
630.5293750000001 2356
631.0762500000001 1764
631.6231250000001 1616
632.1700000000001 2100
632.7168750000001 1432
633.2637500000001 1816
633.8106250000001 1548
634.3575000000001 1836
634.9043750000001 2284
635.4512500000001 1720
635.9981250000001 2284
636.5450000000001 1948
637.0918750000001 1388
637.6387500000001 1692
638.1856250000001 2476
638.7325000000001 2164
639.2793750000001 1712
639.8262500000001 2276
640.3731250000001 2120
640.9200000000001 1376
641.4668750000001 1960
642.0137500000001 2184
642.5606250000001 1880
643.1075000000001 1696
643.6543750000001 1384
644.2012500000001 1960
644.7481250000001 1972
645.2950000000001 1996
645.8418750000001 1852
646.3887500000001 2100
646.9356250000001 2124
647.4825000000001 1812
648.0293750000001 1408
648.5762500000001 1428
649.1231250000001 1816
649.6700000000001 1968
650.2168750000001 1796
650.7637500000001 1728
651.3106250000001 1764
651.8575000000001 1904
652.4043750000001 1584
652.9512500000001 1720
653.4981250000001 1216
654.0450000000001 1456
654.5918750000001 2476
655.1387500000001 2200
655.6856250000001 2816
656.2325000000001 2152
656.7793750000001 2316
657.3262500000001 2020
657.8731250000001 2208
658.4200000000001 2252
658.9668750000001 1848
659.5137500000001 1908
660.0606250000001 1624
660.6075000000001 1936
661.1543750000001 2100
661.7012500000001 2144
662.2481250000001 2332
662.7950000000001 2172
663.3418750000001 1344
663.8887500000001 1952
664.4356250000001 1672
664.9825000000001 1264
665.5293750000001 1164
666.0762500000001 1796
666.6231250000001 1968
667.1700000000001 2172
667.7168750000001 2292
668.2637500000001 2352
668.8106250000001 1492
669.3575000000001 2092
669.9043750000001 1780
670.4512500000001 2396
670.9981250000001 1632
671.5450000000001 2024
672.0918750000001 1912
672.6387500000001 2092
673.1856250000001 2064
673.7325000000001 1956
674.2793750000001 2352
674.8262500000001 3044
675.3731250000001 1544
675.9200000000001 2312
676.4668750000001 1704
677.0137500000001 2148
677.5606250000001 1612
678.1075000000001 1416
678.6543750000001 1512
679.2012500000001 1124
679.7481250000001 2244
680.2950000000001 1980
680.8418750000001 1900
681.3887500000001 1880
681.9356250000001 2232
682.4825000000001 2340
683.0293750000001 1780
683.5762500000001 1200
684.1231250000001 1852
684.6700000000001 2012
685.2168750000001 1612
685.7637500000001 2624
686.3106250000001 2224
686.8575000000001 1552
687.4043750000001 1772
687.9512500000001 1560
688.4981250000001 2228
689.0450000000001 2044
689.5918750000001 1988
690.1387500000001 1692
690.6856250000001 2824
691.2325000000001 2040
691.7793750000001 1604
692.3262500000001 1204
692.8731250000001 1808
693.4200000000001 1476
693.9668750000001 2288
694.5137500000001 1356
695.0606250000001 1808
695.6075000000001 1672
696.1543750000001 2508
696.7012500000001 2012
697.2481250000001 1816
697.7950000000001 2292
698.3418750000001 2304
698.8887500000001 1312
699.4356250000001 2140
699.9825000000001 2092
700.5293750000001 1644
701.0762500000001 2192
701.6231250000001 2088
702.1700000000001 1916
702.7168750000001 2196
703.2637500000001 1616
703.8106250000001 1996
704.3575000000001 2004
704.9043750000001 2372
705.4512500000001 2328
705.9981250000001 2152
706.5450000000001 1948
707.0918750000001 2148
707.6387500000001 2020
708.1856250000001 1624
708.7325000000001 1784
709.2793750000001 2148
709.8262500000001 3032
710.3731250000001 1692
710.9200000000001 1548
711.4668750000001 1776
712.0137500000001 1968
712.5606250000001 1516
713.1075000000001 1648
713.6543750000001 2236
714.2012500000001 1880
714.7481250000001 2212
715.2950000000001 1516
715.8418750000001 1792
716.3887500000001 2140
716.9356250000001 1980
717.4825000000001 2284
718.0293750000001 1884
718.5762500000001 2196
719.1231250000001 2516
719.6700000000001 2136
720.2168750000001 1968
720.7637500000001 2092
721.3106250000001 1700
721.8575000000001 1268
722.4043750000001 2648
722.9512500000001 2104
723.4981250000001 1496
724.0450000000001 2164
724.5918750000001 1500
725.1387500000001 2068
725.6856250000001 2144
726.2325000000001 1936
726.7793750000001 2204
727.3262500000001 1748
727.8731250000001 2168
728.4200000000001 1300
728.9668750000001 4016
729.5137500000001 1552
730.0606250000001 2268
730.6075000000001 2352
731.1543750000001 1624
731.7012500000001 1792
732.2481250000001 1868
732.7950000000001 2192
733.3418750000001 2504
733.8887500000001 2220
734.4356250000001 1400
734.9825000000001 1788
735.5293750000001 1968
736.0762500000001 2116
736.6231250000001 2168
737.1700000000001 1712
737.7168750000001 2440
738.2637500000001 2456
738.8106250000001 1708
739.3575000000001 3012
739.9043750000001 1904
740.4512500000001 1652
740.9981250000001 1696
741.5450000000001 1588
742.0918750000001 1460
742.6387500000001 2372
743.1856250000001 1928
743.7325000000001 1760
744.2793750000001 1920
744.8262500000001 1848
745.3731250000001 2432
745.9200000000001 3180
746.4668750000001 2072
747.0137500000001 2396
747.5606250000001 1440
748.1075000000001 1464
748.6543750000001 1928
749.2012500000001 2188
749.7481250000001 1844
750.2950000000001 1404
750.8418750000001 2052
751.3887500000001 1588
751.9356250000001 1944
752.4825000000001 1540
753.0293750000001 1524
753.5762500000001 1624
754.1231250000001 1476
754.6700000000001 1692
755.2168750000001 2748
755.7637500000001 1648
756.3106250000001 1084
756.8575000000001 2260
757.4043750000001 1968
757.9512500000001 1268
758.4981250000001 1388
759.0450000000001 2080
759.5918750000001 2104
760.1387500000001 2352
760.6856250000001 1316
761.2325000000001 2892
761.7793750000001 1868
762.3262500000001 2548
762.8731250000001 1952
763.4200000000001 1512
763.9668750000001 2120
764.5137500000001 1940
765.0606250000001 1776
765.6075000000001 2072
766.1543750000001 1844
766.7012500000001 2248
767.2481250000001 1724
767.7950000000001 1960
768.3418750000001 1664
768.8887500000001 2280
769.4356250000001 2028
769.9825000000001 1508
770.5293750000001 1544
771.0762500000001 2128
771.6231250000001 2084
772.1700000000001 1748
772.7168750000001 2152
773.2637500000001 2136
773.8106250000001 2068
774.3575000000001 1460
774.9043750000001 1436
775.4512500000001 2324
775.9981250000001 1800
776.5450000000001 1700
777.0918750000001 1912
777.6387500000001 1836
778.1856250000001 1848
778.7325000000001 2092
779.2793750000001 1724
779.8262500000001 2124
780.3731250000001 1904
780.9200000000001 2120
781.4668750000001 2476
782.0137500000001 1560
782.5606250000001 1604
783.1075000000001 2040
783.6543750000001 1992
784.2012500000001 2008
784.7481250000001 2276
785.2950000000001 1520
785.8418750000001 1880
786.3887500000001 1376
786.9356250000001 1648
787.4825000000001 1776
788.0293750000001 2084
788.5762500000001 2328
789.1231250000001 1900
789.6700000000001 1876
790.2168750000001 2144
790.7637500000001 1900
791.3106250000001 1740
791.8575000000001 1204
792.4043750000001 2324
792.9512500000001 1368
793.4981250000001 2172
794.0450000000001 2072
794.5918750000001 1768
795.1387500000001 1700
795.6856250000001 1928
796.2325000000001 2440
796.7793750000001 1732
797.3262500000001 1640
797.8731250000001 2024
798.4200000000001 1636
798.9668750000001 1776
799.5137500000001 1520
800.0606250000001 1864
800.6075000000001 1912
801.1543750000001 1320
801.7012500000001 2352
802.2481250000001 1572
802.7950000000001 2276
803.3418750000001 2000
803.8887500000001 1188
804.4356250000001 1884
804.9825000000001 2488
805.5293750000001 2528
806.0762500000001 1700
806.6231250000001 1372
807.1700000000001 1984
807.7168750000001 1916
808.2637500000001 2236
808.8106250000001 2096
809.3575000000001 1772
809.9043750000001 1796
810.4512500000001 1520
810.9981250000001 2168
811.5450000000001 1892
812.0918750000001 3692
812.6387500000001 1752
813.1856250000001 1608
813.7325000000001 2968
814.2793750000001 2004
814.8262500000001 1960
815.3731250000001 2400
815.9200000000001 2096
816.4668750000001 2188
817.0137500000001 2176
817.5606250000001 1660
818.1075000000001 2304
818.6543750000001 2164
819.2012500000001 2040
819.7481250000001 1532
820.2950000000001 1932
820.8418750000001 1484
821.3887500000001 2388
821.9356250000001 1472
822.4825000000001 1900
823.0293750000001 2160
823.5762500000001 2020
824.1231250000001 1628
824.6700000000001 1656
825.2168750000001 1540
825.7637500000001 1200
826.3106250000001 2744
826.8575000000001 1892
827.4043750000001 1508
827.9512500000001 1432
828.4981250000001 1732
829.0450000000001 2276
829.5918750000001 2088
830.1387500000001 1732
830.6856250000001 2300
831.2325000000001 1952
831.7793750000001 1996
832.3262500000001 2728
832.8731250000001 1976
833.4200000000001 1436
833.9668750000001 2292
834.5137500000001 2200
835.0606250000001 2104
835.6075000000001 1348
836.1543750000001 2128
836.7012500000001 2104
837.2481250000001 1620
837.7950000000001 1636
838.3418750000001 2868
838.8887500000001 1784
839.4356250000001 2408
839.9825000000001 2280
840.5293750000001 1752
841.0762500000001 1188
841.6231250000001 1848
842.1700000000001 1116
842.7168750000001 1784
843.2637500000001 1600
843.8106250000001 1504
844.3575000000001 1608
844.9043750000001 1960
845.4512500000001 2336
845.9981250000001 1840
846.5450000000001 1348
847.0918750000001 1360
847.6387500000001 2884
848.1856250000001 1780
848.7325000000001 2332
849.2793750000001 1820
849.8262500000001 1516
850.3731250000001 1208
850.9200000000001 2264
851.4668750000001 1496
852.0137500000001 1560
852.5606250000001 1600
853.1075000000001 2924
853.6543750000001 1936
854.2012500000001 1344
854.7481250000001 1880
855.2950000000001 1728
855.8418750000001 1844
856.3887500000001 1464
856.9356250000001 1704
857.4825000000001 1424
858.0293750000001 2032
858.5762500000001 1616
859.1231250000001 1716
859.6700000000001 2892
860.2168750000001 2268
860.7637500000001 1532
861.3106250000001 1712
861.8575000000001 2000
862.4043750000001 1400
862.9512500000001 1940
863.4981250000001 1688
864.0450000000001 2172
864.5918750000001 2388
865.1387500000001 2024
865.6856250000001 8088
866.2325000000001 1356
866.7793750000001 1588
867.3262500000001 1328
867.8731250000001 2264
868.4200000000001 1476
868.9668750000001 2192
869.5137500000001 1552
870.0606250000001 1812
870.6075000000001 1616
871.1543750000001 1668
871.7012500000001 1708
872.2481250000001 1568
872.7950000000001 1400
873.3418750000001 2664
873.8887500000001 2144
874.4356250000001 2320
874.9825000000001 2468
875.5293750000001 1784
876.0762500000001 1948
876.6231250000001 1488
877.1700000000001 1760
877.7168750000001 1524
878.2637500000001 2204
878.8106250000001 1808
879.3575000000001 1892
879.9043750000001 1524
880.4512500000001 2088
880.9981250000001 2764
881.5450000000001 1568
882.0918750000001 2868
882.6387500000001 1700
883.1856250000001 2260
883.7325000000001 1380
884.2793750000001 1480
884.8262500000001 2464
885.3731250000001 1436
885.9200000000001 1964
886.4668750000001 2168
887.0137500000001 2296
887.5606250000001 1700
888.1075000000001 1712
888.6543750000001 2032
889.2012500000001 1572
889.7481250000001 1612
890.2950000000001 1620
890.8418750000001 1768
891.3887500000001 2216
891.9356250000001 2560
892.4825000000001 1832
893.0293750000001 1916
893.5762500000001 1748
894.1231250000001 2548
894.6700000000001 1432
895.2168750000001 1856
895.7637500000001 2120
896.3106250000001 2284
896.8575000000001 1560
897.4043750000001 1724
897.9512500000001 1768
898.4981250000001 1864
899.0450000000001 2076
899.5918750000001 1264
900.1387500000001 2072
900.6856250000001 1248
901.2325000000001 2128
901.7793750000001 1900
902.3262500000001 2008
902.8731250000001 1880
903.4200000000001 1852
903.9668750000001 1668
904.5137500000001 1876
905.0606250000001 1780
905.6075000000001 2656
906.1543750000001 2100
906.7012500000001 1264
907.2481250000001 1540
907.7950000000001 2784
908.3418750000001 1964
908.8887500000001 1772
909.4356250000001 1340
909.9825000000001 1860
910.5293750000001 2340
911.0762500000001 2020
911.6231250000001 2068
912.1700000000001 2120
912.7168750000001 2080
913.2637500000001 1904
913.8106250000001 2216
914.3575000000001 1460
914.9043750000001 1816
915.4512500000001 2556
915.9981250000001 1452
916.5450000000001 2372
917.0918750000001 2096
917.6387500000001 1724
918.1856250000001 2320
918.7325000000001 1972
919.2793750000001 1664
919.8262500000001 2284
920.3731250000001 1820
920.9200000000001 1316
921.4668750000001 2120
922.0137500000001 2128
922.5606250000001 1664
923.1075000000001 2360
923.6543750000001 1908
924.2012500000001 1644
924.7481250000001 1748
925.2950000000001 1556
925.8418750000001 1512
926.3887500000001 2016
926.9356250000001 2516
927.4825000000001 1472
928.0293750000001 1840
928.5762500000001 2016
929.1231250000001 1896
929.6700000000001 1188
930.2168750000001 1544
930.7637500000001 2588
931.3106250000001 2532
931.8575000000001 1892
932.4043750000001 1268
932.9512500000001 1548
933.4981250000001 1932
934.0450000000001 2204
934.5918750000001 1460
935.1387500000001 1788
935.6856250000001 2676
936.2325000000001 1832
936.7793750000001 1744
937.3262500000001 1832
937.8731250000001 1784
938.4200000000001 1044
938.9668750000001 1672
939.5137500000001 1540
940.0606250000001 2232
940.6075000000001 2232
941.1543750000001 1808
941.7012500000001 1560
942.2481250000001 1848
942.7950000000001 1920
943.3418750000001 1808
943.8887500000001 3352
944.4356250000001 1328
944.9825000000001 1920
945.5293750000001 2020
946.0762500000001 1936
946.6231250000001 1892
947.1700000000001 1564
947.7168750000001 2596
948.2637500000001 1548
948.8106250000001 1456
949.3575000000001 1628
949.9043750000001 2064
950.4512500000001 1560
950.9981250000001 1584
951.5450000000001 1320
952.0918750000001 3316
952.6387500000001 1360
953.1856250000001 2048
953.7325000000001 2380
954.2793750000001 2044
954.8262500000001 2472
955.3731250000001 2144
955.9200000000001 1656
956.4668750000001 1428
957.0137500000001 1608
957.5606250000001 1236
958.1075000000001 1596
958.6543750000001 1852
959.2012500000001 1660
959.7481250000001 1824
960.2950000000001 2732
960.8418750000001 1912
961.3887500000001 1712
961.9356250000001 1704
962.4825000000001 2372
963.0293750000001 1836
963.5762500000001 1728
964.1231250000001 2312
964.6700000000001 1392
965.2168750000001 3108
965.7637500000001 1516
966.3106250000001 2540
966.8575000000001 1532
967.4043750000001 1688
967.9512500000001 1568
968.4981250000001 2136
969.0450000000001 2392
969.5918750000001 2372
970.1387500000001 3152
970.6856250000001 2128
971.2325000000001 1660
971.7793750000001 1816
972.3262500000001 1432
972.8731250000001 2020
973.4200000000001 1816
973.9668750000001 2816
974.5137500000001 1924
975.0606250000001 2096
975.6075000000001 2328
976.1543750000001 2132
976.7012500000001 2544
977.2481250000001 1756
977.7950000000001 1616
978.3418750000001 1760
978.8887500000001 1592
979.4356250000001 1812
979.9825000000001 1956
980.5293750000001 1708
981.0762500000001 1624
981.6231250000001 2032
982.1700000000001 1340
982.7168750000001 2044
983.2637500000001 2352
983.8106250000001 1640
984.3575000000001 1920
984.9043750000001 1768
985.4512500000001 1500
985.9981250000001 1836
986.5450000000001 1920
987.0918750000001 1728
987.6387500000001 1744
988.1856250000001 2380
988.7325000000001 1652
989.2793750000001 2196
989.8262500000001 2296
990.3731250000001 1424
990.9200000000001 1404
991.4668750000001 2372
992.0137500000001 1772
992.5606250000001 1716
993.1075000000001 2400
993.6543750000001 1964
994.2012500000001 1536
994.7481250000001 2292
995.2950000000001 1552
995.8418750000001 2304
996.3887500000001 1452
996.9356250000001 2000
997.4825000000001 1608
998.0293750000001 1840
998.5762500000001 1744
999.1231250000001 1464
999.6700000000001 1600
1000.2168750000001 1872
1000.7637500000001 1788
1001.3106250000001 1628
1001.8575000000001 2148
1002.4043750000001 2848
1002.9512500000001 1948
1003.4981250000001 1808
1004.0450000000001 1300
1004.5918750000001 2908
1005.1387500000001 2212
1005.6856250000001 1468
1006.2325000000001 1692
1006.7793750000001 1616
1007.3262500000001 2768
1007.8731250000001 1608
1008.4200000000001 1548
1008.9668750000001 2664
1009.5137500000001 1696
1010.0606250000001 1628
1010.6075000000001 1736
1011.1543750000001 2048
1011.7012500000001 2548
1012.2481250000001 1780
1012.7950000000001 1412
1013.3418750000001 1432
1013.8887500000001 2388
1014.4356250000001 1832
1014.9825000000001 1720
1015.5293750000001 2236
1016.0762500000001 2436
1016.6231250000001 2008
1017.1700000000001 1748
1017.7168750000001 2228
1018.2637500000001 2184
1018.8106250000001 1852
1019.3575000000001 1352
1019.9043750000001 2336
1020.4512500000001 1740
1020.9981250000001 1928
1021.5450000000001 1536
1022.0918750000001 2176
1022.6387500000001 2092
1023.1856250000001 1576
1023.7325000000001 1948
1024.279375 2240
1024.82625 1432
1025.373125 2660
1025.92 1608
1026.466875 1432
1027.01375 1540
1027.560625 1892
1028.1075 1568
1028.654375 1548
1029.20125 1368
1029.748125 1732
1030.295 1464
1030.841875 1552
1031.38875 1188
1031.935625 1760
1032.4825 1632
1033.029375 2308
1033.57625 1648
1034.123125 1764
1034.67 2344
1035.216875 1972
1035.76375 2640
1036.310625 2116
1036.8575 2028
1037.404375 2572
1037.95125 2412
1038.498125 2672
1039.045 2252
1039.591875 1660
1040.13875 1864
1040.685625 2096
1041.2325 3160
1041.779375 1864
1042.32625 1804
1042.873125 1988
1043.42 1888
1043.966875 1596
1044.51375 1964
1045.060625 2004
1045.6075 1512
1046.154375 2024
1046.70125 2412
1047.248125 1796
1047.795 1616
1048.341875 2124
1048.88875 1488
1049.435625 1840
1049.9825 1780
1050.529375 1368
1051.07625 2044
1051.623125 2488
1052.17 1120
1052.716875 1884
1053.26375 1468
1053.810625 2832
1054.3575 1764
1054.904375 1700
1055.45125 1908
1055.998125 1884
1056.545 2112
1057.091875 1564
1057.63875 1672
1058.185625 1940
1058.7325 2324
1059.279375 1892
1059.82625 1600
1060.373125 2484
1060.92 1936
1061.466875 1996
1062.01375 1488
1062.560625 2924
1063.1075 2724
1063.654375 1824
1064.20125 2104
1064.748125 1484
1065.295 1952
1065.841875 2048
1066.38875 1852
1066.935625 1852
1067.4825 1964
1068.029375 2084
1068.57625 1912
1069.123125 2244
1069.67 2332
1070.216875 1276
1070.76375 2132
1071.310625 2260
1071.8575 2596
1072.404375 1972
1072.95125 1776
1073.498125 2820
1074.045 1944
1074.591875 2168
1075.13875 1964
1075.685625 3076
1076.2325 1564
1076.779375 2380
1077.32625 2488
1077.873125 2252
1078.42 1768
1078.966875 1832
1079.51375 2504
1080.060625 1756
1080.6075 1308
1081.154375 1612
1081.70125 1432
1082.248125 2412
1082.795 2448
1083.341875 1360
1083.88875 2388
1084.435625 2660
1084.9825 1712
1085.529375 1916
1086.07625 2276
1086.623125 1764
1087.17 2088
1087.716875 1292
1088.26375 1716
1088.810625 2192
1089.3575 2340
1089.904375 2292
1090.45125 1872
1090.998125 1436
1091.545 1632
1092.091875 1424
1092.63875 2972
1093.185625 1948
1093.7325 1316
1094.279375 2176
1094.82625 1816
1095.373125 1712
1095.92 2084
1096.466875 1796
1097.01375 1440
1097.560625 1672
1098.1075 1972
1098.654375 1308
1099.20125 1764
1099.748125 1524
1100.295 1868
1100.841875 1864
1101.38875 2080
1101.935625 2104
1102.4825 1868
1103.029375 2260
1103.57625 1624
1104.123125 1732
1104.67 2120
1105.216875 2212
1105.76375 1924
1106.310625 1492
1106.8575 2160
1107.404375 1836
1107.95125 2092
1108.498125 2024
1109.045 2056
1109.591875 2556
1110.13875 1852
1110.685625 1904
1111.2325 2116
1111.779375 2876
1112.32625 1740
1112.873125 2264
1113.42 2260
1113.966875 2208
1114.51375 1620
1115.060625 1932
1115.6075 1448
1116.154375 1816
1116.70125 2172
1117.248125 4100
1117.795 1960
1118.341875 1844
1118.88875 1268
1119.435625 1864
1119.9825 2884
1120.529375 1520
1121.07625 1348
1121.623125 1700
1122.17 2552
1122.716875 1720
1123.26375 1864
1123.810625 2824
1124.3575 1888
1124.904375 1700
1125.45125 1296
1125.998125 2092
1126.545 1392
1127.091875 1688
1127.63875 1828
1128.185625 1828
1128.7325 2456
1129.279375 2308
1129.82625 1884
1130.373125 1756
1130.92 2812
1131.466875 2612
1132.01375 2360
1132.560625 1796
1133.1075 2372
1133.654375 2404
1134.20125 2012
1134.748125 2252
1135.295 2756
1135.841875 1672
1136.38875 1408
1136.935625 1896
1137.4825 1556
1138.029375 2860
1138.57625 2092
1139.123125 1756
1139.67 1776
1140.216875 1684
1140.76375 1700
1141.310625 1940
1141.8575 1836
1142.404375 2016
1142.95125 1684
1143.498125 1652
1144.045 2248
1144.591875 2376
1145.13875 1860
1145.685625 2500
1146.2325 2076
1146.779375 1644
1147.32625 2652
1147.873125 2580
1148.42 2404
1148.966875 1616
1149.51375 2160
1150.060625 2144
1150.6075 2200
1151.154375 1752
1151.70125 1552
1152.248125 1536
1152.795 1180
1153.341875 2024
1153.88875 2580
1154.435625 2440
1154.9825 1916
1155.529375 2252
1156.07625 1868
1156.623125 1432
1157.17 1780
1157.716875 2052
1158.26375 1440
1158.810625 1512
1159.3575 2256
1159.904375 1900
1160.45125 1932
1160.998125 1908
1161.545 2188
1162.091875 1552
1162.63875 2456
1163.185625 1916
1163.7325 2912
1164.279375 1680
1164.82625 1788
1165.373125 1940
1165.92 1616
1166.466875 2468
1167.01375 1508
1167.560625 1588
1168.1075 1932
1168.654375 2804
1169.20125 1652
1169.748125 2124
1170.295 1524
1170.841875 1628
1171.38875 1820
1171.935625 1672
1172.4825 2480
1173.029375 1692
1173.57625 1808
1174.123125 2780
1174.67 2416
1175.216875 2860
1175.76375 1796
1176.310625 2432
1176.8575 1764
1177.404375 2336
1177.95125 2648
1178.498125 2008
1179.045 1880
1179.591875 1720
1180.13875 1800
1180.685625 2908
1181.2325 1476
1181.779375 2524
1182.32625 1572
1182.873125 1816
1183.42 1744
1183.966875 1620
1184.51375 2152
1185.060625 1484
1185.6075 1908
1186.154375 2080
1186.70125 1416
1187.248125 2368
1187.795 1556
1188.341875 2496
1188.88875 1628
1189.435625 1800
1189.9825 1948
1190.529375 1988
1191.07625 1776
1191.623125 2644
1192.17 1940
1192.716875 1500
1193.26375 1980
1193.810625 1760
1194.3575 1376
1194.904375 2096
1195.45125 2112
1195.998125 2284
1196.545 1648
1197.091875 1544
1197.63875 1648
1198.185625 1740
1198.7325 2164
1199.279375 1340
1199.82625 2620
1200.373125 2280
1200.92 2712
1201.466875 1828
1202.01375 2116
1202.560625 1516
1203.1075 1744
1203.654375 1892
1204.20125 1592
1204.748125 1880
1205.295 2036
1205.841875 2108
1206.38875 1696
1206.935625 1776
1207.4825 2312
1208.029375 2080
1208.57625 1528
1209.123125 1272
1209.67 2072
1210.216875 2380
1210.76375 2288
1211.310625 2880
1211.8575 1948
1212.404375 1540
1212.95125 2184
1213.498125 1456
1214.045 1932
1214.591875 1724
1215.13875 2188
1215.685625 1988
1216.2325 1860
1216.779375 2256
1217.32625 2764
1217.873125 2152
1218.42 2556
1218.966875 2276
1219.51375 1404
1220.060625 2020
1220.6075 2200
1221.154375 1476
1221.70125 2192
1222.248125 1628
1222.795 2228
1223.341875 2040
1223.88875 2368
1224.435625 2112
1224.9825 2036
1225.529375 2604
1226.07625 1728
1226.623125 2208
1227.17 2484
1227.716875 2168
1228.26375 2452
1228.810625 2280
1229.3575 2180
1229.904375 2796
1230.45125 2204
1230.998125 2016
1231.545 2424
1232.091875 1752
1232.63875 1808
1233.185625 1888
1233.7325 3148
1234.279375 1796
1234.82625 1724
1235.373125 1840
1235.92 2160
1236.466875 2420
1237.01375 1488
1237.560625 1768
1238.1075 1952
1238.654375 2396
1239.20125 2272
1239.748125 2032
1240.295 1492
1240.841875 1804
1241.38875 1960
1241.935625 1660
1242.4825 2096
1243.029375 2140
1243.57625 1368
1244.123125 2012
1244.67 2900
1245.216875 1840
1245.76375 2524
1246.310625 2316
1246.8575 1880
1247.404375 1772
1247.95125 2372
1248.498125 2752
1249.045 2536
1249.591875 1840
1250.13875 1800
1250.685625 1668
1251.2325 2076
1251.779375 2448
1252.32625 2056
1252.873125 2668
1253.42 2084
1253.966875 1544
1254.51375 1984
1255.060625 2312
1255.6075 1324
1256.154375 1740
1256.70125 1456
1257.248125 1936
1257.795 2364
1258.341875 2784
1258.88875 2300
1259.435625 2012
1259.9825 1912
1260.529375 2584
1261.07625 2136
1261.623125 2320
1262.17 2340
1262.716875 1788
1263.26375 2480
1263.810625 3000
1264.3575 2600
1264.904375 1804
1265.45125 1592
1265.998125 1724
1266.545 1896
1267.091875 2084
1267.63875 2452
1268.185625 1592
1268.7325 2300
1269.279375 3272
1269.82625 2384
1270.373125 1784
1270.92 1764
1271.466875 2484
1272.01375 1896
1272.560625 1908
1273.1075 1808
1273.654375 1692
1274.20125 2332
1274.748125 1692
1275.295 1924
1275.841875 1876
1276.38875 2456
1276.935625 2304
1277.4825 1448
1278.029375 2168
1278.57625 2508
1279.123125 2168
1279.67 1940
1280.216875 1560
1280.76375 1764
1281.310625 1816
1281.8575 2080
1282.404375 1788
1282.95125 2068
1283.498125 1868
1284.045 2052
1284.591875 2116
1285.13875 1980
1285.685625 1968
1286.2325 1772
1286.779375 1540
1287.32625 2172
1287.873125 1872
1288.42 2028
1288.966875 1896
1289.51375 2776
1290.060625 1492
1290.6075 3316
1291.154375 2224
1291.70125 2540
1292.248125 1916
1292.795 2320
1293.341875 3128
1293.88875 2364
1294.435625 1888
1294.9825 2072
1295.529375 1816
1296.07625 1784
1296.623125 2084
1297.17 2404
1297.716875 2968
1298.26375 2588
1298.810625 2236
1299.3575 2840
1299.904375 2012
1300.45125 1640
1300.998125 2156
1301.545 2428
1302.091875 1768
1302.63875 2068
1303.185625 2128
1303.7325 1668
1304.279375 2200
1304.82625 2492
1305.373125 2360
1305.92 2408
1306.466875 2432
1307.01375 2340
1307.560625 1860
1308.1075 3408
1308.654375 2276
1309.20125 2468
1309.748125 2404
1310.295 1684
1310.841875 2116
1311.38875 2724
1311.935625 2924
1312.4825 1844
1313.029375 1948
1313.57625 2428
1314.123125 2476
1314.67 2344
1315.216875 2060
1315.76375 1560
1316.310625 1952
1316.8575 1676
1317.404375 2656
1317.95125 2436
1318.498125 2000
1319.045 2572
1319.591875 2192
1320.13875 1776
1320.685625 1992
1321.2325 2844
1321.779375 2112
1322.32625 2060
1322.873125 1976
1323.42 2444
1323.966875 1824
1324.51375 1764
1325.060625 2332
1325.6075 2196
1326.154375 2208
1326.70125 2604
1327.248125 1764
1327.795 2564
1328.341875 2276
1328.88875 2148
1329.435625 2100
1329.9825 2304
1330.529375 2276
1331.07625 1964
1331.623125 2864
1332.17 1684
1332.716875 1664
1333.26375 1636
1333.810625 2372
1334.3575 2460
1334.904375 2164
1335.45125 2004
1335.998125 2808
1336.545 2356
1337.091875 1960
1337.63875 2260
1338.185625 2020
1338.7325 2176
1339.279375 2444
1339.82625 2244
1340.373125 1492
1340.92 2648
1341.466875 1892
1342.01375 1980
1342.560625 2356
1343.1075 2404
1343.654375 2172
1344.20125 2164
1344.748125 2608
1345.295 2716
1345.841875 2092
1346.38875 2204
1346.935625 1912
1347.4825 2332
1348.029375 2172
1348.57625 2060
1349.123125 2364
1349.67 2304
1350.216875 2672
1350.76375 2084
1351.310625 2108
1351.8575 1948
1352.404375 2520
1352.95125 2172
1353.498125 1856
1354.045 3164
1354.591875 2572
1355.13875 2164
1355.685625 2308
1356.2325 1964
1356.779375 2332
1357.32625 2596
1357.873125 2636
1358.42 2004
1358.966875 2768
1359.51375 2436
1360.060625 2532
1360.6075 3016
1361.154375 2244
1361.70125 2628
1362.248125 1820
1362.795 2644
1363.341875 2824
1363.88875 2352
1364.435625 2384
1364.9825 3064
1365.529375 2312
1366.07625 3552
1366.623125 2536
1367.17 2856
1367.716875 2364
1368.26375 2240
1368.810625 2328
1369.3575 3080
1369.904375 2732
1370.45125 2272
1370.998125 2384
1371.545 2648
1372.091875 4176
1372.63875 2608
1373.185625 3580
1373.7325 2356
1374.279375 1964
1374.82625 2540
1375.373125 2856
1375.92 3096
1376.466875 2668
1377.01375 2652
1377.560625 2816
1378.1075 2792
1378.654375 2596
1379.20125 2496
1379.748125 2604
1380.295 2632
1380.841875 3092
1381.38875 2544
1381.935625 2492
1382.4825 3192
1383.029375 2172
1383.57625 2788
1384.123125 2796
1384.67 2784
1385.216875 2684
1385.76375 2492
1386.310625 2924
1386.8575 3076
1387.404375 3052
1387.95125 3308
1388.498125 2480
1389.045 3044
1389.591875 3032
1390.13875 3116
1390.685625 2508
1391.2325 3868
1391.779375 3004
1392.32625 3204
1392.873125 3504
1393.42 3220
1393.966875 3496
1394.51375 2996
1395.060625 4760
1395.6075 3876
1396.154375 2896
1396.70125 3128
1397.248125 3120
1397.795 3612
1398.341875 2768
1398.88875 3692
1399.435625 3220
1399.9825 3544
1400.529375 3000
1401.07625 3156
1401.623125 4016
1402.17 3248
1402.716875 3300
1403.26375 4060
1403.810625 3228
1404.3575 3628
1404.904375 3740
1405.45125 3868
1405.998125 3768
1406.545 3564
1407.091875 3472
1407.63875 3652
1408.185625 4612
1408.7325 3980
1409.279375 4292
1409.82625 3520
1410.373125 3880
1410.92 4512
1411.466875 4612
1412.01375 3612
1412.560625 4552
1413.1075 4904
1413.654375 3864
1414.20125 4988
1414.748125 4264
1415.295 4424
1415.841875 5276
1416.38875 4772
1416.935625 5612
1417.4825 5668
1418.029375 5148
1418.57625 5632
1419.123125 5476
