299.67 -120
300.216875 -4
300.76375 -100
301.310625 120
301.8575 20
302.404375 64
302.95125 -164
303.498125 100
304.045 196
304.591875 -32
305.13875 -116
305.685625 176
306.2325 -88
306.779375 -8
307.32625 108
307.873125 132
308.42 -24
308.966875 4
309.51375 84
310.060625 84
310.6075 48
311.154375 -184
311.70125 96
312.248125 108
312.795 -132
313.341875 -96
313.88875 28
314.435625 -156
314.9825 -20
315.529375 76
316.07625 44
316.623125 -160
317.17 -64
317.716875 0
318.26375 0
318.810625 136
319.3575 108
319.904375 140
320.45125 -52
320.998125 32
321.545 -8
322.091875 -56
322.63875 76
323.185625 -100
323.7325 128
324.279375 12
324.82625 -160
325.373125 176
325.92 -52
326.466875 -132
327.01375 20
327.560625 156
328.1075 84
328.654375 100
329.20125 64
329.748125 144
330.295 -76
330.841875 -8
331.38875 -80
331.935625 232
332.4825 -144
333.029375 44
333.57625 -128
334.123125 84
334.67 -28
335.216875 0
335.76375 -8
336.310625 240
336.8575 112
337.404375 -20
337.95125 60
338.498125 184
339.045 72
339.591875 20
340.13875 76
340.685625 60
341.2325 116
341.779375 -88
342.32625 112
342.873125 0
343.42 -48
343.966875 96
344.51375 12
345.060625 156
345.6075 116
346.154375 -52
346.70125 132
347.248125 -76
347.795 -24
348.341875 -8
348.88875 192
349.435625 -52
349.9825 36
350.529375 -24
351.07625 -160
351.623125 -16
352.17 96
352.716875 24
353.26375 16
353.810625 120
354.3575 -76
354.904375 -108
355.45125 -60
355.998125 -128
356.545 -104
357.091875 -8
357.63875 -64
358.185625 -24
358.7325 -32
359.279375 -116
359.82625 164
360.373125 84
360.92 20
361.466875 20
362.01375 64
362.560625 -16
363.1075 -48
363.654375 160
364.20125 156
364.748125 16
365.295 -208
365.841875 -20
366.38875 40
366.935625 48
367.4825 128
368.029375 28
368.57625 -244
369.123125 288
369.67 60
370.216875 -108
370.76375 152
371.310625 -204
371.8575 112
372.404375 48
372.95125 136
373.498125 44
374.045 -92
374.591875 0
375.13875 -72
375.685625 -112
376.2325 -24
376.779375 152
377.32625 220
377.873125 32
378.42 12
378.966875 4
379.51375 56
380.060625 60
380.6075 -100
381.154375 -84
381.70125 64
382.248125 -12
382.795 -112
383.341875 -140
383.88875 96
384.435625 48
384.9825 28
385.529375 40
386.07625 12
386.623125 124
387.17 -16
387.716875 -48
388.26375 -108
388.810625 192
389.3575 -4
389.904375 -8
390.45125 -4
390.998125 32
391.545 -72
392.091875 52
392.63875 12
393.185625 -140
393.7325 88
394.279375 56
394.82625 44
395.373125 208
395.92 56
396.466875 -144
397.01375 20
397.560625 92
398.1075 -192
398.654375 100
399.20125 -100
399.748125 76
400.295 184
400.841875 -212
401.38875 176
401.935625 -116
402.4825 -8
403.029375 -176
403.57625 -32
404.123125 0
404.67 220
405.216875 -28
405.76375 -4
406.310625 144
406.8575 -140
407.404375 48
407.95125 -80
408.498125 -80
409.045 116
409.591875 24
410.13875 164
410.685625 52
411.2325 -4
411.779375 -20
412.32625 96
412.873125 24
413.42 124
413.966875 -20
414.51375 -76
415.060625 -28
415.6075 -24
416.154375 -44
416.70125 -60
417.248125 -76
417.795 -32
418.341875 -12
418.88875 -16
419.435625 -8
419.9825 4
420.529375 44
421.07625 152
421.623125 -92
422.17 16
422.716875 -56
423.26375 24
423.810625 0
424.3575 -4
424.904375 12
425.45125 24
425.998125 -16
426.545 -208
427.091875 104
427.63875 56
428.185625 144
428.7325 36
429.279375 276
429.82625 -148
430.373125 24
430.92 -40
431.466875 64
432.01375 -68
432.560625 -20
433.1075 -4
433.654375 -20
434.20125 -16
434.748125 72
435.295 -48
435.841875 48
436.38875 -56
436.935625 44
437.4825 52
438.029375 -72
438.57625 68
439.123125 -88
439.67 24
440.216875 -52
440.76375 40
441.310625 204
441.8575 -36
442.404375 180
442.95125 100
443.498125 64
444.045 -76
444.591875 -252
445.13875 -40
445.685625 52
446.2325 -220
446.779375 4
447.32625 -12
447.873125 204
448.42 -80
448.966875 80
449.51375 20
450.060625 64
450.6075 164
451.154375 -208
451.70125 -92
452.248125 72
452.795 -4
453.341875 -72
453.88875 104
454.435625 44
454.9825 100
455.529375 56
456.07625 -88
456.623125 -64
457.17 20
457.716875 -84
458.26375 56
458.810625 48
459.3575 8
459.904375 88
460.45125 48
460.998125 76
461.545 172
462.091875 196
462.63875 144
463.185625 44
463.7325 76
464.279375 -60
464.82625 -156
465.373125 140
465.92 -116
466.466875 0
467.01375 -52
467.560625 324
468.1075 116
468.654375 -108
469.20125 60
469.748125 44
470.295 -12
470.841875 -76
471.38875 -32
471.935625 -48
472.4825 100
473.029375 -68
473.57625 96
474.123125 -20
474.67 76
475.216875 44
475.76375 16
476.310625 224
476.8575 100
477.404375 144
477.95125 -52
478.498125 40
479.045 160
479.591875 -88
480.13875 -60
480.685625 8
481.2325 28
481.779375 8
482.32625 -8
482.873125 -100
483.42 -172
483.966875 -16
484.51375 -8
485.060625 28
485.6075 144
486.154375 -4
486.70125 56
487.248125 140
487.795 32
488.341875 100
488.88875 -16
489.435625 -56
489.9825 -80
490.529375 104
491.07625 36
491.623125 48
492.17 32
492.716875 16
493.26375 -20
493.810625 28
494.3575 -56
494.904375 -8
495.45125 -28
495.998125 76
496.545 -16
497.091875 -20
497.63875 -20
498.185625 84
498.7325 84
499.279375 84
499.82625 -88
500.373125 16
500.92 60
501.466875 -44
502.01375 112
502.560625 180
503.1075 16
503.654375 -28
504.20125 4
504.748125 -40
505.295 -144
505.841875 100
506.38875 -16
506.935625 -124
507.4825 32
508.029375 -88
508.57625 -44
509.123125 -168
509.67 -40
510.216875 -40
510.76375 40
511.310625 -80
511.8575 -88
512.4043750000001 116
512.9512500000001 16
513.4981250000001 132
514.0450000000001 12
514.5918750000001 -120
515.1387500000001 -84
515.6856250000001 136
516.2325000000001 136
516.7793750000001 -24
517.3262500000001 -8
517.8731250000001 -24
518.4200000000001 84
518.9668750000001 -124
519.5137500000001 -16
520.0606250000001 -44
520.6075000000001 -108
521.1543750000001 -100
521.7012500000001 -64
522.2481250000001 -16
522.7950000000001 -64
523.3418750000001 -16
523.8887500000001 12
524.4356250000001 36
524.9825000000001 0
525.5293750000001 44
526.0762500000001 -28
526.6231250000001 -16
527.1700000000001 36
527.7168750000001 -88
528.2637500000001 -28
528.8106250000001 40
529.3575000000001 60
529.9043750000001 188
530.4512500000001 56
530.9981250000001 140
531.5450000000001 -100
532.0918750000001 -8
532.6387500000001 80
533.1856250000001 -16
533.7325000000001 -28
534.2793750000001 52
534.8262500000001 -16
535.3731250000001 40
535.9200000000001 -16
536.4668750000001 -116
537.0137500000001 -28
537.5606250000001 -44
538.1075000000001 -84
538.6543750000001 44
539.2012500000001 -68
539.7481250000001 -60
540.2950000000001 -148
540.8418750000001 -8
541.3887500000001 80
541.9356250000001 84
542.4825000000001 72
543.0293750000001 -100
543.5762500000001 116
544.1231250000001 -108
544.6700000000001 -60
545.2168750000001 72
545.7637500000001 -48
546.3106250000001 84
546.8575000000001 -116
547.4043750000001 64
547.9512500000001 132
548.4981250000001 -72
549.0450000000001 -164
549.5918750000001 48
550.1387500000001 100
550.6856250000001 132
551.2325000000001 -276
551.7793750000001 48
552.3262500000001 40
552.8731250000001 -172
553.4200000000001 128
553.9668750000001 128
554.5137500000001 -16
555.0606250000001 340
555.6075000000001 -180
556.1543750000001 48
556.7012500000001 -148
557.2481250000001 68
557.7950000000001 12
558.3418750000001 84
558.8887500000001 72
559.4356250000001 -140
559.9825000000001 60
560.5293750000001 -28
561.0762500000001 16
561.6231250000001 -224
562.1700000000001 -92
562.7168750000001 -12
563.2637500000001 -8
563.8106250000001 -92
564.3575000000001 -80
564.9043750000001 48
565.4512500000001 60
565.9981250000001 -4
566.5450000000001 96
567.0918750000001 104
567.6387500000001 0
568.1856250000001 60
568.7325000000001 -72
569.2793750000001 112
569.8262500000001 8
570.3731250000001 24
570.9200000000001 -24
571.4668750000001 -40
572.0137500000001 -4
572.5606250000001 48
573.1075000000001 -140
573.6543750000001 -8
574.2012500000001 28
574.7481250000001 20
575.2950000000001 8
575.8418750000001 -244
576.3887500000001 92
576.9356250000001 -28
577.4825000000001 -160
578.0293750000001 136
578.5762500000001 8
579.1231250000001 -164
579.6700000000001 -108
580.2168750000001 -168
580.7637500000001 -84
581.3106250000001 -96
581.8575000000001 -44
582.4043750000001 -88
582.9512500000001 -72
583.4981250000001 48
584.0450000000001 40
584.5918750000001 -16
585.1387500000001 120
585.6856250000001 -164
586.2325000000001 -96
586.7793750000001 12
587.3262500000001 36
587.8731250000001 -80
588.4200000000001 88
588.9668750000001 -52
589.5137500000001 20
590.0606250000001 84
590.6075000000001 24
591.1543750000001 12
591.7012500000001 28
592.2481250000001 128
592.7950000000001 -60
593.3418750000001 -56
593.8887500000001 88
594.4356250000001 8
594.9825000000001 32
595.5293750000001 -52
596.0762500000001 -68
596.6231250000001 0
597.1700000000001 -108
597.7168750000001 128
598.2637500000001 68
598.8106250000001 -88
599.3575000000001 -44
599.9043750000001 88
600.4512500000001 88
600.9981250000001 -68
601.5450000000001 -120
602.0918750000001 -96
602.6387500000001 -184
603.1856250000001 12
603.7325000000001 80
604.2793750000001 -28
604.8262500000001 -40
605.3731250000001 -52
605.9200000000001 0
606.4668750000001 40
607.0137500000001 60
607.5606250000001 212
608.1075000000001 8
608.6543750000001 -132
609.2012500000001 52
609.7481250000001 -32
610.2950000000001 8
610.8418750000001 200
611.3887500000001 -172
611.9356250000001 -8
612.4825000000001 44
613.0293750000001 -12
613.5762500000001 128
614.1231250000001 -104
614.6700000000001 -80
615.2168750000001 0
615.7637500000001 -24
616.3106250000001 -20
616.8575000000001 -56
617.4043750000001 -116
617.9512500000001 112
618.4981250000001 -12
619.0450000000001 -220
619.5918750000001 -80
620.1387500000001 -28
620.6856250000001 36
621.2325000000001 -148
621.7793750000001 -96
622.3262500000001 60
622.8731250000001 20
623.4200000000001 52
623.9668750000001 76
624.5137500000001 20
625.0606250000001 108
625.6075000000001 -84
626.1543750000001 208
626.7012500000001 -88
627.2481250000001 -76
627.7950000000001 -100
628.3418750000001 12
628.8887500000001 20
629.4356250000001 -204
629.9825000000001 44
630.5293750000001 -4
631.0762500000001 -52
631.6231250000001 12
632.1700000000001 -24
632.7168750000001 24
633.2637500000001 24
633.8106250000001 88
634.3575000000001 0
634.9043750000001 -212
635.4512500000001 68
635.9981250000001 -24
636.5450000000001 12
637.0918750000001 52
637.6387500000001 -28
638.1856250000001 28
638.7325000000001 16
639.2793750000001 -64
639.8262500000001 -32
640.3731250000001 80
640.9200000000001 80
641.4668750000001 132
642.0137500000001 104
642.5606250000001 68
643.1075000000001 8
643.6543750000001 -68
644.2012500000001 72
644.7481250000001 -36
645.2950000000001 208
645.8418750000001 16
646.3887500000001 -100
646.9356250000001 100
647.4825000000001 0
648.0293750000001 120
648.5762500000001 144
649.1231250000001 -80
649.6700000000001 220
650.2168750000001 -40
650.7637500000001 28
651.3106250000001 64
651.8575000000001 104
652.4043750000001 -140
652.9512500000001 120
653.4981250000001 16
654.0450000000001 -24
654.5918750000001 -208
655.1387500000001 140
655.6856250000001 12
656.2325000000001 12
656.7793750000001 -56
657.3262500000001 160
657.8731250000001 -72
658.4200000000001 -152
658.9668750000001 -144
659.5137500000001 -28
660.0606250000001 224
660.6075000000001 12
661.1543750000001 28
661.7012500000001 -124
662.2481250000001 -96
662.7950000000001 4
663.3418750000001 64
663.8887500000001 -100
664.4356250000001 -56
664.9825000000001 -20
665.5293750000001 52
666.0762500000001 192
666.6231250000001 60
667.1700000000001 -40
667.7168750000001 44
668.2637500000001 0
668.8106250000001 16
669.3575000000001 -144
669.9043750000001 -40
670.4512500000001 -16
670.9981250000001 24
671.5450000000001 68
672.0918750000001 -104
672.6387500000001 16
673.1856250000001 -48
673.7325000000001 24
674.2793750000001 128
674.8262500000001 -152
675.3731250000001 16
675.9200000000001 28
676.4668750000001 -68
677.0137500000001 40
677.5606250000001 112
678.1075000000001 -88
678.6543750000001 60
679.2012500000001 120
679.7481250000001 228
680.2950000000001 36
680.8418750000001 -88
681.3887500000001 60
681.9356250000001 -256
682.4825000000001 96
683.0293750000001 -28
683.5762500000001 224
684.1231250000001 80
684.6700000000001 40
685.2168750000001 36
685.7637500000001 132
686.3106250000001 -40
686.8575000000001 20
687.4043750000001 -64
687.9512500000001 12
688.4981250000001 52
689.0450000000001 28
689.5918750000001 -4
690.1387500000001 64
690.6856250000001 -180
691.2325000000001 28
691.7793750000001 48
692.3262500000001 160
692.8731250000001 112
693.4200000000001 16
693.9668750000001 80
694.5137500000001 32
695.0606250000001 100
695.6075000000001 52
696.1543750000001 8
696.7012500000001 -88
697.2481250000001 48
697.7950000000001 -140
698.3418750000001 84
698.8887500000001 24
699.4356250000001 48
699.9825000000001 -128
700.5293750000001 -4
701.0762500000001 36
701.6231250000001 -84
702.1700000000001 -28
702.7168750000001 188
703.2637500000001 -8
703.8106250000001 12
704.3575000000001 284
704.9043750000001 84
705.4512500000001 -188
705.9981250000001 92
706.5450000000001 -88
707.0918750000001 -152
707.6387500000001 72
708.1856250000001 204
708.7325000000001 160
709.2793750000001 -56
709.8262500000001 88
710.3731250000001 96
710.9200000000001 44
711.4668750000001 312
712.0137500000001 192
712.5606250000001 76
713.1075000000001 184
713.6543750000001 112
714.2012500000001 100
714.7481250000001 196
715.2950000000001 260
715.8418750000001 140
716.3887500000001 40
716.9356250000001 300
717.4825000000001 320
718.0293750000001 364
718.5762500000001 176
719.1231250000001 356
719.6700000000001 304
720.2168750000001 336
720.7637500000001 232
721.3106250000001 472
721.8575000000001 336
722.4043750000001 352
722.9512500000001 316
723.4981250000001 180
724.0450000000001 360
724.5918750000001 568
725.1387500000001 224
725.6856250000001 732
726.2325000000001 368
726.7793750000001 268
727.3262500000001 464
727.8731250000001 468
728.4200000000001 620
728.9668750000001 584
729.5137500000001 384
730.0606250000001 576
730.6075000000001 444
731.1543750000001 588
731.7012500000001 452
732.2481250000001 392
732.7950000000001 616
733.3418750000001 644
733.8887500000001 744
734.4356250000001 664
734.9825000000001 700
735.5293750000001 736
736.0762500000001 684
736.6231250000001 968
737.1700000000001 988
737.7168750000001 1148
738.2637500000001 884
738.8106250000001 1044
739.3575000000001 1008
739.9043750000001 1080
740.4512500000001 1120
740.9981250000001 1216
741.5450000000001 1180
742.0918750000001 1144
742.6387500000001 1232
743.1856250000001 1728
743.7325000000001 1420
744.2793750000001 1588
744.8262500000001 1544
745.3731250000001 1388
745.9200000000001 1656
746.4668750000001 1868
747.0137500000001 2016
747.5606250000001 1776
748.1075000000001 1888
748.6543750000001 1876
749.2012500000001 1996
749.7481250000001 2396
750.2950000000001 2372
750.8418750000001 2224
751.3887500000001 2704
751.9356250000001 2692
752.4825000000001 2588
753.0293750000001 2840
753.5762500000001 2620
754.1231250000001 2808
754.6700000000001 2800
755.2168750000001 2764
755.7637500000001 2668
756.3106250000001 2748
756.8575000000001 2532
757.4043750000001 2536
757.9512500000001 2396
758.4981250000001 2316
759.0450000000001 2048
759.5918750000001 1640
760.1387500000001 1372
760.6856250000001 1316
761.2325000000001 1444
761.7793750000001 1256
762.3262500000001 1088
762.8731250000001 1084
763.4200000000001 940
763.9668750000001 856
764.5137500000001 828
765.0606250000001 856
765.6075000000001 648
766.1543750000001 560
766.7012500000001 528
767.2481250000001 468
767.7950000000001 348
768.3418750000001 328
768.8887500000001 128
769.4356250000001 440
769.9825000000001 204
770.5293750000001 304
771.0762500000001 224
771.6231250000001 356
772.1700000000001 120
772.7168750000001 108
773.2637500000001 244
773.8106250000001 -12
774.3575000000001 36
774.9043750000001 48
775.4512500000001 116
775.9981250000001 92
776.5450000000001 196
777.0918750000001 36
777.6387500000001 -120
778.1856250000001 148
778.7325000000001 -104
779.2793750000001 -32
779.8262500000001 48
780.3731250000001 -132
780.9200000000001 68
781.4668750000001 84
782.0137500000001 12
782.5606250000001 -88
783.1075000000001 -116
783.6543750000001 136
784.2012500000001 4
784.7481250000001 -288
785.2950000000001 -140
785.8418750000001 92
786.3887500000001 8
786.9356250000001 -24
787.4825000000001 88
788.0293750000001 32
788.5762500000001 92
789.1231250000001 -92
789.6700000000001 -68
790.2168750000001 152
790.7637500000001 -48
791.3106250000001 -76
791.8575000000001 92
792.4043750000001 -48
792.9512500000001 -76
793.4981250000001 24
794.0450000000001 32
794.5918750000001 96
795.1387500000001 64
795.6856250000001 0
796.2325000000001 -28
796.7793750000001 -112
797.3262500000001 8
797.8731250000001 44
798.4200000000001 80
798.9668750000001 0
799.5137500000001 60
800.0606250000001 80
800.6075000000001 -44
801.1543750000001 -24
801.7012500000001 -112
802.2481250000001 -108
802.7950000000001 100
803.3418750000001 -108
803.8887500000001 -8
804.4356250000001 4
804.9825000000001 -108
805.5293750000001 -124
806.0762500000001 32
806.6231250000001 136
807.1700000000001 -20
807.7168750000001 20
808.2637500000001 20
808.8106250000001 -156
809.3575000000001 152
809.9043750000001 108
810.4512500000001 -56
810.9981250000001 -192
811.5450000000001 124
812.0918750000001 -128
812.6387500000001 -36
813.1856250000001 -4
813.7325000000001 204
814.2793750000001 76
814.8262500000001 104
815.3731250000001 12
815.9200000000001 56
816.4668750000001 180
817.0137500000001 -44
817.5606250000001 40
818.1075000000001 100
818.6543750000001 100
819.2012500000001 -16
819.7481250000001 -16
820.2950000000001 28
820.8418750000001 28
821.3887500000001 -28
821.9356250000001 24
822.4825000000001 -16
823.0293750000001 72
823.5762500000001 -112
824.1231250000001 -80
824.6700000000001 -16
825.2168750000001 -4
825.7637500000001 68
826.3106250000001 -132
826.8575000000001 0
827.4043750000001 56
827.9512500000001 68
828.4981250000001 -88
829.0450000000001 -264
829.5918750000001 -164
830.1387500000001 -28
830.6856250000001 8
831.2325000000001 -44
831.7793750000001 88
832.3262500000001 148
832.8731250000001 140
833.4200000000001 -28
833.9668750000001 -184
834.5137500000001 108
835.0606250000001 56
835.6075000000001 0
836.1543750000001 -24
836.7012500000001 48
837.2481250000001 64
837.7950000000001 -32
838.3418750000001 -88
838.8887500000001 84
839.4356250000001 32
839.9825000000001 92
840.5293750000001 4
841.0762500000001 24
841.6231250000001 -108
842.1700000000001 140
842.7168750000001 -76
843.2637500000001 32
843.8106250000001 148
844.3575000000001 180
844.9043750000001 64
845.4512500000001 328
845.9981250000001 -20
846.5450000000001 -72
847.0918750000001 72
847.6387500000001 -48
848.1856250000001 28
848.7325000000001 108
849.2793750000001 16
849.8262500000001 36
850.3731250000001 -72
850.9200000000001 76
851.4668750000001 -4
852.0137500000001 -12
852.5606250000001 -16
853.1075000000001 -204
853.6543750000001 20
854.2012500000001 24
854.7481250000001 -168
855.2950000000001 -212
855.8418750000001 156
856.3887500000001 160
856.9356250000001 76
857.4825000000001 -8
858.0293750000001 44
858.5762500000001 196
859.1231250000001 -60
859.6700000000001 128
860.2168750000001 -64
860.7637500000001 -4
861.3106250000001 -156
861.8575000000001 -56
862.4043750000001 100
862.9512500000001 248
863.4981250000001 -32
864.0450000000001 -60
864.5918750000001 28
865.1387500000001 8
865.6856250000001 92
866.2325000000001 8
866.7793750000001 108
867.3262500000001 8
867.8731250000001 -160
868.4200000000001 212
868.9668750000001 -44
869.5137500000001 28
870.0606250000001 -32
870.6075000000001 20
871.1543750000001 88
871.7012500000001 56
872.2481250000001 4
872.7950000000001 -112
873.3418750000001 -80
873.8887500000001 -236
874.4356250000001 -56
874.9825000000001 -112
875.5293750000001 -120
876.0762500000001 32
876.6231250000001 20
877.1700000000001 28
877.7168750000001 -28
878.2637500000001 152
878.8106250000001 40
879.3575000000001 64
879.9043750000001 132
880.4512500000001 -4
880.9981250000001 168
881.5450000000001 -84
882.0918750000001 -80
882.6387500000001 -56
883.1856250000001 40
883.7325000000001 128
884.2793750000001 116
884.8262500000001 -24
885.3731250000001 76
885.9200000000001 -52
886.4668750000001 -268
887.0137500000001 176
887.5606250000001 -92
888.1075000000001 232
888.6543750000001 84
889.2012500000001 -112
889.7481250000001 84
890.2950000000001 36
890.8418750000001 -64
891.3887500000001 -120
891.9356250000001 148
892.4825000000001 -40
893.0293750000001 168
893.5762500000001 -156
894.1231250000001 -4
894.6700000000001 24
895.2168750000001 -136
895.7637500000001 -140
896.3106250000001 4
896.8575000000001 176
897.4043750000001 76
897.9512500000001 24
898.4981250000001 -80
899.0450000000001 -20
899.5918750000001 68
900.1387500000001 72
900.6856250000001 -8
901.2325000000001 52
901.7793750000001 -48
902.3262500000001 32
902.8731250000001 4
903.4200000000001 132
903.9668750000001 52
904.5137500000001 -96
905.0606250000001 -64
905.6075000000001 -116
906.1543750000001 132
906.7012500000001 52
907.2481250000001 -36
907.7950000000001 -48
908.3418750000001 -44
908.8887500000001 -72
909.4356250000001 64
909.9825000000001 -64
910.5293750000001 12
911.0762500000001 16
911.6231250000001 -32
912.1700000000001 140
912.7168750000001 8
913.2637500000001 -60
913.8106250000001 -176
914.3575000000001 100
914.9043750000001 44
915.4512500000001 124
915.9981250000001 -24
916.5450000000001 -36
917.0918750000001 -100
917.6387500000001 64
918.1856250000001 148
918.7325000000001 -48
919.2793750000001 32
919.8262500000001 24
920.3731250000001 -124
920.9200000000001 -64
921.4668750000001 -36
922.0137500000001 16
922.5606250000001 -76
923.1075000000001 88
923.6543750000001 -4
924.2012500000001 104
924.7481250000001 84
925.2950000000001 112
925.8418750000001 84
926.3887500000001 116
926.9356250000001 80
927.4825000000001 -80
928.0293750000001 40
928.5762500000001 -60
929.1231250000001 -156
929.6700000000001 16
930.2168750000001 -52
930.7637500000001 100
931.3106250000001 -60
931.8575000000001 -72
932.4043750000001 -16
932.9512500000001 112
933.4981250000001 -148
934.0450000000001 12
934.5918750000001 -180
935.1387500000001 4
935.6856250000001 24
936.2325000000001 -52
936.7793750000001 176
937.3262500000001 -48
937.8731250000001 84
938.4200000000001 104
938.9668750000001 -40
939.5137500000001 20
940.0606250000001 20
940.6075000000001 -64
941.1543750000001 -84
941.7012500000001 -48
942.2481250000001 -8
942.7950000000001 44
943.3418750000001 28
943.8887500000001 128
944.4356250000001 -20
944.9825000000001 -160
945.5293750000001 -136
946.0762500000001 -8
946.6231250000001 -56
947.1700000000001 104
947.7168750000001 -108
948.2637500000001 40
948.8106250000001 108
949.3575000000001 136
949.9043750000001 -64
950.4512500000001 -56
950.9981250000001 -104
951.5450000000001 172
952.0918750000001 216
952.6387500000001 -144
953.1856250000001 88
953.7325000000001 112
954.2793750000001 8
954.8262500000001 124
955.3731250000001 76
955.9200000000001 -16
956.4668750000001 -108
957.0137500000001 -96
957.5606250000001 8
958.1075000000001 -60
958.6543750000001 100
959.2012500000001 -52
959.7481250000001 -88
960.2950000000001 -112
960.8418750000001 160
961.3887500000001 68
961.9356250000001 156
962.4825000000001 -152
963.0293750000001 -140
963.5762500000001 -172
964.1231250000001 -120
964.6700000000001 36
965.2168750000001 136
965.7637500000001 -44
966.3106250000001 16
966.8575000000001 12
967.4043750000001 40
967.9512500000001 -172
968.4981250000001 72
969.0450000000001 28
969.5918750000001 0
970.1387500000001 -148
970.6856250000001 16
971.2325000000001 -120
971.7793750000001 128
972.3262500000001 -8
972.8731250000001 -96
973.4200000000001 4
973.9668750000001 68
974.5137500000001 -96
975.0606250000001 -80
975.6075000000001 136
976.1543750000001 -4
976.7012500000001 24
977.2481250000001 72
977.7950000000001 120
978.3418750000001 -128
978.8887500000001 100
979.4356250000001 -56
979.9825000000001 68
980.5293750000001 -76
981.0762500000001 -88
981.6231250000001 -24
982.1700000000001 0
982.7168750000001 240
983.2637500000001 -56
983.8106250000001 -180
984.3575000000001 -52
984.9043750000001 -48
985.4512500000001 96
985.9981250000001 -148
986.5450000000001 -120
987.0918750000001 36
987.6387500000001 -44
988.1856250000001 68
988.7325000000001 -4
989.2793750000001 72
989.8262500000001 -96
990.3731250000001 -24
990.9200000000001 -16
991.4668750000001 -140
992.0137500000001 32
992.5606250000001 0
993.1075000000001 -4
993.6543750000001 -56
994.2012500000001 -68
994.7481250000001 -12
995.2950000000001 204
995.8418750000001 -60
996.3887500000001 20
996.9356250000001 -152
997.4825000000001 88
998.0293750000001 68
998.5762500000001 44
999.1231250000001 -16
999.6700000000001 116
1000.2168750000001 12
1000.7637500000001 20
1001.3106250000001 84
1001.8575000000001 -108
1002.4043750000001 4
1002.9512500000001 28
1003.4981250000001 -68
1004.0450000000001 88
1004.5918750000001 84
1005.1387500000001 56
1005.6856250000001 12
1006.2325000000001 52
1006.7793750000001 -32
1007.3262500000001 4
1007.8731250000001 48
1008.4200000000001 4
1008.9668750000001 -160
1009.5137500000001 4
1010.0606250000001 92
1010.6075000000001 140
1011.1543750000001 -156
1011.7012500000001 204
1012.2481250000001 48
1012.7950000000001 -12
1013.3418750000001 92
1013.8887500000001 -4
1014.4356250000001 -36
1014.9825000000001 44
1015.5293750000001 48
1016.0762500000001 -24
1016.6231250000001 180
1017.1700000000001 -52
1017.7168750000001 0
1018.2637500000001 -100
1018.8106250000001 100
1019.3575000000001 108
1019.9043750000001 140
1020.4512500000001 208
1020.9981250000001 -96
1021.5450000000001 -16
1022.0918750000001 -120
1022.6387500000001 -56
1023.1856250000001 68
1023.7325000000001 128
1024.279375 -92
1024.82625 36
1025.373125 32
1025.92 16
1026.466875 80
1027.01375 124
1027.560625 212
1028.1075 104
1028.654375 -80
1029.20125 -4
1029.748125 148
1030.295 92
1030.841875 -72
1031.38875 264
1031.935625 -44
1032.4825 36
1033.029375 -176
1033.57625 -80
1034.123125 140
1034.67 116
1035.216875 8
1035.76375 -100
1036.310625 -96
1036.8575 180
1037.404375 72
1037.95125 32
1038.498125 -112
1039.045 -80
1039.591875 8
1040.13875 140
1040.685625 -96
1041.2325 -20
1041.779375 -32
1042.32625 244
1042.873125 88
1043.42 176
1043.966875 88
1044.51375 64
1045.060625 -12
1045.6075 76
1046.154375 208
1046.70125 -128
1047.248125 -108
1047.795 -168
1048.341875 116
1048.88875 4
1049.435625 -216
1049.9825 -64
1050.529375 36
1051.07625 76
1051.623125 -32
1052.17 36
1052.716875 -192
1053.26375 20
1053.810625 8
1054.3575 80
1054.904375 228
1055.45125 236
1055.998125 40
1056.545 -196
1057.091875 16
1057.63875 12
1058.185625 -16
1058.7325 -16
1059.279375 -48
1059.82625 80
1060.373125 172
1060.92 -36
1061.466875 8
1062.01375 40
1062.560625 56
1063.1075 -24
1063.654375 -148
1064.20125 20
1064.748125 40
1065.295 -156
1065.841875 8
1066.38875 168
1066.935625 -4
1067.4825 0
1068.029375 -20
1068.57625 -40
1069.123125 -136
1069.67 -12
1070.216875 -80
1070.76375 16
1071.310625 184
1071.8575 -44
1072.404375 24
1072.95125 -188
1073.498125 -20
1074.045 -40
1074.591875 44
1075.13875 92
1075.685625 24
1076.2325 36
1076.779375 80
1077.32625 -24
1077.873125 -88
1078.42 32
1078.966875 -164
1079.51375 52
1080.060625 20
1080.6075 60
1081.154375 68
1081.70125 32
1082.248125 264
1082.795 -12
1083.341875 20
1083.88875 116
1084.435625 -80
1084.9825 76
1085.529375 -80
1086.07625 -40
1086.623125 48
1087.17 140
1087.716875 132
1088.26375 -128
1088.810625 -44
1089.3575 320
1089.904375 -4
1090.45125 -120
1090.998125 28
1091.545 88
1092.091875 64
1092.63875 -136
1093.185625 4
1093.7325 -44
1094.279375 84
1094.82625 104
1095.373125 -52
1095.92 136
1096.466875 -116
1097.01375 96
1097.560625 -28
1098.1075 12
1098.654375 8
1099.20125 -28
1099.748125 28
1100.295 76
1100.841875 220
1101.38875 -16
1101.935625 48
1102.4825 36
1103.029375 4
1103.57625 80
1104.123125 -92
1104.67 36
1105.216875 48
1105.76375 -108
1106.310625 24
1106.8575 64
1107.404375 192
1107.95125 96
1108.498125 84
1109.045 60
1109.591875 40
1110.13875 108
1110.685625 -20
1111.2325 -124
1111.779375 -32
1112.32625 108
1112.873125 24
1113.42 -16
1113.966875 92
1114.51375 -32
1115.060625 -64
1115.6075 100
1116.154375 -12
1116.70125 -8
1117.248125 -32
1117.795 -96
1118.341875 188
1118.88875 176
1119.435625 -68
1119.9825 16
1120.529375 44
1121.07625 -40
1121.623125 100
1122.17 -52
1122.716875 100
1123.26375 -128
1123.810625 -12
1124.3575 -112
1124.904375 44
1125.45125 56
1125.998125 -4
1126.545 -40
1127.091875 4
1127.63875 100
1128.185625 88
1128.7325 36
1129.279375 64
1129.82625 -40
1130.373125 12
1130.92 212
1131.466875 -76
1132.01375 -96
1132.560625 16
1133.1075 4
1133.654375 -4
1134.20125 -16
1134.748125 -184
1135.295 -184
1135.841875 32
1136.38875 -92
1136.935625 -112
1137.4825 64
1138.029375 -52
1138.57625 -112
1139.123125 140
1139.67 -104
1140.216875 -8
1140.76375 -52
1141.310625 32
1141.8575 20
1142.404375 76
1142.95125 16
1143.498125 -44
1144.045 24
1144.591875 -32
1145.13875 -52
1145.685625 116
1146.2325 -52
1146.779375 136
1147.32625 64
1147.873125 -144
1148.42 52
1148.966875 20
1149.51375 -20
1150.060625 284
1150.6075 140
1151.154375 -136
1151.70125 -32
1152.248125 -16
1152.795 28
1153.341875 80
1153.88875 -128
1154.435625 12
1154.9825 -152
1155.529375 0
1156.07625 84
1156.623125 -56
1157.17 -32
1157.716875 -112
1158.26375 60
1158.810625 56
1159.3575 -60
1159.904375 20
1160.45125 120
1160.998125 116
1161.545 40
1162.091875 92
1162.63875 92
1163.185625 80
1163.7325 20
1164.279375 96
1164.82625 120
1165.373125 60
1165.92 48
1166.466875 -8
1167.01375 -48
1167.560625 68
1168.1075 92
1168.654375 52
1169.20125 60
1169.748125 -100
1170.295 -116
1170.841875 24
1171.38875 -36
1171.935625 -80
1172.4825 12
1173.029375 -36
1173.57625 -100
1174.123125 -200
1174.67 148
1175.216875 -152
1175.76375 56
1176.310625 12
1176.8575 20
1177.404375 88
1177.95125 216
1178.498125 -92
1179.045 24
1179.591875 -32
1180.13875 -144
1180.685625 -32
1181.2325 108
1181.779375 -128
1182.32625 -52
1182.873125 -68
1183.42 24
1183.966875 56
1184.51375 0
1185.060625 -68
1185.6075 144
1186.154375 -128
1186.70125 -92
1187.248125 -24
1187.795 -100
1188.341875 -8
1188.88875 76
1189.435625 -128
1189.9825 -68
1190.529375 108
1191.07625 -32
1191.623125 -124
1192.17 -108
1192.716875 64
1193.26375 -24
1193.810625 -36
1194.3575 -56
1194.904375 -56
1195.45125 -84
1195.998125 28
1196.545 60
1197.091875 -128
1197.63875 -100
1198.185625 56
1198.7325 212
1199.279375 56
1199.82625 -80
1200.373125 144
1200.92 -48
1201.466875 136
1202.01375 20
1202.560625 196
1203.1075 -52
1203.654375 -16
1204.20125 -36
1204.748125 52
1205.295 64
1205.841875 -52
1206.38875 -68
1206.935625 -32
1207.4825 -92
1208.029375 -104
1208.57625 52
1209.123125 -112
1209.67 180
1210.216875 268
1210.76375 -140
1211.310625 180
1211.8575 24
1212.404375 -20
1212.95125 -132
1213.498125 -72
1214.045 -72
1214.591875 128
1215.13875 12
1215.685625 88
1216.2325 44
1216.779375 -144
1217.32625 40
1217.873125 88
1218.42 -16
1218.966875 -12
1219.51375 28
1220.060625 88
1220.6075 -136
1221.154375 -64
1221.70125 60
1222.248125 144
1222.795 -212
1223.341875 -48
1223.88875 -220
1224.435625 72
1224.9825 12
1225.529375 200
1226.07625 12
1226.623125 -92
1227.17 16
1227.716875 -136
1228.26375 -188
1228.810625 24
1229.3575 8
1229.904375 132
1230.45125 36
1230.998125 -88
1231.545 -12
1232.091875 72
1232.63875 200
1233.185625 -68
1233.7325 28
1234.279375 -40
1234.82625 68
1235.373125 -68
1235.92 -64
1236.466875 284
1237.01375 0
1237.560625 88
1238.1075 28
1238.654375 -52
1239.20125 -24
1239.748125 -140
1240.295 16
1240.841875 -144
1241.38875 -28
1241.935625 -144
1242.4825 176
1243.029375 96
1243.57625 60
1244.123125 -208
1244.67 -40
1245.216875 124
1245.76375 -276
1246.310625 156
1246.8575 -168
1247.404375 16
1247.95125 144
1248.498125 -96
1249.045 8
1249.591875 88
1250.13875 20
1250.685625 -56
1251.2325 -80
1251.779375 -172
1252.32625 -112
1252.873125 -164
1253.42 128
1253.966875 60
1254.51375 -152
1255.060625 84
1255.6075 36
1256.154375 -192
1256.70125 -72
1257.248125 -108
1257.795 -136
1258.341875 -260
1258.88875 36
1259.435625 -100
1259.9825 -172
1260.529375 12
1261.07625 -36
1261.623125 44
1262.17 100
1262.716875 -52
1263.26375 -64
1263.810625 84
1264.3575 112
1264.904375 0
1265.45125 -4
1265.998125 140
1266.545 -140
1267.091875 -72
1267.63875 232
1268.185625 128
1268.7325 -68
1269.279375 68
1269.82625 -36
1270.373125 132
1270.92 12
1271.466875 40
1272.01375 -88
1272.560625 20
1273.1075 -20
1273.654375 -112
1274.20125 116
1274.748125 -16
1275.295 4
1275.841875 116
1276.38875 -4
1276.935625 -48
1277.4825 -24
1278.029375 184
1278.57625 80
1279.123125 -72
1279.67 -64
1280.216875 88
1280.76375 100
1281.310625 156
1281.8575 36
1282.404375 32
1282.95125 -28
1283.498125 88
1284.045 12
1284.591875 -8
1285.13875 -96
1285.685625 -188
1286.2325 56
1286.779375 112
1287.32625 80
1287.873125 -64
1288.42 -16
1288.966875 0
1289.51375 152
1290.060625 -144
1290.6075 -104
1291.154375 48
1291.70125 -80
1292.248125 88
1292.795 -120
1293.341875 -144
1293.88875 84
1294.435625 32
1294.9825 164
1295.529375 244
1296.07625 -32
1296.623125 -156
1297.17 -144
1297.716875 -52
1298.26375 -56
1298.810625 76
1299.3575 20
1299.904375 -64
1300.45125 80
1300.998125 212
1301.545 -56
1302.091875 188
1302.63875 -32
1303.185625 -36
1303.7325 280
1304.279375 56
1304.82625 100
1305.373125 12
1305.92 148
1306.466875 20
1307.01375 0
1307.560625 152
1308.1075 -140
1308.654375 76
1309.20125 0
1309.748125 -16
1310.295 -64
1310.841875 0
1311.38875 -100
1311.935625 132
1312.4825 72
1313.029375 80
1313.57625 60
1314.123125 52
1314.67 -124
1315.216875 52
1315.76375 -32
1316.310625 -104
1316.8575 76
1317.404375 -52
1317.95125 -8
1318.498125 -208
1319.045 -12
1319.591875 88
1320.13875 60
1320.685625 -116
1321.2325 -120
1321.779375 24
1322.32625 -32
1322.873125 -80
1323.42 -56
1323.966875 -8
1324.51375 60
1325.060625 44
1325.6075 -24
1326.154375 292
1326.70125 -140
1327.248125 40
1327.795 16
1328.341875 16
1328.88875 -100
1329.435625 8
1329.9825 100
1330.529375 -120
1331.07625 -120
1331.623125 -96
1332.17 80
1332.716875 140
1333.26375 -64
1333.810625 12
1334.3575 160
1334.904375 252
1335.45125 36
1335.998125 108
1336.545 64
1337.091875 -100
1337.63875 -24
1338.185625 48
1338.7325 12
1339.279375 -184
1339.82625 8
1340.373125 52
1340.92 -104
1341.466875 148
1342.01375 52
1342.560625 260
1343.1075 -24
1343.654375 -16
1344.20125 -40
1344.748125 -348
1345.295 176
1345.841875 -56
1346.38875 84
1346.935625 4
1347.4825 52
1348.029375 68
1348.57625 356
1349.123125 -8
1349.67 -124
1350.216875 112
1350.76375 -108
1351.310625 192
1351.8575 72
1352.404375 -36
1352.95125 -32
1353.498125 160
1354.045 64
1354.591875 12
1355.13875 -16
1355.685625 180
1356.2325 8
1356.779375 8
1357.32625 -188
1357.873125 -48
1358.42 116
1358.966875 32
1359.51375 -104
1360.060625 80
1360.6075 -32
1361.154375 124
1361.70125 -56
1362.248125 224
1362.795 -28
1363.341875 100
1363.88875 -160
1364.435625 120
1364.9825 -68
1365.529375 100
1366.07625 4
1366.623125 -100
1367.17 -16
1367.716875 -208
1368.26375 16
1368.810625 -160
1369.3575 60
1369.904375 -44
1370.45125 196
1370.998125 -68
1371.545 0
1372.091875 -168
1372.63875 -52
1373.185625 -4
1373.7325 88
1374.279375 336
1374.82625 148
1375.373125 60
1375.92 -144
1376.466875 92
1377.01375 40
1377.560625 -28
1378.1075 52
1378.654375 240
1379.20125 284
1379.748125 32
1380.295 12
1380.841875 84
1381.38875 -104
1381.935625 100
1382.4825 88
1383.029375 16
1383.57625 140
1384.123125 -232
1384.67 100
1385.216875 168
1385.76375 116
1386.310625 104
1386.8575 -4
1387.404375 -176
1387.95125 44
1388.498125 -28
1389.045 -20
1389.591875 -56
1390.13875 324
1390.685625 88
1391.2325 28
1391.779375 -8
1392.32625 32
1392.873125 -224
1393.42 168
1393.966875 -100
1394.51375 -248
1395.060625 -180
1395.6075 -116
1396.154375 -44
1396.70125 48
1397.248125 104
1397.795 48
1398.341875 -48
1398.88875 -200
1399.435625 188
1399.9825 256
1400.529375 16
1401.07625 408
1401.623125 24
1402.17 324
1402.716875 144
1403.26375 16
1403.810625 136
1404.3575 4
1404.904375 -172
1405.45125 -152
1405.998125 -192
1406.545 8
1407.091875 -36
1407.63875 -232
1408.185625 -160
1408.7325 12
1409.279375 144
1409.82625 -340
1410.373125 -96
1410.92 40
1411.466875 -128
1412.01375 72
1412.560625 -236
1413.1075 -260
1413.654375 -4
1414.20125 48
1414.748125 176
1415.295 28
1415.841875 -64
1416.38875 -204
1416.935625 -72
1417.4825 -244
1418.029375 -4
1418.57625 96
1419.123125 -156
