299.67 2284
300.216875 2044
300.76375 2288
301.310625 3188
301.8575 2256
302.404375 2660
302.95125 1676
303.498125 1988
304.045 1800
304.591875 2016
305.13875 2560
305.685625 2180
306.2325 2648
306.779375 2996
307.32625 2920
307.873125 2836
308.42 3192
308.966875 2256
309.51375 2416
310.060625 1672
310.6075 2148
311.154375 1980
311.70125 2204
312.248125 2360
312.795 3556
313.341875 1868
313.88875 3760
314.435625 2008
314.9825 2856
315.529375 1432
316.07625 1564
316.623125 2324
317.17 1692
317.716875 2216
318.26375 2276
318.810625 2244
319.3575 1840
319.904375 1492
320.45125 1716
320.998125 2388
321.545 1608
322.091875 2284
322.63875 2032
323.185625 1852
323.7325 1704
324.279375 2932
324.82625 2096
325.373125 2348
325.92 1768
326.466875 1920
327.01375 2184
327.560625 3372
328.1075 2024
328.654375 2216
329.20125 1996
329.748125 1892
330.295 1672
330.841875 2100
331.38875 1448
331.935625 1788
332.4825 2524
333.029375 1728
333.57625 2244
334.123125 1648
334.67 2084
335.216875 2544
335.76375 2068
336.310625 2308
336.8575 1816
337.404375 1528
337.95125 2048
338.498125 2560
339.045 2800
339.591875 1580
340.13875 2016
340.685625 1808
341.2325 2376
341.779375 1792
342.32625 1400
342.873125 3040
343.42 2300
343.966875 1828
344.51375 2380
345.060625 2680
345.6075 2020
346.154375 2260
346.70125 2648
347.248125 2044
347.795 1500
348.341875 3368
348.88875 2032
349.435625 1864
349.9825 1608
350.529375 1724
351.07625 1960
351.623125 1892
352.17 1752
352.716875 1916
353.26375 2688
353.810625 1444
354.3575 1896
354.904375 1368
355.45125 2396
355.998125 1936
356.545 1352
357.091875 2852
357.63875 1460
358.185625 1612
358.7325 1952
359.279375 1616
359.82625 2064
360.373125 1972
360.92 1344
361.466875 2168
362.01375 1960
362.560625 2360
363.1075 1508
363.654375 1664
364.20125 3000
364.748125 2160
365.295 1556
365.841875 1624
366.38875 1324
366.935625 2152
367.4825 1788
368.029375 1356
368.57625 1904
369.123125 2412
369.67 2148
370.216875 1872
370.76375 1956
371.310625 1748
371.8575 1872
372.404375 1920
372.95125 3352
373.498125 2400
374.045 2172
374.591875 2048
375.13875 2376
375.685625 1444
376.2325 1692
376.779375 2088
377.32625 3064
377.873125 2128
378.42 2012
378.966875 2584
379.51375 1524
380.060625 1796
380.6075 2276
381.154375 2276
381.70125 1772
382.248125 2236
382.795 2176
383.341875 1644
383.88875 2360
384.435625 1980
384.9825 1992
385.529375 2624
386.07625 2408
386.623125 1968
387.17 1820
387.716875 1584
388.26375 1820
388.810625 3028
389.3575 1472
389.904375 1820
390.45125 1776
390.998125 1148
391.545 1756
392.091875 1760
392.63875 2284
393.185625 3032
393.7325 1956
394.279375 2556
394.82625 1232
395.373125 1832
395.92 1556
396.466875 2868
397.01375 2036
397.560625 1772
398.1075 1680
398.654375 1572
399.20125 1804
399.748125 2676
400.295 2140
400.841875 1304
401.38875 2360
401.935625 2868
402.4825 1824
403.029375 1644
403.57625 2064
404.123125 1844
404.67 2776
405.216875 2396
405.76375 2308
406.310625 2140
406.8575 1596
407.404375 2136
407.95125 1780
408.498125 3028
409.045 2284
409.591875 2148
410.13875 2152
410.685625 1464
411.2325 1888
411.779375 1660
412.32625 1672
412.873125 1716
413.42 1944
413.966875 2308
414.51375 1672
415.060625 2216
415.6075 2044
416.154375 1520
416.70125 1936
417.248125 2380
417.795 1864
418.341875 2044
418.88875 2324
419.435625 1356
419.9825 2288
420.529375 1804
421.07625 2252
421.623125 1720
422.17 2744
422.716875 1652
423.26375 1640
423.810625 2544
424.3575 2128
424.904375 1628
425.45125 2032
425.998125 1676
426.545 1612
427.091875 2108
427.63875 1612
428.185625 2452
428.7325 2024
429.279375 2000
429.82625 1428
430.373125 2660
430.92 1356
431.466875 3140
432.01375 2676
432.560625 2380
433.1075 1508
433.654375 1788
434.20125 1592
434.748125 1440
435.295 1772
435.841875 1432
436.38875 1712
436.935625 2256
437.4825 2336
438.029375 1744
438.57625 1892
439.123125 1596
439.67 2236
440.216875 1436
440.76375 1652
441.310625 1692
441.8575 2068
442.404375 2568
442.95125 1648
443.498125 1276
444.045 1612
444.591875 2360
445.13875 1824
445.685625 1376
446.2325 3452
446.779375 2440
447.32625 2496
447.873125 4660
448.42 1632
448.966875 3156
449.51375 1556
450.060625 1740
450.6075 1312
451.154375 1384
451.70125 1860
452.248125 1632
452.795 1128
453.341875 2460
453.88875 2412
454.435625 2108
454.9825 1840
455.529375 1672
456.07625 1352
456.623125 1308
457.17 1788
457.716875 1764
458.26375 1816
458.810625 1672
459.3575 2224
459.904375 2688
460.45125 1580
460.998125 1432
461.545 1620
462.091875 4324
462.63875 2080
463.185625 1864
463.7325 2000
464.279375 1720
464.82625 2124
465.373125 1536
465.92 1704
466.466875 1680
467.01375 1676
467.560625 1708
468.1075 2092
468.654375 1576
469.20125 1532
469.748125 1556
470.295 1708
470.841875 1676
471.38875 1256
471.935625 2084
472.4825 2544
473.029375 1656
473.57625 2100
474.123125 2192
474.67 1772
475.216875 2612
475.76375 1416
476.310625 2092
476.8575 2340
477.404375 2132
477.95125 1764
478.498125 1480
479.045 3672
479.591875 1788
480.13875 2012
480.685625 1968
481.2325 1728
481.779375 2252
482.32625 1820
482.873125 2008
483.42 1820
483.966875 1700
484.51375 1184
485.060625 1388
485.6075 1660
486.154375 1860
486.70125 1416
487.248125 1956
487.795 3000
488.341875 2248
488.88875 1724
489.435625 1952
489.9825 1556
490.529375 1788
491.07625 1784
491.623125 1492
492.17 1688
492.716875 1696
493.26375 2084
493.810625 1652
494.3575 1712
494.904375 1332
495.45125 1768
495.998125 1616
496.545 1848
497.091875 2088
497.63875 1808
498.185625 1644
498.7325 1136
499.279375 1888
499.82625 2308
500.373125 1920
500.92 2448
501.466875 2596
502.01375 1384
502.560625 2248
503.1075 1968
503.654375 2012
504.20125 1508
504.748125 1672
505.295 1796
505.841875 2008
506.38875 2392
506.935625 1688
507.4825 2104
508.029375 1204
508.57625 1584
509.123125 1732
509.67 2084
510.216875 2376
510.76375 1424
511.310625 1688
511.8575 1076
512.4043750000001 2388
512.9512500000001 1268
513.4981250000001 1264
514.0450000000001 1960
514.5918750000001 1800
515.1387500000001 1836
515.6856250000001 1784
516.2325000000001 1784
516.7793750000001 1472
517.3262500000001 1508
517.8731250000001 1876
518.4200000000001 1552
518.9668750000001 1828
519.5137500000001 2248
520.0606250000001 1876
520.6075000000001 2104
521.1543750000001 1632
521.7012500000001 1400
522.2481250000001 1996
522.7950000000001 1524
523.3418750000001 1744
523.8887500000001 1268
524.4356250000001 1120
524.9825000000001 2220
525.5293750000001 2044
526.0762500000001 1348
526.6231250000001 1936
527.1700000000001 1860
527.7168750000001 1356
528.2637500000001 1464
528.8106250000001 2000
529.3575000000001 1860
529.9043750000001 1692
530.4512500000001 1600
530.9981250000001 1600
531.5450000000001 1944
532.0918750000001 1872
532.6387500000001 2052
533.1856250000001 1600
533.7325000000001 1668
534.2793750000001 2288
534.8262500000001 1660
535.3731250000001 1580
535.9200000000001 1972
536.4668750000001 2432
537.0137500000001 1800
537.5606250000001 2132
538.1075000000001 1720
538.6543750000001 1524
539.2012500000001 2588
539.7481250000001 1652
540.2950000000001 1800
540.8418750000001 2076
541.3887500000001 1632
541.9356250000001 2188
542.4825000000001 1516
543.0293750000001 2348
543.5762500000001 2496
544.1231250000001 1656
544.6700000000001 1380
545.2168750000001 1908
545.7637500000001 2064
546.3106250000001 2116
546.8575000000001 2352
547.4043750000001 2104
547.9512500000001 1980
548.4981250000001 1940
549.0450000000001 1964
549.5918750000001 1496
550.1387500000001 1784
550.6856250000001 1576
551.2325000000001 2444
551.7793750000001 2032
552.3262500000001 2352
552.8731250000001 2472
553.4200000000001 1584
553.9668750000001 2284
554.5137500000001 1740
555.0606250000001 1652
555.6075000000001 1956
556.1543750000001 2304
556.7012500000001 1328
557.2481250000001 2540
557.7950000000001 1948
558.3418750000001 1764
558.8887500000001 1540
559.4356250000001 1708
559.9825000000001 1644
560.5293750000001 1268
561.0762500000001 3008
561.6231250000001 2452
562.1700000000001 2028
562.7168750000001 2860
563.2637500000001 1760
563.8106250000001 2076
564.3575000000001 1516
564.9043750000001 2648
565.4512500000001 2028
565.9981250000001 2168
566.5450000000001 1184
567.0918750000001 2168
567.6387500000001 1644
568.1856250000001 1580
568.7325000000001 1424
569.2793750000001 2732
569.8262500000001 1884
570.3731250000001 1688
570.9200000000001 1568
571.4668750000001 1828
572.0137500000001 1816
572.5606250000001 2184
573.1075000000001 2016
573.6543750000001 1388
574.2012500000001 1804
574.7481250000001 1640
575.2950000000001 2384
575.8418750000001 1916
576.3887500000001 1828
576.9356250000001 1396
577.4825000000001 2312
578.0293750000001 1760
578.5762500000001 1756
579.1231250000001 1136
579.6700000000001 1404
580.2168750000001 1892
580.7637500000001 1568
581.3106250000001 1344
581.8575000000001 2004
582.4043750000001 1664
582.9512500000001 1816
583.4981250000001 2376
584.0450000000001 1840
584.5918750000001 2240
585.1387500000001 2556
585.6856250000001 1748
586.2325000000001 1932
586.7793750000001 2132
587.3262500000001 2592
587.8731250000001 1864
588.4200000000001 1916
588.9668750000001 2184
589.5137500000001 1476
590.0606250000001 1920
590.6075000000001 1696
591.1543750000001 1748
591.7012500000001 1480
592.2481250000001 1872
592.7950000000001 1848
593.3418750000001 2056
593.8887500000001 2152
594.4356250000001 1252
594.9825000000001 3096
595.5293750000001 1668
596.0762500000001 1604
596.6231250000001 1656
597.1700000000001 2204
597.7168750000001 2308
598.2637500000001 1832
598.8106250000001 2312
599.3575000000001 1224
599.9043750000001 1332
600.4512500000001 1672
600.9981250000001 1316
601.5450000000001 1688
602.0918750000001 1340
602.6387500000001 2152
603.1856250000001 1800
603.7325000000001 1676
604.2793750000001 1876
604.8262500000001 1704
605.3731250000001 1164
605.9200000000001 1256
606.4668750000001 2216
607.0137500000001 1712
607.5606250000001 1908
608.1075000000001 2536
608.6543750000001 1680
609.2012500000001 1272
609.7481250000001 2104
610.2950000000001 1336
610.8418750000001 1892
611.3887500000001 1816
611.9356250000001 2140
612.4825000000001 1872
613.0293750000001 2124
613.5762500000001 1952
614.1231250000001 1732
614.6700000000001 3252
615.2168750000001 2236
615.7637500000001 1740
616.3106250000001 1736
616.8575000000001 1844
617.4043750000001 1540
617.9512500000001 2204
618.4981250000001 1852
619.0450000000001 2152
619.5918750000001 1532
620.1387500000001 1544
620.6856250000001 2316
621.2325000000001 1760
621.7793750000001 1668
622.3262500000001 2544
622.8731250000001 1760
623.4200000000001 3540
623.9668750000001 2044
624.5137500000001 1500
625.0606250000001 2188
625.6075000000001 1524
626.1543750000001 1828
626.7012500000001 1380
627.2481250000001 1548
627.7950000000001 1728
628.3418750000001 1900
628.8887500000001 1796
629.4356250000001 2588
629.9825000000001 2020
630.5293750000001 2352
631.0762500000001 1712
631.6231250000001 1628
632.1700000000001 2076
632.7168750000001 1456
633.2637500000001 1840
633.8106250000001 1636
634.3575000000001 1836
634.9043750000001 2072
635.4512500000001 1788
635.9981250000001 2260
636.5450000000001 1960
637.0918750000001 1440
637.6387500000001 1664
638.1856250000001 2504
638.7325000000001 2180
639.2793750000001 1648
639.8262500000001 2244
640.3731250000001 2200
640.9200000000001 1456
641.4668750000001 2092
642.0137500000001 2288
642.5606250000001 1948
643.1075000000001 1704
643.6543750000001 1316
644.2012500000001 2032
644.7481250000001 1936
645.2950000000001 2204
645.8418750000001 1868
646.3887500000001 2000
646.9356250000001 2224
647.4825000000001 1812
648.0293750000001 1528
648.5762500000001 1572
649.1231250000001 1736
649.6700000000001 2188
650.2168750000001 1756
650.7637500000001 1756
651.3106250000001 1828
651.8575000000001 2008
652.4043750000001 1444
652.9512500000001 1840
653.4981250000001 1232
654.0450000000001 1432
654.5918750000001 2268
655.1387500000001 2340
655.6856250000001 2828
656.2325000000001 2164
656.7793750000001 2260
657.3262500000001 2180
657.8731250000001 2136
658.4200000000001 2100
658.9668750000001 1704
659.5137500000001 1880
660.0606250000001 1848
660.6075000000001 1948
661.1543750000001 2128
661.7012500000001 2020
662.2481250000001 2236
662.7950000000001 2176
663.3418750000001 1408
663.8887500000001 1852
664.4356250000001 1616
664.9825000000001 1244
665.5293750000001 1216
666.0762500000001 1988
666.6231250000001 2028
667.1700000000001 2132
667.7168750000001 2336
668.2637500000001 2352
668.8106250000001 1508
669.3575000000001 1948
669.9043750000001 1740
670.4512500000001 2380
670.9981250000001 1656
671.5450000000001 2092
672.0918750000001 1808
672.6387500000001 2108
673.1856250000001 2016
673.7325000000001 1980
674.2793750000001 2480
674.8262500000001 2892
675.3731250000001 1560
675.9200000000001 2340
676.4668750000001 1636
677.0137500000001 2188
677.5606250000001 1724
678.1075000000001 1328
678.6543750000001 1572
679.2012500000001 1244
679.7481250000001 2472
680.2950000000001 2016
680.8418750000001 1812
681.3887500000001 1940
681.9356250000001 1976
682.4825000000001 2436
683.0293750000001 1752
683.5762500000001 1424
684.1231250000001 1932
684.6700000000001 2052
685.2168750000001 1648
685.7637500000001 2756
686.3106250000001 2184
686.8575000000001 1572
687.4043750000001 1708
687.9512500000001 1572
688.4981250000001 2280
689.0450000000001 2072
689.5918750000001 1984
690.1387500000001 1756
690.6856250000001 2644
691.2325000000001 2068
691.7793750000001 1652
692.3262500000001 1364
692.8731250000001 1920
693.4200000000001 1492
693.9668750000001 2368
694.5137500000001 1388
695.0606250000001 1908
695.6075000000001 1724
696.1543750000001 2516
696.7012500000001 1924
697.2481250000001 1864
697.7950000000001 2152
698.3418750000001 2388
698.8887500000001 1336
699.4356250000001 2188
699.9825000000001 1964
700.5293750000001 1640
701.0762500000001 2228
701.6231250000001 2004
702.1700000000001 1888
702.7168750000001 2384
703.2637500000001 1608
703.8106250000001 2008
704.3575000000001 2288
704.9043750000001 2456
705.4512500000001 2140
705.9981250000001 2244
706.5450000000001 1860
707.0918750000001 1996
707.6387500000001 2092
708.1856250000001 1828
708.7325000000001 1944
709.2793750000001 2092
709.8262500000001 3120
710.3731250000001 1788
710.9200000000001 1592
711.4668750000001 2088
712.0137500000001 2160
712.5606250000001 1592
713.1075000000001 1832
713.6543750000001 2348
714.2012500000001 1980
714.7481250000001 2408
715.2950000000001 1776
715.8418750000001 1932
716.3887500000001 2180
716.9356250000001 2280
717.4825000000001 2604
718.0293750000001 2248
718.5762500000001 2372
719.1231250000001 2872
719.6700000000001 2440
720.2168750000001 2304
720.7637500000001 2324
721.3106250000001 2172
721.8575000000001 1604
722.4043750000001 3000
722.9512500000001 2420
723.4981250000001 1676
724.0450000000001 2524
724.5918750000001 2068
725.1387500000001 2292
725.6856250000001 2876
726.2325000000001 2304
726.7793750000001 2472
727.3262500000001 2212
727.8731250000001 2636
728.4200000000001 1920
728.9668750000001 4600
729.5137500000001 1936
730.0606250000001 2844
730.6075000000001 2796
731.1543750000001 2212
731.7012500000001 2244
732.2481250000001 2260
732.7950000000001 2808
733.3418750000001 3148
733.8887500000001 2964
734.4356250000001 2064
734.9825000000001 2488
735.5293750000001 2704
736.0762500000001 2800
736.6231250000001 3136
737.1700000000001 2700
737.7168750000001 3588
738.2637500000001 3340
738.8106250000001 2752
739.3575000000001 4020
739.9043750000001 2984
740.4512500000001 2772
740.9981250000001 2912
741.5450000000001 2768
742.0918750000001 2604
742.6387500000001 3604
743.1856250000001 3656
743.7325000000001 3180
744.2793750000001 3508
744.8262500000001 3392
745.3731250000001 3820
745.9200000000001 4836
746.4668750000001 3940
747.0137500000001 4412
747.5606250000001 3216
748.1075000000001 3352
748.6543750000001 3804
749.2012500000001 4184
749.7481250000001 4240
750.2950000000001 3776
750.8418750000001 4276
751.3887500000001 4292
751.9356250000001 4636
752.4825000000001 4128
753.0293750000001 4364
753.5762500000001 4244
754.1231250000001 4284
754.6700000000001 4492
755.2168750000001 5512
755.7637500000001 4316
756.3106250000001 3832
756.8575000000001 4792
757.4043750000001 4504
757.9512500000001 3664
758.4981250000001 3704
759.0450000000001 4128
759.5918750000001 3744
760.1387500000001 3724
760.6856250000001 2632
761.2325000000001 4336
761.7793750000001 3124
762.3262500000001 3636
762.8731250000001 3036
763.4200000000001 2452
763.9668750000001 2976
764.5137500000001 2768
765.0606250000001 2632
765.6075000000001 2720
766.1543750000001 2404
766.7012500000001 2776
767.2481250000001 2192
767.7950000000001 2308
768.3418750000001 1992
768.8887500000001 2408
769.4356250000001 2468
769.9825000000001 1712
770.5293750000001 1848
771.0762500000001 2352
771.6231250000001 2440
772.1700000000001 1868
772.7168750000001 2260
773.2637500000001 2380
773.8106250000001 2056
774.3575000000001 1496
774.9043750000001 1484
775.4512500000001 2440
775.9981250000001 1892
776.5450000000001 1896
777.0918750000001 1948
777.6387500000001 1716
778.1856250000001 1996
778.7325000000001 1988
779.2793750000001 1692
779.8262500000001 2172
780.3731250000001 1772
780.9200000000001 2188
781.4668750000001 2560
782.0137500000001 1572
782.5606250000001 1516
783.1075000000001 1924
783.6543750000001 2128
784.2012500000001 2012
784.7481250000001 1988
785.2950000000001 1380
785.8418750000001 1972
786.3887500000001 1384
786.9356250000001 1624
787.4825000000001 1864
788.0293750000001 2116
788.5762500000001 2420
789.1231250000001 1808
789.6700000000001 1808
790.2168750000001 2296
790.7637500000001 1852
791.3106250000001 1664
791.8575000000001 1296
792.4043750000001 2276
792.9512500000001 1292
793.4981250000001 2196
794.0450000000001 2104
794.5918750000001 1864
795.1387500000001 1764
795.6856250000001 1928
796.2325000000001 2412
796.7793750000001 1620
797.3262500000001 1648
797.8731250000001 2068
798.4200000000001 1716
798.9668750000001 1776
799.5137500000001 1580
800.0606250000001 1944
800.6075000000001 1868
801.1543750000001 1296
801.7012500000001 2240
802.2481250000001 1464
802.7950000000001 2376
803.3418750000001 1892
803.8887500000001 1180
804.4356250000001 1888
804.9825000000001 2380
805.5293750000001 2404
806.0762500000001 1732
806.6231250000001 1508
807.1700000000001 1964
807.7168750000001 1936
808.2637500000001 2256
808.8106250000001 1940
809.3575000000001 1924
809.9043750000001 1904
810.4512500000001 1464
810.9981250000001 1976
811.5450000000001 2016
812.0918750000001 3564
812.6387500000001 1716
813.1856250000001 1604
813.7325000000001 3172
814.2793750000001 2080
814.8262500000001 2064
815.3731250000001 2412
815.9200000000001 2152
816.4668750000001 2368
817.0137500000001 2132
817.5606250000001 1700
818.1075000000001 2404
818.6543750000001 2264
819.2012500000001 2024
819.7481250000001 1516
820.2950000000001 1960
820.8418750000001 1512
821.3887500000001 2360
821.9356250000001 1496
822.4825000000001 1884
823.0293750000001 2232
823.5762500000001 1908
824.1231250000001 1548
824.6700000000001 1640
825.2168750000001 1536
825.7637500000001 1268
826.3106250000001 2612
826.8575000000001 1892
827.4043750000001 1564
827.9512500000001 1500
828.4981250000001 1644
829.0450000000001 2012
829.5918750000001 1924
830.1387500000001 1704
830.6856250000001 2308
831.2325000000001 1908
831.7793750000001 2084
832.3262500000001 2876
832.8731250000001 2116
833.4200000000001 1408
833.9668750000001 2108
834.5137500000001 2308
835.0606250000001 2160
835.6075000000001 1348
836.1543750000001 2104
836.7012500000001 2152
837.2481250000001 1684
837.7950000000001 1604
838.3418750000001 2780
838.8887500000001 1868
839.4356250000001 2440
839.9825000000001 2372
840.5293750000001 1756
841.0762500000001 1212
841.6231250000001 1740
842.1700000000001 1256
842.7168750000001 1708
843.2637500000001 1632
843.8106250000001 1652
844.3575000000001 1788
844.9043750000001 2024
845.4512500000001 2664
845.9981250000001 1820
846.5450000000001 1276
847.0918750000001 1432
847.6387500000001 2836
848.1856250000001 1808
848.7325000000001 2440
849.2793750000001 1836
849.8262500000001 1552
850.3731250000001 1136
850.9200000000001 2340
851.4668750000001 1492
852.0137500000001 1548
852.5606250000001 1584
853.1075000000001 2720
853.6543750000001 1956
854.2012500000001 1368
854.7481250000001 1712
855.2950000000001 1516
855.8418750000001 2000
856.3887500000001 1624
856.9356250000001 1780
857.4825000000001 1416
858.0293750000001 2076
858.5762500000001 1812
859.1231250000001 1656
859.6700000000001 3020
860.2168750000001 2204
860.7637500000001 1528
861.3106250000001 1556
861.8575000000001 1944
862.4043750000001 1500
862.9512500000001 2188
863.4981250000001 1656
864.0450000000001 2112
864.5918750000001 2416
865.1387500000001 2032
865.6856250000001 8180
866.2325000000001 1364
866.7793750000001 1696
867.3262500000001 1336
867.8731250000001 2104
868.4200000000001 1688
868.9668750000001 2148
869.5137500000001 1580
870.0606250000001 1780
870.6075000000001 1636
871.1543750000001 1756
871.7012500000001 1764
872.2481250000001 1572
872.7950000000001 1288
873.3418750000001 2584
873.8887500000001 1908
874.4356250000001 2264
874.9825000000001 2356
875.5293750000001 1664
876.0762500000001 1980
876.6231250000001 1508
877.1700000000001 1788
877.7168750000001 1496
878.2637500000001 2356
878.8106250000001 1848
879.3575000000001 1956
879.9043750000001 1656
880.4512500000001 2084
880.9981250000001 2932
881.5450000000001 1484
882.0918750000001 2788
882.6387500000001 1644
883.1856250000001 2300
883.7325000000001 1508
884.2793750000001 1596
884.8262500000001 2440
885.3731250000001 1512
885.9200000000001 1912
886.4668750000001 1900
887.0137500000001 2472
887.5606250000001 1608
888.1075000000001 1944
888.6543750000001 2116
889.2012500000001 1460
889.7481250000001 1696
890.2950000000001 1656
890.8418750000001 1704
891.3887500000001 2096
891.9356250000001 2708
892.4825000000001 1792
893.0293750000001 2084
893.5762500000001 1592
894.1231250000001 2544
894.6700000000001 1456
895.2168750000001 1720
895.7637500000001 1980
896.3106250000001 2288
896.8575000000001 1736
897.4043750000001 1800
897.9512500000001 1792
898.4981250000001 1784
899.0450000000001 2056
899.5918750000001 1332
900.1387500000001 2144
900.6856250000001 1240
901.2325000000001 2180
901.7793750000001 1852
902.3262500000001 2040
902.8731250000001 1884
903.4200000000001 1984
903.9668750000001 1720
904.5137500000001 1780
905.0606250000001 1716
905.6075000000001 2540
906.1543750000001 2232
906.7012500000001 1316
907.2481250000001 1504
907.7950000000001 2736
908.3418750000001 1920
908.8887500000001 1700
909.4356250000001 1404
909.9825000000001 1796
910.5293750000001 2352
911.0762500000001 2036
911.6231250000001 2036
912.1700000000001 2260
912.7168750000001 2088
913.2637500000001 1844
913.8106250000001 2040
914.3575000000001 1560
914.9043750000001 1860
915.4512500000001 2680
915.9981250000001 1428
916.5450000000001 2336
917.0918750000001 1996
917.6387500000001 1788
918.1856250000001 2468
918.7325000000001 1924
919.2793750000001 1696
919.8262500000001 2308
920.3731250000001 1696
920.9200000000001 1252
921.4668750000001 2084
922.0137500000001 2144
922.5606250000001 1588
923.1075000000001 2448
923.6543750000001 1904
924.2012500000001 1748
924.7481250000001 1832
925.2950000000001 1668
925.8418750000001 1596
926.3887500000001 2132
926.9356250000001 2596
927.4825000000001 1392
928.0293750000001 1880
928.5762500000001 1956
929.1231250000001 1740
929.6700000000001 1204
930.2168750000001 1492
930.7637500000001 2688
931.3106250000001 2472
931.8575000000001 1820
932.4043750000001 1252
932.9512500000001 1660
933.4981250000001 1784
934.0450000000001 2216
934.5918750000001 1280
935.1387500000001 1792
935.6856250000001 2700
936.2325000000001 1780
936.7793750000001 1920
937.3262500000001 1784
937.8731250000001 1868
938.4200000000001 1148
938.9668750000001 1632
939.5137500000001 1560
940.0606250000001 2252
940.6075000000001 2168
941.1543750000001 1724
941.7012500000001 1512
942.2481250000001 1840
942.7950000000001 1964
943.3418750000001 1836
943.8887500000001 3480
944.4356250000001 1308
944.9825000000001 1760
945.5293750000001 1884
946.0762500000001 1928
946.6231250000001 1836
947.1700000000001 1668
947.7168750000001 2488
948.2637500000001 1588
948.8106250000001 1564
949.3575000000001 1764
949.9043750000001 2000
950.4512500000001 1504
950.9981250000001 1480
951.5450000000001 1492
952.0918750000001 3532
952.6387500000001 1216
953.1856250000001 2136
953.7325000000001 2492
954.2793750000001 2052
954.8262500000001 2596
955.3731250000001 2220
955.9200000000001 1640
956.4668750000001 1320
957.0137500000001 1512
957.5606250000001 1244
958.1075000000001 1536
958.6543750000001 1952
959.2012500000001 1608
959.7481250000001 1736
960.2950000000001 2620
960.8418750000001 2072
961.3887500000001 1780
961.9356250000001 1860
962.4825000000001 2220
963.0293750000001 1696
963.5762500000001 1556
964.1231250000001 2192
964.6700000000001 1428
965.2168750000001 3244
965.7637500000001 1472
966.3106250000001 2556
966.8575000000001 1544
967.4043750000001 1728
967.9512500000001 1396
968.4981250000001 2208
969.0450000000001 2420
969.5918750000001 2372
970.1387500000001 3004
970.6856250000001 2144
971.2325000000001 1540
971.7793750000001 1944
972.3262500000001 1424
972.8731250000001 1924
973.4200000000001 1820
973.9668750000001 2884
974.5137500000001 1828
975.0606250000001 2016
975.6075000000001 2464
976.1543750000001 2128
976.7012500000001 2568
977.2481250000001 1828
977.7950000000001 1736
978.3418750000001 1632
978.8887500000001 1692
979.4356250000001 1756
979.9825000000001 2024
980.5293750000001 1632
981.0762500000001 1536
981.6231250000001 2008
982.1700000000001 1340
982.7168750000001 2284
983.2637500000001 2296
983.8106250000001 1460
984.3575000000001 1868
984.9043750000001 1720
985.4512500000001 1596
985.9981250000001 1688
986.5450000000001 1800
987.0918750000001 1764
987.6387500000001 1700
988.1856250000001 2448
988.7325000000001 1648
989.2793750000001 2268
989.8262500000001 2200
990.3731250000001 1400
990.9200000000001 1388
991.4668750000001 2232
992.0137500000001 1804
992.5606250000001 1716
993.1075000000001 2396
993.6543750000001 1908
994.2012500000001 1468
994.7481250000001 2280
995.2950000000001 1756
995.8418750000001 2244
996.3887500000001 1472
996.9356250000001 1848
997.4825000000001 1696
998.0293750000001 1908
998.5762500000001 1788
999.1231250000001 1448
999.6700000000001 1716
1000.2168750000001 1884
1000.7637500000001 1808
1001.3106250000001 1712
1001.8575000000001 2040
1002.4043750000001 2852
1002.9512500000001 1976
1003.4981250000001 1740
1004.0450000000001 1388
1004.5918750000001 2992
1005.1387500000001 2268
1005.6856250000001 1480
1006.2325000000001 1744
1006.7793750000001 1584
1007.3262500000001 2772
1007.8731250000001 1656
1008.4200000000001 1552
1008.9668750000001 2504
1009.5137500000001 1700
1010.0606250000001 1720
1010.6075000000001 1876
1011.1543750000001 1892
1011.7012500000001 2752
1012.2481250000001 1828
1012.7950000000001 1400
1013.3418750000001 1524
1013.8887500000001 2384
1014.4356250000001 1796
1014.9825000000001 1764
1015.5293750000001 2284
1016.0762500000001 2412
1016.6231250000001 2188
1017.1700000000001 1696
1017.7168750000001 2228
1018.2637500000001 2084
1018.8106250000001 1952
1019.3575000000001 1460
1019.9043750000001 2476
1020.4512500000001 1948
1020.9981250000001 1832
1021.5450000000001 1520
1022.0918750000001 2056
1022.6387500000001 2036
1023.1856250000001 1644
1023.7325000000001 2076
1024.279375 2148
1024.82625 1468
1025.373125 2692
1025.92 1624
1026.466875 1512
1027.01375 1664
1027.560625 2104
1028.1075 1672
1028.654375 1468
1029.20125 1364
1029.748125 1880
1030.295 1556
1030.841875 1480
1031.38875 1452
1031.935625 1716
1032.4825 1668
1033.029375 2132
1033.57625 1568
1034.123125 1904
1034.67 2460
1035.216875 1980
1035.76375 2540
1036.310625 2020
1036.8575 2208
1037.404375 2644
1037.95125 2444
1038.498125 2560
1039.045 2172
1039.591875 1668
1040.13875 2004
1040.685625 2000
1041.2325 3140
1041.779375 1832
1042.32625 2048
1042.873125 2076
1043.42 2064
1043.966875 1684
1044.51375 2028
1045.060625 1992
1045.6075 1588
1046.154375 2232
1046.70125 2284
1047.248125 1688
1047.795 1448
1048.341875 2240
1048.88875 1492
1049.435625 1624
1049.9825 1716
1050.529375 1404
1051.07625 2120
1051.623125 2456
1052.17 1156
1052.716875 1692
1053.26375 1488
1053.810625 2840
1054.3575 1844
1054.904375 1928
1055.45125 2144
1055.998125 1924
1056.545 1916
1057.091875 1580
1057.63875 1684
1058.185625 1924
1058.7325 2308
1059.279375 1844
1059.82625 1680
1060.373125 2656
1060.92 1900
1061.466875 2004
1062.01375 1528
1062.560625 2980
1063.1075 2700
1063.654375 1676
1064.20125 2124
1064.748125 1524
1065.295 1796
1065.841875 2056
1066.38875 2020
1066.935625 1848
1067.4825 1964
1068.029375 2064
1068.57625 1872
1069.123125 2108
1069.67 2320
1070.216875 1196
1070.76375 2148
1071.310625 2444
1071.8575 2552
1072.404375 1996
1072.95125 1588
1073.498125 2800
1074.045 1904
1074.591875 2212
1075.13875 2056
1075.685625 3100
1076.2325 1600
1076.779375 2460
1077.32625 2464
1077.873125 2164
1078.42 1800
1078.966875 1668
1079.51375 2556
1080.060625 1776
1080.6075 1368
1081.154375 1680
1081.70125 1464
1082.248125 2676
1082.795 2436
1083.341875 1380
1083.88875 2504
1084.435625 2580
1084.9825 1788
1085.529375 1836
1086.07625 2236
1086.623125 1812
1087.17 2228
1087.716875 1424
1088.26375 1588
1088.810625 2148
1089.3575 2660
1089.904375 2288
1090.45125 1752
1090.998125 1464
1091.545 1720
1092.091875 1488
1092.63875 2836
1093.185625 1952
1093.7325 1272
1094.279375 2260
1094.82625 1920
1095.373125 1660
1095.92 2220
1096.466875 1680
1097.01375 1536
1097.560625 1644
1098.1075 1984
1098.654375 1316
1099.20125 1736
1099.748125 1552
1100.295 1944
1100.841875 2084
1101.38875 2064
1101.935625 2152
1102.4825 1904
1103.029375 2264
1103.57625 1704
1104.123125 1640
1104.67 2156
1105.216875 2260
1105.76375 1816
1106.310625 1516
1106.8575 2224
1107.404375 2028
1107.95125 2188
1108.498125 2108
1109.045 2116
1109.591875 2596
1110.13875 1960
1110.685625 1884
1111.2325 1992
1111.779375 2844
1112.32625 1848
1112.873125 2288
1113.42 2244
1113.966875 2300
1114.51375 1588
1115.060625 1868
1115.6075 1548
1116.154375 1804
1116.70125 2164
1117.248125 4068
1117.795 1864
1118.341875 2032
1118.88875 1444
1119.435625 1796
1119.9825 2900
1120.529375 1564
1121.07625 1308
1121.623125 1800
1122.17 2500
1122.716875 1820
1123.26375 1736
1123.810625 2812
1124.3575 1776
1124.904375 1744
1125.45125 1352
1125.998125 2088
1126.545 1352
1127.091875 1692
1127.63875 1928
1128.185625 1916
1128.7325 2492
1129.279375 2372
1129.82625 1844
1130.373125 1768
1130.92 3024
1131.466875 2536
1132.01375 2264
1132.560625 1812
1133.1075 2376
1133.654375 2400
1134.20125 1996
1134.748125 2068
1135.295 2572
1135.841875 1704
1136.38875 1316
1136.935625 1784
1137.4825 1620
1138.029375 2808
1138.57625 1980
1139.123125 1896
1139.67 1672
1140.216875 1676
1140.76375 1648
1141.310625 1972
1141.8575 1856
1142.404375 2092
1142.95125 1700
1143.498125 1608
1144.045 2272
1144.591875 2344
1145.13875 1808
1145.685625 2616
1146.2325 2024
1146.779375 1780
1147.32625 2716
1147.873125 2436
1148.42 2456
1148.966875 1636
1149.51375 2140
1150.060625 2428
1150.6075 2340
1151.154375 1616
1151.70125 1520
1152.248125 1520
1152.795 1208
1153.341875 2104
1153.88875 2452
1154.435625 2452
1154.9825 1764
1155.529375 2252
1156.07625 1952
1156.623125 1376
1157.17 1748
1157.716875 1940
1158.26375 1500
1158.810625 1568
1159.3575 2196
1159.904375 1920
1160.45125 2052
1160.998125 2024
1161.545 2228
1162.091875 1644
1162.63875 2548
1163.185625 1996
1163.7325 2932
1164.279375 1776
1164.82625 1908
1165.373125 2000
1165.92 1664
1166.466875 2460
1167.01375 1460
1167.560625 1656
1168.1075 2024
1168.654375 2856
1169.20125 1712
1169.748125 2024
1170.295 1408
1170.841875 1652
1171.38875 1784
1171.935625 1592
1172.4825 2492
1173.029375 1656
1173.57625 1708
1174.123125 2580
1174.67 2564
1175.216875 2708
1175.76375 1852
1176.310625 2444
1176.8575 1784
1177.404375 2424
1177.95125 2864
1178.498125 1916
1179.045 1904
1179.591875 1688
1180.13875 1656
1180.685625 2876
1181.2325 1584
1181.779375 2396
1182.32625 1520
1182.873125 1748
1183.42 1768
1183.966875 1676
1184.51375 2152
1185.060625 1416
1185.6075 2052
1186.154375 1952
1186.70125 1324
1187.248125 2344
1187.795 1456
1188.341875 2488
1188.88875 1704
1189.435625 1672
1189.9825 1880
1190.529375 2096
1191.07625 1744
1191.623125 2520
1192.17 1832
1192.716875 1564
1193.26375 1956
1193.810625 1724
1194.3575 1320
1194.904375 2040
1195.45125 2028
1195.998125 2312
1196.545 1708
1197.091875 1416
1197.63875 1548
1198.185625 1796
1198.7325 2376
1199.279375 1396
1199.82625 2540
1200.373125 2424
1200.92 2664
1201.466875 1964
1202.01375 2136
1202.560625 1712
1203.1075 1692
1203.654375 1876
1204.20125 1556
1204.748125 1932
1205.295 2100
1205.841875 2056
1206.38875 1628
1206.935625 1744
1207.4825 2220
1208.029375 1976
1208.57625 1580
1209.123125 1160
1209.67 2252
1210.216875 2648
1210.76375 2148
1211.310625 3060
1211.8575 1972
1212.404375 1520
1212.95125 2052
1213.498125 1384
1214.045 1860
1214.591875 1852
1215.13875 2200
1215.685625 2076
1216.2325 1904
1216.779375 2112
1217.32625 2804
1217.873125 2240
1218.42 2540
1218.966875 2264
1219.51375 1432
1220.060625 2108
1220.6075 2064
1221.154375 1412
1221.70125 2252
1222.248125 1772
1222.795 2016
1223.341875 1992
1223.88875 2148
1224.435625 2184
1224.9825 2048
1225.529375 2804
1226.07625 1740
1226.623125 2116
1227.17 2500
1227.716875 2032
1228.26375 2264
1228.810625 2304
1229.3575 2188
1229.904375 2928
1230.45125 2240
1230.998125 1928
1231.545 2412
1232.091875 1824
1232.63875 2008
1233.185625 1820
1233.7325 3176
1234.279375 1756
1234.82625 1792
1235.373125 1772
1235.92 2096
1236.466875 2704
1237.01375 1488
1237.560625 1856
1238.1075 1980
1238.654375 2344
1239.20125 2248
1239.748125 1892
1240.295 1508
1240.841875 1660
1241.38875 1932
1241.935625 1516
1242.4825 2272
1243.029375 2236
1243.57625 1428
1244.123125 1804
1244.67 2860
1245.216875 1964
1245.76375 2248
1246.310625 2472
1246.8575 1712
1247.404375 1788
1247.95125 2516
1248.498125 2656
1249.045 2544
1249.591875 1928
1250.13875 1820
1250.685625 1612
1251.2325 1996
1251.779375 2276
1252.32625 1944
1252.873125 2504
1253.42 2212
1253.966875 1604
1254.51375 1832
1255.060625 2396
1255.6075 1360
1256.154375 1548
1256.70125 1384
1257.248125 1828
1257.795 2228
1258.341875 2524
1258.88875 2336
1259.435625 1912
1259.9825 1740
1260.529375 2596
1261.07625 2100
1261.623125 2364
1262.17 2440
1262.716875 1736
1263.26375 2416
1263.810625 3084
1264.3575 2712
1264.904375 1804
1265.45125 1588
1265.998125 1864
1266.545 1756
1267.091875 2012
1267.63875 2684
1268.185625 1720
1268.7325 2232
1269.279375 3340
1269.82625 2348
1270.373125 1916
1270.92 1776
1271.466875 2524
1272.01375 1808
1272.560625 1928
1273.1075 1788
1273.654375 1580
1274.20125 2448
1274.748125 1676
1275.295 1928
1275.841875 1992
1276.38875 2452
1276.935625 2256
1277.4825 1424
1278.029375 2352
1278.57625 2588
1279.123125 2096
1279.67 1876
1280.216875 1648
1280.76375 1864
1281.310625 1972
1281.8575 2116
1282.404375 1820
1282.95125 2040
1283.498125 1956
1284.045 2064
1284.591875 2108
1285.13875 1884
1285.685625 1780
1286.2325 1828
1286.779375 1652
1287.32625 2252
1287.873125 1808
1288.42 2012
1288.966875 1896
1289.51375 2928
1290.060625 1348
1290.6075 3212
1291.154375 2272
1291.70125 2460
1292.248125 2004
1292.795 2200
1293.341875 2984
1293.88875 2448
1294.435625 1920
1294.9825 2236
1295.529375 2060
1296.07625 1752
1296.623125 1928
1297.17 2260
1297.716875 2916
1298.26375 2532
1298.810625 2312
1299.3575 2860
1299.904375 1948
1300.45125 1720
1300.998125 2368
1301.545 2372
1302.091875 1956
1302.63875 2036
1303.185625 2092
1303.7325 1948
1304.279375 2256
1304.82625 2592
1305.373125 2372
1305.92 2556
1306.466875 2452
1307.01375 2340
1307.560625 2012
1308.1075 3268
1308.654375 2352
1309.20125 2468
1309.748125 2388
1310.295 1620
1310.841875 2116
1311.38875 2624
1311.935625 3056
1312.4825 1916
1313.029375 2028
1313.57625 2488
1314.123125 2528
1314.67 2220
1315.216875 2112
1315.76375 1528
1316.310625 1848
1316.8575 1752
1317.404375 2604
1317.95125 2428
1318.498125 1792
1319.045 2560
1319.591875 2280
1320.13875 1836
1320.685625 1876
1321.2325 2724
1321.779375 2136
1322.32625 2028
1322.873125 1896
1323.42 2388
1323.966875 1816
1324.51375 1824
1325.060625 2376
1325.6075 2172
1326.154375 2500
1326.70125 2464
1327.248125 1804
1327.795 2580
1328.341875 2292
1328.88875 2048
1329.435625 2108
1329.9825 2404
1330.529375 2156
1331.07625 1844
1331.623125 2768
1332.17 1764
1332.716875 1804
1333.26375 1572
1333.810625 2384
1334.3575 2620
1334.904375 2416
1335.45125 2040
1335.998125 2916
1336.545 2420
1337.091875 1860
1337.63875 2236
1338.185625 2068
1338.7325 2188
1339.279375 2260
1339.82625 2252
1340.373125 1544
1340.92 2544
1341.466875 2040
1342.01375 2032
1342.560625 2616
1343.1075 2380
1343.654375 2156
1344.20125 2124
1344.748125 2260
1345.295 2892
1345.841875 2036
1346.38875 2288
1346.935625 1916
1347.4825 2384
1348.029375 2240
1348.57625 2416
1349.123125 2356
1349.67 2180
1350.216875 2784
1350.76375 1976
1351.310625 2300
1351.8575 2020
1352.404375 2484
1352.95125 2140
1353.498125 2016
1354.045 3228
1354.591875 2584
1355.13875 2148
1355.685625 2488
1356.2325 1972
1356.779375 2340
1357.32625 2408
1357.873125 2588
1358.42 2120
1358.966875 2800
1359.51375 2332
1360.060625 2612
1360.6075 2984
1361.154375 2368
1361.70125 2572
1362.248125 2044
1362.795 2616
1363.341875 2924
1363.88875 2192
1364.435625 2504
1364.9825 2996
1365.529375 2412
1366.07625 3556
1366.623125 2436
1367.17 2840
1367.716875 2156
1368.26375 2256
1368.810625 2168
1369.3575 3140
1369.904375 2688
1370.45125 2468
1370.998125 2316
1371.545 2648
1372.091875 4008
1372.63875 2556
1373.185625 3576
1373.7325 2444
1374.279375 2300
1374.82625 2688
1375.373125 2916
1375.92 2952
1376.466875 2760
1377.01375 2692
1377.560625 2788
1378.1075 2844
1378.654375 2836
1379.20125 2780
1379.748125 2636
1380.295 2644
1380.841875 3176
1381.38875 2440
1381.935625 2592
1382.4825 3280
1383.029375 2188
1383.57625 2928
1384.123125 2564
1384.67 2884
1385.216875 2852
1385.76375 2608
1386.310625 3028
1386.8575 3072
1387.404375 2876
1387.95125 3352
1388.498125 2452
1389.045 3024
1389.591875 2976
1390.13875 3440
1390.685625 2596
1391.2325 3896
1391.779375 2996
1392.32625 3236
1392.873125 3280
1393.42 3388
1393.966875 3396
1394.51375 2748
1395.060625 4580
1395.6075 3760
1396.154375 2852
1396.70125 3176
1397.248125 3224
1397.795 3660
1398.341875 2720
1398.88875 3492
1399.435625 3408
1399.9825 3800
1400.529375 3016
1401.07625 3564
1401.623125 4040
1402.17 3572
1402.716875 3444
1403.26375 4076
1403.810625 3364
1404.3575 3632
1404.904375 3568
1405.45125 3716
1405.998125 3576
1406.545 3572
1407.091875 3436
1407.63875 3420
1408.185625 4452
1408.7325 3992
1409.279375 4436
1409.82625 3180
1410.373125 3784
1410.92 4552
1411.466875 4484
1412.01375 3684
1412.560625 4316
1413.1075 4644
1413.654375 3860
1414.20125 5036
1414.748125 4440
1415.295 4452
1415.841875 5212
1416.38875 4568
1416.935625 5540
1417.4825 5424
1418.029375 5144
1418.57625 5728
1419.123125 5320
