299.67 2264
300.216875 1988
300.76375 2216
301.310625 3000
301.8575 2144
302.404375 2520
302.95125 1660
303.498125 1936
304.045 1604
304.591875 1916
305.13875 2500
305.685625 2064
306.2325 2668
306.779375 3060
307.32625 2908
307.873125 2664
308.42 3168
308.966875 2328
309.51375 2308
310.060625 1708
310.6075 2112
311.154375 2312
311.70125 2184
312.248125 2404
312.795 3776
313.341875 2000
313.88875 3808
314.435625 2028
314.9825 3144
315.529375 1448
316.07625 1592
316.623125 2504
317.17 1624
317.716875 2288
318.26375 2344
318.810625 2120
319.3575 1704
319.904375 1588
320.45125 1776
320.998125 2484
321.545 1764
322.091875 2312
322.63875 2128
323.185625 1936
323.7325 1648
324.279375 2956
324.82625 2204
325.373125 2292
325.92 1964
326.466875 2044
327.01375 2052
327.560625 3440
328.1075 2032
328.654375 2032
329.20125 2056
329.748125 1900
330.295 1788
330.841875 2240
331.38875 1616
331.935625 1732
332.4825 2540
333.029375 1780
333.57625 2264
334.123125 1800
334.67 2332
335.216875 2816
335.76375 2052
336.310625 2780
336.8575 1940
337.404375 1552
337.95125 1960
338.498125 2676
339.045 2908
339.591875 1684
340.13875 1996
340.685625 1904
341.2325 2296
341.779375 1996
342.32625 1436
342.873125 3004
343.42 2504
343.966875 1760
344.51375 2408
345.060625 2748
345.6075 2300
346.154375 2292
346.70125 2732
347.248125 2132
347.795 1604
348.341875 3272
348.88875 2020
349.435625 2008
349.9825 1716
350.529375 1832
351.07625 1988
351.623125 1980
352.17 1748
352.716875 1900
353.26375 2600
353.810625 1500
354.3575 2012
354.904375 1532
355.45125 2508
355.998125 2136
356.545 1592
357.091875 2996
357.63875 1560
358.185625 1756
358.7325 2100
359.279375 1800
359.82625 1888
360.373125 2012
360.92 1400
361.466875 2152
362.01375 1932
362.560625 2640
363.1075 1660
363.654375 1676
364.20125 2920
364.748125 2276
365.295 1720
365.841875 1784
366.38875 1452
366.935625 2300
367.4825 1816
368.029375 1508
368.57625 2148
369.123125 2300
369.67 2224
370.216875 1984
370.76375 1976
371.310625 1968
371.8575 1972
372.404375 2060
372.95125 3224
373.498125 2356
374.045 2224
374.591875 2088
375.13875 2604
375.685625 1864
376.2325 1832
376.779375 2096
377.32625 3108
377.873125 2268
378.42 2100
378.966875 2568
379.51375 1688
380.060625 1900
380.6075 2480
381.154375 2300
381.70125 1836
382.248125 2524
382.795 2332
383.341875 1800
383.88875 2492
384.435625 2280
384.9825 2336
385.529375 3292
386.07625 3228
386.623125 2868
387.17 2916
387.716875 2676
388.26375 2868
388.810625 3668
389.3575 2184
389.904375 2188
390.45125 1848
390.998125 1380
391.545 1992
392.091875 1920
392.63875 2292
393.185625 3172
393.7325 1744
394.279375 2536
394.82625 1424
395.373125 1952
395.92 1560
396.466875 3188
397.01375 1976
397.560625 1924
398.1075 1724
398.654375 1700
399.20125 2032
399.748125 2796
400.295 2264
400.841875 1656
401.38875 2396
401.935625 3164
402.4825 1980
403.029375 1900
403.57625 2016
404.123125 1900
404.67 2788
405.216875 2492
405.76375 2300
406.310625 2156
406.8575 1736
407.404375 2248
407.95125 1852
408.498125 3148
409.045 2268
409.591875 2168
410.13875 2212
410.685625 1496
411.2325 1960
411.779375 1852
412.32625 1640
412.873125 1788
413.42 2092
413.966875 2524
414.51375 1836
415.060625 2372
415.6075 2168
416.154375 1652
416.70125 2212
417.248125 2468
417.795 2000
418.341875 2264
418.88875 2336
419.435625 1440
419.9825 2596
420.529375 2288
421.07625 4076
421.623125 5968
422.17 10516
422.716875 12356
423.26375 14224
423.810625 16076
424.3575 15016
424.904375 14312
425.45125 12776
425.998125 9836
426.545 6996
427.091875 4924
427.63875 3240
428.185625 3832
428.7325 3180
429.279375 2932
429.82625 2640
430.373125 3560
430.92 2252
431.466875 3776
432.01375 3840
432.560625 3432
433.1075 2752
433.654375 3076
434.20125 3072
434.748125 2920
435.295 3168
435.841875 3132
436.38875 3308
436.935625 4116
437.4825 3972
438.029375 3652
438.57625 3652
439.123125 3264
439.67 4244
440.216875 3572
440.76375 3728
441.310625 3604
441.8575 4184
442.404375 4484
442.95125 4240
443.498125 3772
444.045 4180
444.591875 4932
445.13875 4540
445.685625 4244
446.2325 6356
446.779375 5676
447.32625 5468
447.873125 7948
448.42 4756
448.966875 6812
449.51375 6396
450.060625 13228
450.6075 27616
451.154375 49412
451.70125 65532
452.248125 65532
452.795 65532
453.341875 65532
453.88875 65532
454.435625 65532
454.9825 56412
455.529375 37588
456.07625 18512
456.623125 7364
457.17 6052
457.716875 5584
458.26375 5748
458.810625 5368
459.3575 6152
459.904375 6696
460.45125 5588
460.998125 5380
461.545 5540
462.091875 8444
462.63875 6392
463.185625 6108
463.7325 5940
464.279375 5968
464.82625 6248
465.373125 5492
465.92 6028
466.466875 5552
467.01375 5832
467.560625 5948
468.1075 6604
468.654375 5572
469.20125 5888
469.748125 5540
470.295 5916
470.841875 5956
471.38875 5220
471.935625 5900
472.4825 6284
473.029375 5708
473.57625 6132
474.123125 5864
474.67 5388
475.216875 6136
475.76375 5488
476.310625 5620
476.8575 6344
477.404375 5556
477.95125 5580
478.498125 5160
479.045 7420
479.591875 5668
480.13875 5728
480.685625 6268
481.2325 5924
481.779375 6624
482.32625 6136
482.873125 6244
483.42 6136
483.966875 5728
484.51375 5112
485.060625 5044
485.6075 5360
486.154375 5396
486.70125 5288
487.248125 5512
487.795 6628
488.341875 6084
488.88875 5612
489.435625 5656
489.9825 4940
490.529375 5392
491.07625 5252
491.623125 4908
492.17 5404
492.716875 5420
493.26375 6404
493.810625 6160
494.3575 7160
494.904375 7632
495.45125 9672
495.998125 11772
496.545 14968
497.091875 18976
497.63875 22948
498.185625 28404
498.7325 33176
499.279375 38792
499.82625 44664
500.373125 49360
500.92 52396
501.466875 54156
502.01375 53004
502.560625 54560
503.1075 53952
503.654375 52080
504.20125 51200
504.748125 48272
505.295 47104
505.841875 44988
506.38875 43036
506.935625 39604
507.4825 37552
508.029375 35212
508.57625 33132
509.123125 31764
509.67 30648
510.216875 29528
510.76375 26320
511.310625 24692
511.8575 21924
512.4043750000001 21168
512.9512500000001 17388
513.4981250000001 15088
514.0450000000001 13584
514.5918750000001 11348
515.1387500000001 9900
515.6856250000001 8300
516.2325000000001 7076
516.7793750000001 5944
517.3262500000001 5428
517.8731250000001 5348
518.4200000000001 4420
518.9668750000001 4536
519.5137500000001 4636
520.0606250000001 4120
520.6075000000001 4376
521.1543750000001 3900
521.7012500000001 3476
522.2481250000001 4220
522.7950000000001 3812
523.3418750000001 4124
523.8887500000001 3492
524.4356250000001 3328
524.9825000000001 4276
525.5293750000001 4144
526.0762500000001 3576
526.6231250000001 3904
527.1700000000001 3932
527.7168750000001 3336
528.2637500000001 3244
528.8106250000001 3808
529.3575000000001 3480
529.9043750000001 3208
530.4512500000001 3144
530.9981250000001 3012
531.5450000000001 3380
532.0918750000001 3200
532.6387500000001 3188
533.1856250000001 2820
533.7325000000001 2652
534.2793750000001 3164
534.8262500000001 2592
535.3731250000001 2324
535.9200000000001 2908
536.4668750000001 3364
537.0137500000001 2916
537.5606250000001 3104
538.1075000000001 2828
538.6543750000001 2652
539.2012500000001 3720
539.7481250000001 2968
540.2950000000001 3216
540.8418750000001 3324
541.3887500000001 2960
541.9356250000001 3920
542.4825000000001 3740
543.0293750000001 5828
543.5762500000001 6852
544.1231250000001 6940
544.6700000000001 7208
545.2168750000001 8772
545.7637500000001 9840
546.3106250000001 10296
546.8575000000001 12076
547.4043750000001 12992
547.9512500000001 15468
548.4981250000001 20368
549.0450000000001 25628
549.5918750000001 32812
550.1387500000001 43804
550.6856250000001 57240
551.2325000000001 65532
551.7793750000001 65532
552.3262500000001 65532
552.8731250000001 65532
553.4200000000001 65532
553.9668750000001 65532
554.5137500000001 65532
555.0606250000001 65532
555.6075000000001 65532
556.1543750000001 65532
556.7012500000001 65532
557.2481250000001 65532
557.7950000000001 65532
558.3418750000001 65532
558.8887500000001 65532
559.4356250000001 65532
559.9825000000001 65532
560.5293750000001 65532
561.0762500000001 65532
561.6231250000001 65532
562.1700000000001 65532
562.7168750000001 65532
563.2637500000001 65532
563.8106250000001 65532
564.3575000000001 65532
564.9043750000001 29928
565.4512500000001 23636
565.9981250000001 18860
566.5450000000001 14360
567.0918750000001 12204
567.6387500000001 9516
568.1856250000001 8404
568.7325000000001 7536
569.2793750000001 8060
569.8262500000001 6996
570.3731250000001 6652
570.9200000000001 6148
571.4668750000001 6372
572.0137500000001 6464
572.5606250000001 6416
573.1075000000001 6204
573.6543750000001 5376
574.2012500000001 5332
574.7481250000001 4888
575.2950000000001 5872
575.8418750000001 5152
576.3887500000001 4884
576.9356250000001 4664
577.4825000000001 5356
578.0293750000001 4840
578.5762500000001 4688
579.1231250000001 4376
579.6700000000001 4452
580.2168750000001 4984
580.7637500000001 5032
581.3106250000001 4844
581.8575000000001 5568
582.4043750000001 5720
582.9512500000001 6984
583.4981250000001 9432
584.0450000000001 12764
584.5918750000001 17112
585.1387500000001 21476
585.6856250000001 25604
586.2325000000001 30284
586.7793750000001 36460
587.3262500000001 42368
587.8731250000001 45364
588.4200000000001 47668
588.9668750000001 50520
589.5137500000001 52372
590.0606250000001 54760
590.6075000000001 57188
591.1543750000001 59236
591.7012500000001 59128
592.2481250000001 60764
592.7950000000001 62624
593.3418750000001 63808
593.8887500000001 65532
594.4356250000001 65532
594.9825000000001 65532
595.5293750000001 65532
596.0762500000001 65532
596.6231250000001 65532
597.1700000000001 65532
597.7168750000001 65328
598.2637500000001 61384
598.8106250000001 57336
599.3575000000001 53580
599.9043750000001 52416
600.4512500000001 52516
600.9981250000001 53068
601.5450000000001 51960
602.0918750000001 49880
602.6387500000001 46984
603.1856250000001 42664
603.7325000000001 37144
604.2793750000001 32948
604.8262500000001 29364
605.3731250000001 28204
605.9200000000001 29032
606.4668750000001 31672
607.0137500000001 32136
607.5606250000001 32436
608.1075000000001 33796
608.6543750000001 30892
609.2012500000001 27532
609.7481250000001 25892
610.2950000000001 21412
610.8418750000001 20000
611.3887500000001 18472
611.9356250000001 18012
612.4825000000001 18064
613.0293750000001 19684
613.5762500000001 21220
614.1231250000001 24148
614.6700000000001 30468
615.2168750000001 38812
615.7637500000001 57064
616.3106250000001 65532
616.8575000000001 65532
617.4043750000001 65532
617.9512500000001 65532
618.4981250000001 65532
619.0450000000001 65532
619.5918750000001 65532
620.1387500000001 65532
620.6856250000001 65532
621.2325000000001 65532
621.7793750000001 65532
622.3262500000001 65532
622.8731250000001 65532
623.4200000000001 65532
623.9668750000001 65532
624.5137500000001 65532
625.0606250000001 65532
625.6075000000001 65532
626.1543750000001 65532
626.7012500000001 65532
627.2481250000001 65532
627.7950000000001 65532
628.3418750000001 65532
628.8887500000001 44184
629.4356250000001 44732
629.9825000000001 41964
630.5293750000001 40756
631.0762500000001 38196
631.6231250000001 36348
632.1700000000001 35004
632.7168750000001 33700
633.2637500000001 32928
633.8106250000001 31776
634.3575000000001 31784
634.9043750000001 33508
635.4512500000001 35200
635.9981250000001 38620
636.5450000000001 41672
637.0918750000001 43140
637.6387500000001 43144
638.1856250000001 42400
638.7325000000001 38476
639.2793750000001 33032
639.8262500000001 27696
640.3731250000001 20688
640.9200000000001 14416
641.4668750000001 11560
642.0137500000001 10008
642.5606250000001 8504
643.1075000000001 7492
643.6543750000001 7020
644.2012500000001 7560
644.7481250000001 6756
645.2950000000001 6960
645.8418750000001 6284
646.3887500000001 6304
646.9356250000001 6456
647.4825000000001 6108
648.0293750000001 5968
648.5762500000001 5984
649.1231250000001 6376
649.6700000000001 6912
650.2168750000001 6628
650.7637500000001 6704
651.3106250000001 6756
651.8575000000001 6864
652.4043750000001 6376
652.9512500000001 6768
653.4981250000001 6540
654.0450000000001 7840
654.5918750000001 9384
655.1387500000001 10740
655.6856250000001 12364
656.2325000000001 12532
656.7793750000001 13068
657.3262500000001 12892
657.8731250000001 12908
658.4200000000001 11948
658.9668750000001 9872
659.5137500000001 8796
660.0606250000001 7476
660.6075000000001 7036
661.1543750000001 6948
661.7012500000001 6304
662.2481250000001 6212
662.7950000000001 5892
663.3418750000001 5132
663.8887500000001 5484
664.4356250000001 5348
664.9825000000001 5076
665.5293750000001 4896
666.0762500000001 6056
666.6231250000001 7260
667.1700000000001 7644
667.7168750000001 8156
668.2637500000001 8784
668.8106250000001 8076
669.3575000000001 8140
669.9043750000001 7704
670.4512500000001 7860
670.9981250000001 6000
671.5450000000001 6276
672.0918750000001 5804
672.6387500000001 5672
673.1856250000001 5860
673.7325000000001 5776
674.2793750000001 5996
674.8262500000001 6580
675.3731250000001 4992
675.9200000000001 5556
676.4668750000001 4744
677.0137500000001 5192
677.5606250000001 4480
678.1075000000001 4012
678.6543750000001 4364
679.2012500000001 3888
679.7481250000001 4980
680.2950000000001 4668
680.8418750000001 4464
681.3887500000001 4440
681.9356250000001 4500
682.4825000000001 5132
683.0293750000001 4560
683.5762500000001 4396
684.1231250000001 4856
684.6700000000001 5136
685.2168750000001 4688
685.7637500000001 5596
686.3106250000001 4956
686.8575000000001 4104
687.4043750000001 4360
687.9512500000001 4124
688.4981250000001 4752
689.0450000000001 4776
689.5918750000001 4900
690.1387500000001 5332
690.6856250000001 6636
691.2325000000001 6744
691.7793750000001 6768
692.3262500000001 6528
692.8731250000001 7372
693.4200000000001 6544
693.9668750000001 6732
694.5137500000001 5132
695.0606250000001 5096
695.6075000000001 4612
696.1543750000001 5684
696.7012500000001 4964
697.2481250000001 5104
697.7950000000001 5628
698.3418750000001 5760
698.8887500000001 4676
699.4356250000001 5416
699.9825000000001 4628
700.5293750000001 3772
701.0762500000001 3536
701.6231250000001 2980
702.1700000000001 2804
702.7168750000001 3028
703.2637500000001 2332
703.8106250000001 2876
704.3575000000001 3348
704.9043750000001 3628
705.4512500000001 3444
705.9981250000001 3732
706.5450000000001 3596
707.0918750000001 4368
707.6387500000001 5012
708.1856250000001 6356
708.7325000000001 8324
709.2793750000001 10360
709.8262500000001 13160
710.3731250000001 13808
710.9200000000001 16424
711.4668750000001 18352
712.0137500000001 18856
712.5606250000001 18452
713.1075000000001 17804
713.6543750000001 17784
714.2012500000001 16812
714.7481250000001 16312
715.2950000000001 14540
715.8418750000001 13900
716.3887500000001 12668
716.9356250000001 11604
717.4825000000001 10220
718.0293750000001 8584
718.5762500000001 6852
719.1231250000001 5252
719.6700000000001 3668
720.2168750000001 2856
720.7637500000001 2808
721.3106250000001 2492
721.8575000000001 2004
722.4043750000001 3332
722.9512500000001 2772
723.4981250000001 1996
724.0450000000001 2616
724.5918750000001 2056
725.1387500000001 2440
725.6856250000001 2860
726.2325000000001 2288
726.7793750000001 2564
727.3262500000001 2152
727.8731250000001 2664
728.4200000000001 1660
728.9668750000001 4136
729.5137500000001 1908
730.0606250000001 2624
730.6075000000001 2584
731.1543750000001 2020
731.7012500000001 2372
732.2481250000001 2244
732.7950000000001 2756
733.3418750000001 2952
733.8887500000001 2680
734.4356250000001 2020
734.9825000000001 2144
735.5293750000001 2320
736.0762500000001 2428
736.6231250000001 2616
737.1700000000001 1832
737.7168750000001 2640
738.2637500000001 2584
738.8106250000001 2088
739.3575000000001 3044
739.9043750000001 2024
740.4512500000001 1892
740.9981250000001 1856
741.5450000000001 1852
742.0918750000001 1760
742.6387500000001 2364
743.1856250000001 2316
743.7325000000001 2180
744.2793750000001 2264
744.8262500000001 2332
745.3731250000001 2808
745.9200000000001 3776
746.4668750000001 2436
747.0137500000001 2780
747.5606250000001 1912
748.1075000000001 1760
748.6543750000001 2136
749.2012500000001 2316
749.7481250000001 2184
750.2950000000001 1748
750.8418750000001 2080
751.3887500000001 1908
751.9356250000001 2232
752.4825000000001 1772
753.0293750000001 1796
753.5762500000001 1896
754.1231250000001 1696
754.6700000000001 1812
755.2168750000001 2816
755.7637500000001 1744
756.3106250000001 1208
756.8575000000001 2476
757.4043750000001 2040
757.9512500000001 1416
758.4981250000001 1588
759.0450000000001 2320
759.5918750000001 2352
760.1387500000001 2576
760.6856250000001 1772
761.2325000000001 3400
761.7793750000001 2344
762.3262500000001 3048
762.8731250000001 2456
763.4200000000001 2156
763.9668750000001 2740
764.5137500000001 2472
765.0606250000001 2160
765.6075000000001 2368
766.1543750000001 1980
766.7012500000001 2444
767.2481250000001 1892
767.7950000000001 2132
768.3418750000001 1784
768.8887500000001 2276
769.4356250000001 2168
769.9825000000001 1496
770.5293750000001 1796
771.0762500000001 2176
771.6231250000001 2272
772.1700000000001 2040
772.7168750000001 2116
773.2637500000001 2412
773.8106250000001 2248
774.3575000000001 1640
774.9043750000001 1532
775.4512500000001 2484
775.9981250000001 1800
776.5450000000001 1824
777.0918750000001 2172
777.6387500000001 1748
778.1856250000001 1976
778.7325000000001 2252
779.2793750000001 1768
779.8262500000001 2300
780.3731250000001 1848
780.9200000000001 2200
781.4668750000001 2264
782.0137500000001 1596
782.5606250000001 1752
783.1075000000001 2172
783.6543750000001 2124
784.2012500000001 2048
784.7481250000001 2232
785.2950000000001 1476
785.8418750000001 1984
786.3887500000001 1440
786.9356250000001 1644
787.4825000000001 1880
788.0293750000001 2076
788.5762500000001 2632
789.1231250000001 1912
789.6700000000001 1860
790.2168750000001 1948
790.7637500000001 1988
791.3106250000001 1796
791.8575000000001 1180
792.4043750000001 2972
792.9512500000001 1444
793.4981250000001 2140
794.0450000000001 2004
794.5918750000001 1812
795.1387500000001 1796
795.6856250000001 1896
796.2325000000001 2668
796.7793750000001 1732
797.3262500000001 1576
797.8731250000001 2148
798.4200000000001 1880
798.9668750000001 1740
799.5137500000001 1616
800.0606250000001 2096
800.6075000000001 1976
801.1543750000001 1408
801.7012500000001 2384
802.2481250000001 1544
802.7950000000001 2364
803.3418750000001 1900
803.8887500000001 1276
804.4356250000001 1868
804.9825000000001 2420
805.5293750000001 2504
806.0762500000001 1808
806.6231250000001 1452
807.1700000000001 2068
807.7168750000001 1932
808.2637500000001 2404
808.8106250000001 2228
809.3575000000001 1884
809.9043750000001 1904
810.4512500000001 1756
810.9981250000001 2220
811.5450000000001 2540
812.0918750000001 4032
812.6387500000001 2392
813.1856250000001 2196
813.7325000000001 3532
814.2793750000001 2408
814.8262500000001 2368
815.3731250000001 2528
815.9200000000001 2108
816.4668750000001 2272
817.0137500000001 2264
817.5606250000001 1668
818.1075000000001 2364
818.6543750000001 2356
819.2012500000001 2052
819.7481250000001 1440
820.2950000000001 2032
820.8418750000001 1528
821.3887500000001 2332
821.9356250000001 1536
822.4825000000001 1864
823.0293750000001 2128
823.5762500000001 1992
824.1231250000001 1600
824.6700000000001 1584
825.2168750000001 1520
825.7637500000001 1364
826.3106250000001 2624
826.8575000000001 1892
827.4043750000001 1584
827.9512500000001 1512
828.4981250000001 1740
829.0450000000001 2212
829.5918750000001 2132
830.1387500000001 1912
830.6856250000001 2396
831.2325000000001 1968
831.7793750000001 2260
832.3262500000001 2804
832.8731250000001 1980
833.4200000000001 1412
833.9668750000001 2056
834.5137500000001 2452
835.0606250000001 2408
835.6075000000001 1428
836.1543750000001 1968
836.7012500000001 2108
837.2481250000001 1616
837.7950000000001 1628
838.3418750000001 2760
838.8887500000001 1812
839.4356250000001 2364
839.9825000000001 2228
840.5293750000001 1740
841.0762500000001 1184
841.6231250000001 1728
842.1700000000001 1220
842.7168750000001 1848
843.2637500000001 1720
843.8106250000001 1800
844.3575000000001 1636
844.9043750000001 1936
845.4512500000001 2500
845.9981250000001 1732
846.5450000000001 1336
847.0918750000001 1372
847.6387500000001 2952
848.1856250000001 1748
848.7325000000001 2340
849.2793750000001 1772
849.8262500000001 1488
850.3731250000001 1168
850.9200000000001 2308
851.4668750000001 1308
852.0137500000001 1664
852.5606250000001 1804
853.1075000000001 2780
853.6543750000001 2012
854.2012500000001 1436
854.7481250000001 1620
855.2950000000001 1588
855.8418750000001 1852
856.3887500000001 1520
856.9356250000001 1800
857.4825000000001 1480
858.0293750000001 2092
858.5762500000001 1756
859.1231250000001 1644
859.6700000000001 2824
860.2168750000001 2284
860.7637500000001 1608
861.3106250000001 1828
861.8575000000001 1868
862.4043750000001 1436
862.9512500000001 2192
863.4981250000001 1744
864.0450000000001 2148
864.5918750000001 2248
865.1387500000001 2028
865.6856250000001 7876
866.2325000000001 1268
866.7793750000001 1584
867.3262500000001 1284
867.8731250000001 2164
868.4200000000001 1608
868.9668750000001 2180
869.5137500000001 1644
870.0606250000001 1936
870.6075000000001 1444
871.1543750000001 1740
871.7012500000001 1632
872.2481250000001 1576
872.7950000000001 1312
873.3418750000001 2520
873.8887500000001 1884
874.4356250000001 2308
874.9825000000001 2516
875.5293750000001 1672
876.0762500000001 2144
876.6231250000001 1516
877.1700000000001 1808
877.7168750000001 1572
878.2637500000001 2416
878.8106250000001 1960
879.3575000000001 1864
879.9043750000001 1620
880.4512500000001 2080
880.9981250000001 2708
881.5450000000001 1456
882.0918750000001 2864
882.6387500000001 1616
883.1856250000001 2300
883.7325000000001 1316
884.2793750000001 1540
884.8262500000001 2344
885.3731250000001 1460
885.9200000000001 1904
886.4668750000001 1908
887.0137500000001 2376
887.5606250000001 1724
888.1075000000001 1744
888.6543750000001 1888
889.2012500000001 1544
889.7481250000001 1620
890.2950000000001 1652
890.8418750000001 1792
891.3887500000001 2200
891.9356250000001 2644
892.4825000000001 1852
893.0293750000001 1992
893.5762500000001 1752
894.1231250000001 2668
894.6700000000001 1512
895.2168750000001 1812
895.7637500000001 2160
896.3106250000001 2324
896.8575000000001 1636
897.4043750000001 1776
897.9512500000001 1936
898.4981250000001 1768
899.0450000000001 1988
899.5918750000001 1376
900.1387500000001 2004
900.6856250000001 1224
901.2325000000001 2252
901.7793750000001 1844
902.3262500000001 1904
902.8731250000001 1772
903.4200000000001 1936
903.9668750000001 1728
904.5137500000001 1872
905.0606250000001 1840
905.6075000000001 2432
906.1543750000001 2160
906.7012500000001 1336
907.2481250000001 1412
907.7950000000001 2828
908.3418750000001 1908
908.8887500000001 1764
909.4356250000001 1296
909.9825000000001 1776
910.5293750000001 2344
911.0762500000001 2040
911.6231250000001 2108
912.1700000000001 2060
912.7168750000001 2068
913.2637500000001 1752
913.8106250000001 2264
914.3575000000001 1344
914.9043750000001 1852
915.4512500000001 2668
915.9981250000001 1364
916.5450000000001 2264
917.0918750000001 2024
917.6387500000001 1676
918.1856250000001 2276
918.7325000000001 1996
919.2793750000001 1624
919.8262500000001 2144
920.3731250000001 1704
920.9200000000001 1324
921.4668750000001 2020
922.0137500000001 2132
922.5606250000001 1620
923.1075000000001 2292
923.6543750000001 1820
924.2012500000001 1644
924.7481250000001 1756
925.2950000000001 1656
925.8418750000001 1432
926.3887500000001 1896
926.9356250000001 2496
927.4825000000001 1260
928.0293750000001 1844
928.5762500000001 1928
929.1231250000001 1964
929.6700000000001 1152
930.2168750000001 1656
930.7637500000001 2476
931.3106250000001 2452
931.8575000000001 1676
932.4043750000001 1316
932.9512500000001 1804
933.4981250000001 1836
934.0450000000001 2112
934.5918750000001 1412
935.1387500000001 1776
935.6856250000001 2716
936.2325000000001 1680
936.7793750000001 1720
937.3262500000001 1756
937.8731250000001 1840
938.4200000000001 1036
938.9668750000001 1756
939.5137500000001 1524
940.0606250000001 2028
940.6075000000001 2160
941.1543750000001 1660
941.7012500000001 1460
942.2481250000001 1776
942.7950000000001 1912
943.3418750000001 1876
943.8887500000001 3448
944.4356250000001 1388
944.9825000000001 1864
945.5293750000001 1992
946.0762500000001 1796
946.6231250000001 1960
947.1700000000001 1580
947.7168750000001 2540
948.2637500000001 1668
948.8106250000001 1456
949.3575000000001 1580
949.9043750000001 2164
950.4512500000001 1500
950.9981250000001 1412
951.5450000000001 1496
952.0918750000001 3328
952.6387500000001 1296
953.1856250000001 2004
953.7325000000001 2392
954.2793750000001 2072
954.8262500000001 2552
955.3731250000001 2144
955.9200000000001 1484
956.4668750000001 1380
957.0137500000001 1568
957.5606250000001 1196
958.1075000000001 1612
958.6543750000001 1888
959.2012500000001 1656
959.7481250000001 1808
960.2950000000001 2828
960.8418750000001 1872
961.3887500000001 1768
961.9356250000001 1748
962.4825000000001 2356
963.0293750000001 1684
963.5762500000001 1592
964.1231250000001 2236
964.6700000000001 1440
965.2168750000001 3264
965.7637500000001 1452
966.3106250000001 2548
966.8575000000001 1344
967.4043750000001 1672
967.9512500000001 1628
968.4981250000001 2020
969.0450000000001 2340
969.5918750000001 2464
970.1387500000001 3028
970.6856250000001 2112
971.2325000000001 1528
971.7793750000001 1972
972.3262500000001 1460
972.8731250000001 1920
973.4200000000001 1836
973.9668750000001 2704
974.5137500000001 1660
975.0606250000001 2056
975.6075000000001 2328
976.1543750000001 2116
976.7012500000001 2632
977.2481250000001 1676
977.7950000000001 1752
978.3418750000001 1740
978.8887500000001 1644
979.4356250000001 1764
979.9825000000001 1892
980.5293750000001 1700
981.0762500000001 1388
981.6231250000001 2068
982.1700000000001 1400
982.7168750000001 2204
983.2637500000001 2116
983.8106250000001 1528
984.3575000000001 1860
984.9043750000001 1744
985.4512500000001 1612
985.9981250000001 1640
986.5450000000001 1676
987.0918750000001 1812
987.6387500000001 1740
988.1856250000001 2272
988.7325000000001 1612
989.2793750000001 2252
989.8262500000001 2236
990.3731250000001 1444
990.9200000000001 1240
991.4668750000001 2100
992.0137500000001 1708
992.5606250000001 1660
993.1075000000001 2384
993.6543750000001 1968
994.2012500000001 1448
994.7481250000001 2348
995.2950000000001 1632
995.8418750000001 2376
996.3887500000001 1392
996.9356250000001 2036
997.4825000000001 1712
998.0293750000001 2032
998.5762500000001 1680
999.1231250000001 1472
999.6700000000001 1688
1000.2168750000001 1868
1000.7637500000001 1784
1001.3106250000001 1736
1001.8575000000001 1992
1002.4043750000001 2740
1002.9512500000001 1920
1003.4981250000001 1720
1004.0450000000001 1384
1004.5918750000001 2832
1005.1387500000001 2468
1005.6856250000001 1280
1006.2325000000001 1680
1006.7793750000001 1508
1007.3262500000001 2732
1007.8731250000001 1712
1008.4200000000001 1536
1008.9668750000001 2564
1009.5137500000001 1772
1010.0606250000001 1656
1010.6075000000001 1816
1011.1543750000001 2072
1011.7012500000001 2672
1012.2481250000001 1916
1012.7950000000001 1544
1013.3418750000001 1524
1013.8887500000001 2720
1014.4356250000001 2232
1014.9825000000001 2008
1015.5293750000001 2512
1016.0762500000001 2580
1016.6231250000001 2540
1017.1700000000001 1880
1017.7168750000001 2348
1018.2637500000001 2048
1018.8106250000001 1928
1019.3575000000001 1524
1019.9043750000001 2280
1020.4512500000001 1664
1020.9981250000001 1788
1021.5450000000001 1460
1022.0918750000001 1976
1022.6387500000001 2148
1023.1856250000001 1484
1023.7325000000001 1980
1024.279375 2192
1024.82625 1408
1025.373125 2760
1025.92 1620
1026.466875 1500
1027.01375 1900
1027.560625 2064
1028.1075 1568
1028.654375 1324
1029.20125 1340
1029.748125 1868
1030.295 1396
1030.841875 1516
1031.38875 1284
1031.935625 1820
1032.4825 1700
1033.029375 2236
1033.57625 1648
1034.123125 1772
1034.67 2372
1035.216875 2108
1035.76375 2836
1036.310625 2172
1036.8575 2108
1037.404375 2412
1037.95125 2284
1038.498125 2596
1039.045 2248
1039.591875 1604
1040.13875 1860
1040.685625 2016
1041.2325 3012
1041.779375 1864
1042.32625 1904
1042.873125 1896
1043.42 1968
1043.966875 1672
1044.51375 1900
1045.060625 1892
1045.6075 1564
1046.154375 2032
1046.70125 2592
1047.248125 1664
1047.795 1544
1048.341875 2168
1048.88875 1612
1049.435625 1676
1049.9825 1628
1050.529375 1440
1051.07625 2064
1051.623125 2416
1052.17 1204
1052.716875 1688
1053.26375 1336
1053.810625 3032
1054.3575 1720
1054.904375 1648
1055.45125 2076
1055.998125 1844
1056.545 1900
1057.091875 1488
1057.63875 1724
1058.185625 2048
1058.7325 2116
1059.279375 1844
1059.82625 1532
1060.373125 2520
1060.92 1908
1061.466875 2084
1062.01375 1636
1062.560625 2884
1063.1075 2636
1063.654375 1732
1064.20125 2104
1064.748125 1444
1065.295 1888
1065.841875 1860
1066.38875 1964
1066.935625 1696
1067.4825 1924
1068.029375 2024
1068.57625 1948
1069.123125 2280
1069.67 2232
1070.216875 1236
1070.76375 2124
1071.310625 2412
1071.8575 2540
1072.404375 1968
1072.95125 1688
1073.498125 2852
1074.045 2064
1074.591875 2096
1075.13875 2544
1075.685625 3020
1076.2325 1620
1076.779375 2588
1077.32625 2340
1077.873125 2088
1078.42 1844
1078.966875 1708
1079.51375 2688
1080.060625 1736
1080.6075 1364
1081.154375 1620
1081.70125 1444
1082.248125 2492
1082.795 2544
1083.341875 1236
1083.88875 2516
1084.435625 2636
1084.9825 1784
1085.529375 1928
1086.07625 2088
1086.623125 1816
1087.17 2084
1087.716875 1324
1088.26375 1640
1088.810625 2156
1089.3575 2452
1089.904375 2388
1090.45125 1748
1090.998125 1460
1091.545 1624
1092.091875 1328
1092.63875 2876
1093.185625 1912
1093.7325 1260
1094.279375 2220
1094.82625 1768
1095.373125 1616
1095.92 2236
1096.466875 1716
1097.01375 1528
1097.560625 1660
1098.1075 2044
1098.654375 1400
1099.20125 1768
1099.748125 1520
1100.295 1924
1100.841875 1764
1101.38875 2192
1101.935625 2136
1102.4825 1716
1103.029375 2124
1103.57625 1660
1104.123125 1652
1104.67 2132
1105.216875 2228
1105.76375 1940
1106.310625 1656
1106.8575 2224
1107.404375 1924
1107.95125 2160
1108.498125 2128
1109.045 2104
1109.591875 2436
1110.13875 1980
1110.685625 2016
1111.2325 2156
1111.779375 2868
1112.32625 1588
1112.873125 2224
1113.42 2148
1113.966875 2228
1114.51375 1520
1115.060625 2016
1115.6075 1416
1116.154375 1896
1116.70125 2128
1117.248125 4048
1117.795 1924
1118.341875 1692
1118.88875 1360
1119.435625 1960
1119.9825 2884
1120.529375 1640
1121.07625 1340
1121.623125 1824
1122.17 2452
1122.716875 1648
1123.26375 1872
1123.810625 2832
1124.3575 1936
1124.904375 1648
1125.45125 1424
1125.998125 2084
1126.545 1352
1127.091875 1548
1127.63875 1904
1128.185625 1852
1128.7325 2316
1129.279375 2500
1129.82625 1840
1130.373125 2000
1130.92 2768
1131.466875 2592
1132.01375 2260
1132.560625 1892
1133.1075 2516
1133.654375 2468
1134.20125 2016
1134.748125 2312
1135.295 2060
1135.841875 1636
1136.38875 1392
1136.935625 1852
1137.4825 1668
1138.029375 2820
1138.57625 1976
1139.123125 1744
1139.67 1672
1140.216875 1720
1140.76375 1792
1141.310625 1984
1141.8575 1836
1142.404375 1928
1142.95125 1748
1143.498125 1656
1144.045 2108
1144.591875 2356
1145.13875 1920
1145.685625 2652
1146.2325 1916
1146.779375 1688
1147.32625 2696
1147.873125 2564
1148.42 2572
1148.966875 1664
1149.51375 2220
1150.060625 2296
1150.6075 2136
1151.154375 1748
1151.70125 1636
1152.248125 1620
1152.795 1292
1153.341875 1928
1153.88875 2376
1154.435625 2472
1154.9825 1836
1155.529375 2276
1156.07625 1936
1156.623125 1532
1157.17 1804
1157.716875 1964
1158.26375 1556
1158.810625 1536
1159.3575 2344
1159.904375 2032
1160.45125 1916
1160.998125 1800
1161.545 1996
1162.091875 1640
1162.63875 2768
1163.185625 1972
1163.7325 2916
1164.279375 1712
1164.82625 1676
1165.373125 1956
1165.92 1612
1166.466875 2484
1167.01375 1636
1167.560625 1704
1168.1075 1944
1168.654375 2708
1169.20125 1524
1169.748125 2192
1170.295 1488
1170.841875 1468
1171.38875 1856
1171.935625 1596
1172.4825 2356
1173.029375 1772
1173.57625 1780
1174.123125 2700
1174.67 2436
1175.216875 2728
1175.76375 2016
1176.310625 2372
1176.8575 1816
1177.404375 2208
1177.95125 2760
1178.498125 2032
1179.045 1976
1179.591875 1644
1180.13875 1744
1180.685625 2932
1181.2325 1480
1181.779375 2504
1182.32625 1580
1182.873125 1748
1183.42 1684
1183.966875 1688
1184.51375 2024
1185.060625 1520
1185.6075 1996
1186.154375 2036
1186.70125 1340
1187.248125 2308
1187.795 1572
1188.341875 2360
1188.88875 1812
1189.435625 1892
1189.9825 1992
1190.529375 2004
1191.07625 1836
1191.623125 2592
1192.17 1932
1192.716875 1740
1193.26375 2340
1193.810625 1780
1194.3575 1392
1194.904375 2184
1195.45125 1988
1195.998125 2340
1196.545 1968
1197.091875 1516
1197.63875 1776
1198.185625 1744
1198.7325 2340
1199.279375 1376
1199.82625 2500
1200.373125 2424
1200.92 2520
1201.466875 1956
1202.01375 2080
1202.560625 1856
1203.1075 1888
1203.654375 2008
1204.20125 1700
1204.748125 2076
1205.295 1952
1205.841875 2168
1206.38875 2508
1206.935625 2012
1207.4825 2404
1208.029375 2056
1208.57625 1712
1209.123125 1408
1209.67 2188
1210.216875 2564
1210.76375 2264
1211.310625 2972
1211.8575 2136
1212.404375 1768
1212.95125 2232
1213.498125 1504
1214.045 1940
1214.591875 1700
1215.13875 2288
1215.685625 2204
1216.2325 1816
1216.779375 2428
1217.32625 2636
1217.873125 2196
1218.42 2372
1218.966875 2328
1219.51375 1808
1220.060625 2060
1220.6075 2360
1221.154375 1888
1221.70125 2444
1222.248125 1952
1222.795 2516
1223.341875 2228
1223.88875 2660
1224.435625 2644
1224.9825 2656
1225.529375 3296
1226.07625 2668
1226.623125 3188
1227.17 4028
1227.716875 4604
1228.26375 5472
1228.810625 6468
1229.3575 7872
1229.904375 9812
1230.45125 10592
1230.998125 11160
1231.545 12132
1232.091875 11216
1232.63875 10652
1233.185625 9928
1233.7325 9800
1234.279375 8040
1234.82625 6504
1235.373125 6140
1235.92 6208
1236.466875 6352
1237.01375 4836
1237.560625 5228
1238.1075 5132
1238.654375 5448
1239.20125 5124
1239.748125 4868
1240.295 4132
1240.841875 3876
1241.38875 3728
1241.935625 3412
1242.4825 3592
1243.029375 3636
1243.57625 2824
1244.123125 3304
1244.67 4120
1245.216875 3120
1245.76375 3460
1246.310625 3456
1246.8575 2868
1247.404375 2904
1247.95125 3500
1248.498125 3836
1249.045 3696
1249.591875 2988
1250.13875 2860
1250.685625 2940
1251.2325 3236
1251.779375 3324
1252.32625 3172
1252.873125 3548
1253.42 3116
1253.966875 2564
1254.51375 2856
1255.060625 3260
1255.6075 2408
1256.154375 2532
1256.70125 2252
1257.248125 2744
1257.795 3044
1258.341875 3492
1258.88875 3384
1259.435625 2724
1259.9825 2620
1260.529375 3368
1261.07625 2732
1261.623125 2988
1262.17 2732
1262.716875 2460
1263.26375 3112
1263.810625 3588
1264.3575 3508
1264.904375 2444
1265.45125 2360
1265.998125 2476
1266.545 2312
1267.091875 2792
1267.63875 2944
1268.185625 2236
1268.7325 2712
1269.279375 3932
1269.82625 3012
1270.373125 2596
1270.92 2428
1271.466875 3512
1272.01375 2984
1272.560625 3108
1273.1075 2912
1273.654375 2992
1274.20125 3308
1274.748125 2764
1275.295 2788
1275.841875 2444
1276.38875 3048
1276.935625 2636
1277.4825 1896
1278.029375 2776
1278.57625 2636
1279.123125 2296
1279.67 2104
1280.216875 1804
1280.76375 2108
1281.310625 1924
1281.8575 2144
1282.404375 2212
1282.95125 2256
1283.498125 2016
1284.045 2032
1284.591875 2220
1285.13875 2064
1285.685625 1836
1286.2325 2044
1286.779375 1756
1287.32625 2140
1287.873125 1952
1288.42 2156
1288.966875 1844
1289.51375 3080
1290.060625 1444
1290.6075 3232
1291.154375 2228
1291.70125 2416
1292.248125 2212
1292.795 1928
1293.341875 2972
1293.88875 2460
1294.435625 2076
1294.9825 2216
1295.529375 2128
1296.07625 1928
1296.623125 2108
1297.17 2340
1297.716875 3084
1298.26375 2696
1298.810625 2416
1299.3575 2860
1299.904375 2060
1300.45125 1884
1300.998125 2500
1301.545 2632
1302.091875 1888
1302.63875 2232
1303.185625 2216
1303.7325 1900
1304.279375 2332
1304.82625 2472
1305.373125 2472
1305.92 2488
1306.466875 2380
1307.01375 2344
1307.560625 2004
1308.1075 3248
1308.654375 2428
1309.20125 2456
1309.748125 2452
1310.295 1804
1310.841875 1988
1311.38875 2852
1311.935625 3256
1312.4825 2316
1313.029375 2260
1313.57625 2796
1314.123125 2788
1314.67 2684
1315.216875 2608
1315.76375 1972
1316.310625 2196
1316.8575 2120
1317.404375 2868
1317.95125 2656
1318.498125 2016
1319.045 2860
1319.591875 2484
1320.13875 2052
1320.685625 2156
1321.2325 3008
1321.779375 2348
1322.32625 2260
1322.873125 1924
1323.42 2588
1323.966875 1944
1324.51375 1948
1325.060625 2360
1325.6075 2360
1326.154375 2536
1326.70125 2608
1327.248125 1960
1327.795 2652
1328.341875 2204
1328.88875 2180
1329.435625 2160
1329.9825 2476
1330.529375 2192
1331.07625 1980
1331.623125 2912
1332.17 1708
1332.716875 1844
1333.26375 1796
1333.810625 2384
1334.3575 2664
1334.904375 2272
1335.45125 2200
1335.998125 2908
1336.545 2404
1337.091875 2164
1337.63875 2504
1338.185625 2224
1338.7325 2272
1339.279375 2544
1339.82625 2456
1340.373125 1864
1340.92 2900
1341.466875 2204
1342.01375 2408
1342.560625 2692
1343.1075 2712
1343.654375 2484
1344.20125 2272
1344.748125 2556
1345.295 2736
1345.841875 2164
1346.38875 2428
1346.935625 2040
1347.4825 2408
1348.029375 2260
1348.57625 2496
1349.123125 2340
1349.67 2356
1350.216875 2964
1350.76375 2172
1351.310625 2452
1351.8575 2124
1352.404375 2852
1352.95125 2228
1353.498125 2052
1354.045 3352
1354.591875 2544
1355.13875 2244
1355.685625 2476
1356.2325 2108
1356.779375 2692
1357.32625 2588
1357.873125 2708
1358.42 2256
1358.966875 2836
1359.51375 2472
1360.060625 2516
1360.6075 3172
1361.154375 2508
1361.70125 2408
1362.248125 2032
1362.795 2600
1363.341875 2832
1363.88875 2404
1364.435625 2688
1364.9825 3088
1365.529375 2524
1366.07625 3548
1366.623125 2652
1367.17 2660
1367.716875 2492
1368.26375 2372
1368.810625 2288
1369.3575 3268
1369.904375 2728
1370.45125 2236
1370.998125 2456
1371.545 2744
1372.091875 4032
1372.63875 2536
1373.185625 3532
1373.7325 2524
1374.279375 2180
1374.82625 2812
1375.373125 3004
1375.92 3076
1376.466875 2668
1377.01375 2720
1377.560625 2680
1378.1075 3012
1378.654375 2816
1379.20125 2624
1379.748125 2796
1380.295 2676
1380.841875 3304
1381.38875 2620
1381.935625 2580
1382.4825 3188
1383.029375 2308
1383.57625 3040
1384.123125 2788
1384.67 2988
1385.216875 2832
1385.76375 2740
1386.310625 3096
1386.8575 3100
1387.404375 3096
1387.95125 3412
1388.498125 2660
1389.045 3188
1389.591875 3172
1390.13875 3064
1390.685625 2720
1391.2325 3756
1391.779375 3068
1392.32625 3396
1392.873125 3656
1393.42 3432
1393.966875 3600
1394.51375 3200
1395.060625 5004
1395.6075 4104
1396.154375 3080
1396.70125 3324
1397.248125 3436
1397.795 4084
1398.341875 2960
1398.88875 3728
1399.435625 3484
1399.9825 3460
1400.529375 2964
1401.07625 3280
1401.623125 4052
1402.17 3408
1402.716875 3252
1403.26375 4128
1403.810625 3076
1404.3575 3480
1404.904375 3752
1405.45125 3864
1405.998125 3492
1406.545 3688
1407.091875 3476
1407.63875 3968
1408.185625 4768
1408.7325 4176
1409.279375 4396
1409.82625 3560
1410.373125 4064
1410.92 4512
1411.466875 4640
1412.01375 3696
1412.560625 4636
1413.1075 4512
1413.654375 4096
1414.20125 5400
1414.748125 4412
1415.295 4552
1415.841875 5324
1416.38875 4640
1416.935625 5732
1417.4825 5596
1418.029375 5128
1418.57625 5820
1419.123125 5484
