299.67 2244
300.216875 2128
300.76375 2360
301.310625 3228
301.8575 2204
302.404375 2656
302.95125 1604
303.498125 1872
304.045 1620
304.591875 2060
305.13875 2584
305.685625 2012
306.2325 2608
306.779375 3096
307.32625 2924
307.873125 2628
308.42 3000
308.966875 2312
309.51375 2128
310.060625 1692
310.6075 2140
311.154375 2128
311.70125 2212
312.248125 2296
312.795 3404
313.341875 1980
313.88875 3988
314.435625 2076
314.9825 2968
315.529375 1548
316.07625 1712
316.623125 2324
317.17 1596
317.716875 2252
318.26375 2208
318.810625 2268
319.3575 1920
319.904375 1656
320.45125 1992
320.998125 2504
321.545 1724
322.091875 2404
322.63875 2032
323.185625 1956
323.7325 1752
324.279375 2860
324.82625 2152
325.373125 2432
325.92 1936
326.466875 1956
327.01375 2292
327.560625 3228
328.1075 2040
328.654375 2084
329.20125 1996
329.748125 1848
330.295 1816
330.841875 2352
331.38875 1680
331.935625 1716
332.4825 2688
333.029375 1700
333.57625 2300
334.123125 1688
334.67 2168
335.216875 2916
335.76375 2044
336.310625 2856
336.8575 1892
337.404375 1472
337.95125 2116
338.498125 2612
339.045 2796
339.591875 1696
340.13875 2068
340.685625 1924
341.2325 2428
341.779375 1840
342.32625 1492
342.873125 3100
343.42 2504
343.966875 1708
344.51375 2352
345.060625 2824
345.6075 2240
346.154375 2448
346.70125 2656
347.248125 2252
347.795 1536
348.341875 3524
348.88875 2168
349.435625 1980
349.9825 1840
350.529375 1776
351.07625 2200
351.623125 2116
352.17 1744
352.716875 2060
353.26375 2752
353.810625 1444
354.3575 2064
354.904375 1448
355.45125 2516
355.998125 2256
356.545 1500
357.091875 2904
357.63875 1676
358.185625 1816
358.7325 2084
359.279375 1788
359.82625 1868
360.373125 1800
360.92 1444
361.466875 2244
362.01375 2056
362.560625 2468
363.1075 1744
363.654375 1664
364.20125 3080
364.748125 2320
365.295 1872
365.841875 1924
366.38875 1452
366.935625 2272
367.4825 1840
368.029375 1504
368.57625 2332
369.123125 2256
369.67 2392
370.216875 2048
370.76375 2032
371.310625 1812
371.8575 2080
372.404375 2008
372.95125 3384
373.498125 2436
374.045 2292
374.591875 2188
375.13875 2364
375.685625 1836
376.2325 1948
376.779375 2100
377.32625 2944
377.873125 2156
378.42 2184
378.966875 2572
379.51375 1568
380.060625 2028
380.6075 2468
381.154375 2500
381.70125 1836
382.248125 2620
382.795 2216
383.341875 1828
383.88875 2372
384.435625 2088
384.9825 2280
385.529375 3492
386.07625 3288
386.623125 2712
387.17 2868
387.716875 2536
388.26375 2828
388.810625 3904
389.3575 2224
389.904375 2104
390.45125 1908
390.998125 1352
391.545 1776
392.091875 2000
392.63875 2364
393.185625 3032
393.7325 1924
394.279375 2416
394.82625 1452
395.373125 1716
395.92 1584
396.466875 3052
397.01375 2076
397.560625 1932
398.1075 1672
398.654375 1612
399.20125 2012
399.748125 2620
400.295 2200
400.841875 1756
401.38875 2392
401.935625 2948
402.4825 2132
403.029375 1924
403.57625 2104
404.123125 1956
404.67 2840
405.216875 2484
405.76375 2316
406.310625 2168
406.8575 1780
407.404375 2132
407.95125 1992
408.498125 3100
409.045 2216
409.591875 2260
410.13875 2240
410.685625 1596
411.2325 2072
411.779375 1864
412.32625 1708
412.873125 1652
413.42 1992
413.966875 2300
414.51375 1792
415.060625 2376
415.6075 2188
416.154375 1744
416.70125 2072
417.248125 2652
417.795 1980
418.341875 2152
418.88875 2580
419.435625 1480
419.9825 2540
420.529375 2484
421.07625 3968
421.623125 5876
422.17 10392
422.716875 12648
423.26375 14004
423.810625 15288
424.3575 15364
424.904375 14364
425.45125 12904
425.998125 9580
426.545 6984
427.091875 4896
427.63875 3340
428.185625 3856
428.7325 3304
429.279375 2880
429.82625 2688
430.373125 3344
430.92 2132
431.466875 3864
432.01375 3772
432.560625 3668
433.1075 2740
433.654375 3068
434.20125 3060
434.748125 2780
435.295 3384
435.841875 3096
436.38875 3520
436.935625 3932
437.4825 3944
438.029375 3552
438.57625 3592
439.123125 3308
439.67 4196
440.216875 3364
440.76375 3676
441.310625 3652
441.8575 4284
442.404375 4876
442.95125 4196
443.498125 3768
444.045 4312
444.591875 5216
445.13875 4636
445.685625 4320
446.2325 6524
446.779375 5308
447.32625 5672
447.873125 7556
448.42 5044
448.966875 6788
449.51375 6524
450.060625 12740
450.6075 27412
451.154375 49300
451.70125 65532
452.248125 65532
452.795 65532
453.341875 65532
453.88875 65532
454.435625 65532
454.9825 56248
455.529375 37416
456.07625 18576
456.623125 7076
457.17 5956
457.716875 5912
458.26375 5752
458.810625 5436
459.3575 6212
459.904375 6684
460.45125 5604
460.998125 5240
461.545 5788
462.091875 8428
462.63875 6184
463.185625 6028
463.7325 6060
464.279375 5836
464.82625 6216
465.373125 5440
465.92 6052
466.466875 5804
467.01375 5656
467.560625 5508
468.1075 6268
468.654375 5344
469.20125 5412
469.748125 5664
470.295 5776
470.841875 6048
471.38875 5344
471.935625 6024
472.4825 6284
473.029375 5448
473.57625 5840
474.123125 5936
474.67 5536
475.216875 6176
475.76375 5084
476.310625 5660
476.8575 6204
477.404375 5736
477.95125 5392
478.498125 5400
479.045 7668
479.591875 5928
480.13875 6016
480.685625 6232
481.2325 6040
481.779375 6596
482.32625 6156
482.873125 5968
483.42 6136
483.966875 5676
484.51375 4988
485.060625 5008
485.6075 5400
486.154375 5432
486.70125 4932
487.248125 5764
487.795 6872
488.341875 5940
488.88875 5140
489.435625 5708
489.9825 5200
490.529375 5084
491.07625 5220
491.623125 5248
492.17 5204
492.716875 5408
493.26375 6044
493.810625 6292
494.3575 7280
494.904375 7960
495.45125 9840
495.998125 11780
496.545 14944
497.091875 18788
497.63875 22804
498.185625 28164
498.7325 33204
499.279375 39404
499.82625 44740
500.373125 48132
500.92 51988
501.466875 53920
502.01375 53420
502.560625 54072
503.1075 53772
503.654375 51760
504.20125 51132
504.748125 49172
505.295 47212
505.841875 44624
506.38875 43040
506.935625 39692
507.4825 38176
508.029375 34260
508.57625 32912
509.123125 32280
509.67 30560
510.216875 28664
510.76375 26536
511.310625 24772
511.8575 22392
512.4043750000001 21276
512.9512500000001 18004
513.4981250000001 15444
514.0450000000001 13520
514.5918750000001 11456
515.1387500000001 9724
515.6856250000001 8604
516.2325000000001 7336
516.7793750000001 6288
517.3262500000001 5628
517.8731250000001 4924
518.4200000000001 4444
518.9668750000001 4752
519.5137500000001 4676
520.0606250000001 4212
520.6075000000001 4460
521.1543750000001 3752
521.7012500000001 3592
522.2481250000001 4372
522.7950000000001 3728
523.3418750000001 3904
523.8887500000001 3512
524.4356250000001 3256
524.9825000000001 4332
525.5293750000001 4256
526.0762500000001 3256
526.6231250000001 3972
527.1700000000001 4000
527.7168750000001 3292
528.2637500000001 3212
528.8106250000001 3616
529.3575000000001 3368
529.9043750000001 3092
530.4512500000001 3076
530.9981250000001 3044
531.5450000000001 3576
532.0918750000001 3192
532.6387500000001 3192
533.1856250000001 2828
533.7325000000001 2948
534.2793750000001 3256
534.8262500000001 2468
535.3731250000001 2512
535.9200000000001 2908
536.4668750000001 3392
537.0137500000001 2828
537.5606250000001 3412
538.1075000000001 2900
538.6543750000001 2764
539.2012500000001 3876
539.7481250000001 2868
540.2950000000001 3336
540.8418750000001 3408
541.3887500000001 2940
541.9356250000001 3976
542.4825000000001 3956
543.0293750000001 5692
543.5762500000001 6972
544.1231250000001 7052
544.6700000000001 7396
545.2168750000001 8396
545.7637500000001 9380
546.3106250000001 10236
546.8575000000001 11396
547.4043750000001 13196
547.9512500000001 15580
548.4981250000001 20512
549.0450000000001 25488
549.5918750000001 33116
550.1387500000001 43480
550.6856250000001 57840
551.2325000000001 65532
551.7793750000001 65532
552.3262500000001 65532
552.8731250000001 65532
553.4200000000001 65532
553.9668750000001 65532
554.5137500000001 65532
555.0606250000001 65532
555.6075000000001 65532
556.1543750000001 65532
556.7012500000001 65532
557.2481250000001 65532
557.7950000000001 65532
558.3418750000001 65532
558.8887500000001 65532
559.4356250000001 65532
559.9825000000001 65532
560.5293750000001 65532
561.0762500000001 65532
561.6231250000001 65532
562.1700000000001 65532
562.7168750000001 65532
563.2637500000001 65532
563.8106250000001 65532
564.3575000000001 65532
564.9043750000001 30212
565.4512500000001 23028
565.9981250000001 19004
566.5450000000001 14320
567.0918750000001 12004
567.6387500000001 9680
568.1856250000001 8612
568.7325000000001 7560
569.2793750000001 8224
569.8262500000001 7204
570.3731250000001 6432
570.9200000000001 6324
571.4668750000001 6324
572.0137500000001 6228
572.5606250000001 6276
573.1075000000001 6224
573.6543750000001 5352
574.2012500000001 5572
574.7481250000001 5132
575.2950000000001 5788
575.8418750000001 5120
576.3887500000001 4944
576.9356250000001 4568
577.4825000000001 5624
578.0293750000001 4648
578.5762500000001 5096
579.1231250000001 4340
579.6700000000001 4424
580.2168750000001 5172
580.7637500000001 4888
581.3106250000001 5020
581.8575000000001 5856
582.4043750000001 5836
582.9512500000001 7320
583.4981250000001 9680
584.0450000000001 12848
584.5918750000001 17024
585.1387500000001 21672
585.6856250000001 25356
586.2325000000001 31004
586.7793750000001 36588
587.3262500000001 42228
587.8731250000001 45800
588.4200000000001 47764
588.9668750000001 50464
589.5137500000001 51972
590.0606250000001 55188
590.6075000000001 57488
591.1543750000001 59028
591.7012500000001 59476
592.2481250000001 60956
592.7950000000001 61736
593.3418750000001 63220
593.8887500000001 65532
594.4356250000001 65532
594.9825000000001 65532
595.5293750000001 65532
596.0762500000001 65532
596.6231250000001 65532
597.1700000000001 65532
597.7168750000001 65532
598.2637500000001 61004
598.8106250000001 57612
599.3575000000001 54140
599.9043750000001 52588
600.4512500000001 53080
600.9981250000001 53132
601.5450000000001 52292
602.0918750000001 49688
602.6387500000001 47396
603.1856250000001 41980
603.7325000000001 37076
604.2793750000001 33116
604.8262500000001 29364
605.3731250000001 28072
605.9200000000001 29404
606.4668750000001 31212
607.0137500000001 32048
607.5606250000001 32924
608.1075000000001 33068
608.6543750000001 30960
609.2012500000001 28356
609.7481250000001 25752
610.2950000000001 22292
610.8418750000001 19692
611.3887500000001 18440
611.9356250000001 18204
612.4825000000001 18588
613.0293750000001 19584
613.5762500000001 21652
614.1231250000001 24492
614.6700000000001 31076
615.2168750000001 39504
615.7637500000001 57504
616.3106250000001 65532
616.8575000000001 65532
617.4043750000001 65532
617.9512500000001 65532
618.4981250000001 65532
619.0450000000001 65532
619.5918750000001 65532
620.1387500000001 65532
620.6856250000001 65532
621.2325000000001 65532
621.7793750000001 65532
622.3262500000001 65532
622.8731250000001 65532
623.4200000000001 65532
623.9668750000001 65532
624.5137500000001 65532
625.0606250000001 65532
625.6075000000001 65532
626.1543750000001 65532
626.7012500000001 65532
627.2481250000001 65532
627.7950000000001 65532
628.3418750000001 65304
628.8887500000001 44040
629.4356250000001 44616
629.9825000000001 42236
630.5293750000001 40680
631.0762500000001 37948
631.6231250000001 36140
632.1700000000001 35736
632.7168750000001 33788
633.2637500000001 33316
633.8106250000001 31920
634.3575000000001 31760
634.9043750000001 32864
635.4512500000001 35484
635.9981250000001 39240
636.5450000000001 41612
637.0918750000001 43408
637.6387500000001 42448
638.1856250000001 42348
638.7325000000001 38732
639.2793750000001 33080
639.8262500000001 27228
640.3731250000001 21432
640.9200000000001 15052
641.4668750000001 11660
642.0137500000001 9980
642.5606250000001 8696
643.1075000000001 7660
643.6543750000001 6716
644.2012500000001 7256
644.7481250000001 7064
645.2950000000001 6652
645.8418750000001 6452
646.3887500000001 6396
646.9356250000001 6596
647.4825000000001 5660
648.0293750000001 5764
648.5762500000001 6096
649.1231250000001 6512
649.6700000000001 6900
650.2168750000001 6620
650.7637500000001 6700
651.3106250000001 6840
651.8575000000001 6816
652.4043750000001 6532
652.9512500000001 6960
653.4981250000001 6564
654.0450000000001 7816
654.5918750000001 9476
655.1387500000001 10704
655.6856250000001 12324
656.2325000000001 12540
656.7793750000001 13044
657.3262500000001 13424
657.8731250000001 12532
658.4200000000001 11416
658.9668750000001 10112
659.5137500000001 8840
660.0606250000001 7756
660.6075000000001 7092
661.1543750000001 6620
661.7012500000001 6300
662.2481250000001 6196
662.7950000000001 5940
663.3418750000001 5108
663.8887500000001 5284
664.4356250000001 4980
664.9825000000001 4912
665.5293750000001 4848
666.0762500000001 6384
666.6231250000001 7276
667.1700000000001 7624
667.7168750000001 8648
668.2637500000001 9212
668.8106250000001 8084
669.3575000000001 8628
669.9043750000001 7432
670.4512500000001 7344
670.9981250000001 6148
671.5450000000001 6012
672.0918750000001 5680
672.6387500000001 5916
673.1856250000001 5648
673.7325000000001 5852
674.2793750000001 6108
674.8262500000001 6824
675.3731250000001 5108
675.9200000000001 5452
676.4668750000001 4700
677.0137500000001 5168
677.5606250000001 4540
678.1075000000001 4148
678.6543750000001 4216
679.2012500000001 3824
679.7481250000001 4828
680.2950000000001 4388
680.8418750000001 4684
681.3887500000001 4588
681.9356250000001 4384
682.4825000000001 5156
683.0293750000001 4720
683.5762500000001 4420
684.1231250000001 4972
684.6700000000001 5096
685.2168750000001 4732
685.7637500000001 5764
686.3106250000001 5004
686.8575000000001 4436
687.4043750000001 4284
687.9512500000001 4324
688.4981250000001 4508
689.0450000000001 4516
689.5918750000001 5068
690.1387500000001 5176
690.6856250000001 6932
691.2325000000001 6828
691.7793750000001 6720
692.3262500000001 6576
692.8731250000001 7252
693.4200000000001 6656
693.9668750000001 6912
694.5137500000001 5200
695.0606250000001 5352
695.6075000000001 4576
696.1543750000001 5516
696.7012500000001 5232
697.2481250000001 5372
697.7950000000001 5596
698.3418750000001 5988
698.8887500000001 4552
699.4356250000001 5372
699.9825000000001 4492
700.5293750000001 3576
701.0762500000001 3800
701.6231250000001 3092
702.1700000000001 2968
702.7168750000001 3108
703.2637500000001 2412
703.8106250000001 3076
704.3575000000001 3348
704.9043750000001 3604
705.4512500000001 3536
705.9981250000001 3572
706.5450000000001 3628
707.0918750000001 4500
707.6387500000001 5132
708.1856250000001 6008
708.7325000000001 8152
709.2793750000001 10252
709.8262500000001 13468
710.3731250000001 14436
710.9200000000001 16280
711.4668750000001 18080
712.0137500000001 18540
712.5606250000001 18320
713.1075000000001 17872
713.6543750000001 17840
714.2012500000001 17044
714.7481250000001 16308
715.2950000000001 14668
715.8418750000001 13836
716.3887500000001 12396
716.9356250000001 11588
717.4825000000001 10348
718.0293750000001 8596
718.5762500000001 6764
719.1231250000001 5332
719.6700000000001 4100
720.2168750000001 2936
720.7637500000001 2596
721.3106250000001 2504
721.8575000000001 2004
722.4043750000001 3180
722.9512500000001 2668
723.4981250000001 2184
724.0450000000001 2756
724.5918750000001 2388
725.1387500000001 2540
725.6856250000001 2720
726.2325000000001 2300
726.7793750000001 2616
727.3262500000001 2148
727.8731250000001 2636
728.4200000000001 1924
728.9668750000001 4476
729.5137500000001 2032
730.0606250000001 2660
730.6075000000001 2640
731.1543750000001 2128
731.7012500000001 2340
732.2481250000001 2372
732.7950000000001 2804
733.3418750000001 3148
733.8887500000001 2812
734.4356250000001 1984
734.9825000000001 2284
735.5293750000001 2568
736.0762500000001 2456
736.6231250000001 2736
737.1700000000001 2156
737.7168750000001 2936
738.2637500000001 2756
738.8106250000001 2232
739.3575000000001 3544
739.9043750000001 2256
740.4512500000001 2256
740.9981250000001 2120
741.5450000000001 2080
742.0918750000001 1860
742.6387500000001 2736
743.1856250000001 2552
743.7325000000001 2400
744.2793750000001 2468
744.8262500000001 2900
745.3731250000001 3108
745.9200000000001 4200
746.4668750000001 2792
747.0137500000001 3096
747.5606250000001 2204
748.1075000000001 2100
748.6543750000001 2344
749.2012500000001 2644
749.7481250000001 2500
750.2950000000001 2228
750.8418750000001 2520
751.3887500000001 2296
751.9356250000001 2492
752.4825000000001 2312
753.0293750000001 2112
753.5762500000001 2292
754.1231250000001 2108
754.6700000000001 2340
755.2168750000001 3340
755.7637500000001 2224
756.3106250000001 1832
756.8575000000001 2756
757.4043750000001 2548
757.9512500000001 1924
758.4981250000001 2048
759.0450000000001 3000
759.5918750000001 3056
760.1387500000001 3036
760.6856250000001 2328
761.2325000000001 4060
761.7793750000001 3180
762.3262500000001 3772
762.8731250000001 3204
763.4200000000001 3004
763.9668750000001 3460
764.5137500000001 3136
765.0606250000001 3280
765.6075000000001 3132
766.1543750000001 2932
766.7012500000001 3128
767.2481250000001 2960
767.7950000000001 2992
768.3418750000001 2876
768.8887500000001 3460
769.4356250000001 3128
769.9825000000001 2808
770.5293750000001 2952
771.0762500000001 3672
771.6231250000001 3600
772.1700000000001 3304
772.7168750000001 3692
773.2637500000001 3676
773.8106250000001 3720
774.3575000000001 3180
774.9043750000001 3092
775.4512500000001 4072
775.9981250000001 3668
776.5450000000001 3720
777.0918750000001 3884
777.6387500000001 3384
778.1856250000001 3848
778.7325000000001 4236
779.2793750000001 3992
779.8262500000001 4384
780.3731250000001 4092
780.9200000000001 4472
781.4668750000001 4732
782.0137500000001 4040
782.5606250000001 4356
783.1075000000001 4812
783.6543750000001 5048
784.2012500000001 4924
784.7481250000001 5024
785.2950000000001 4340
785.8418750000001 5400
786.3887500000001 4580
786.9356250000001 4764
787.4825000000001 5100
788.0293750000001 5244
788.5762500000001 6132
789.1231250000001 5444
789.6700000000001 5688
790.2168750000001 5792
790.7637500000001 5576
791.3106250000001 5676
791.8575000000001 4904
792.4043750000001 6456
792.9512500000001 5188
793.4981250000001 5988
794.0450000000001 6092
794.5918750000001 5808
795.1387500000001 5980
795.6856250000001 6132
796.2325000000001 6876
796.7793750000001 6352
797.3262500000001 6232
797.8731250000001 7024
798.4200000000001 6532
798.9668750000001 6444
799.5137500000001 6564
800.0606250000001 7056
800.6075000000001 7184
801.1543750000001 6748
801.7012500000001 7956
802.2481250000001 7144
802.7950000000001 8540
803.3418750000001 7752
803.8887500000001 6968
804.4356250000001 7960
804.9825000000001 8172
805.5293750000001 7968
806.0762500000001 7220
806.6231250000001 7148
807.1700000000001 7248
807.7168750000001 6672
808.2637500000001 6740
808.8106250000001 6212
809.3575000000001 5760
809.9043750000001 5392
810.4512500000001 5124
810.9981250000001 5220
811.5450000000001 4984
812.0918750000001 6396
812.6387500000001 4260
813.1856250000001 3876
813.7325000000001 5132
814.2793750000001 4008
814.8262500000001 3292
815.3731250000001 3916
815.9200000000001 3216
816.4668750000001 3124
817.0137500000001 2984
817.5606250000001 2388
818.1075000000001 3068
818.6543750000001 2940
819.2012500000001 2720
819.7481250000001 2196
820.2950000000001 2400
820.8418750000001 1912
821.3887500000001 2640
821.9356250000001 1796
822.4825000000001 2172
823.0293750000001 2428
823.5762500000001 2324
824.1231250000001 1956
824.6700000000001 1756
825.2168750000001 1828
825.7637500000001 1384
826.3106250000001 2812
826.8575000000001 2132
827.4043750000001 1664
827.9512500000001 1708
828.4981250000001 1892
829.0450000000001 2332
829.5918750000001 2120
830.1387500000001 2108
830.6856250000001 2600
831.2325000000001 2204
831.7793750000001 2212
832.3262500000001 2768
832.8731250000001 1884
833.4200000000001 1512
833.9668750000001 2280
834.5137500000001 2376
835.0606250000001 2412
835.6075000000001 1384
836.1543750000001 2196
836.7012500000001 2248
837.2481250000001 1568
837.7950000000001 1656
838.3418750000001 2736
838.8887500000001 1992
839.4356250000001 2400
839.9825000000001 2168
840.5293750000001 1704
841.0762500000001 1084
841.6231250000001 1884
842.1700000000001 1296
842.7168750000001 1880
843.2637500000001 1768
843.8106250000001 1792
844.3575000000001 1732
844.9043750000001 1916
845.4512500000001 2524
845.9981250000001 1848
846.5450000000001 1424
847.0918750000001 1456
847.6387500000001 2792
848.1856250000001 1728
848.7325000000001 2300
849.2793750000001 1908
849.8262500000001 1472
850.3731250000001 1216
850.9200000000001 2336
851.4668750000001 1544
852.0137500000001 1576
852.5606250000001 1724
853.1075000000001 2692
853.6543750000001 1964
854.2012500000001 1484
854.7481250000001 1708
855.2950000000001 1688
855.8418750000001 1968
856.3887500000001 1524
856.9356250000001 1752
857.4825000000001 1396
858.0293750000001 2036
858.5762500000001 1688
859.1231250000001 1872
859.6700000000001 2924
860.2168750000001 2452
860.7637500000001 1388
861.3106250000001 1708
861.8575000000001 1996
862.4043750000001 1552
862.9512500000001 2276
863.4981250000001 1604
864.0450000000001 2128
864.5918750000001 2228
865.1387500000001 2092
865.6856250000001 7608
866.2325000000001 1372
866.7793750000001 1608
867.3262500000001 1256
867.8731250000001 2188
868.4200000000001 1644
868.9668750000001 2260
869.5137500000001 1612
870.0606250000001 1732
870.6075000000001 1484
871.1543750000001 1692
871.7012500000001 1688
872.2481250000001 1528
872.7950000000001 1332
873.3418750000001 2460
873.8887500000001 2052
874.4356250000001 2272
874.9825000000001 2512
875.5293750000001 1652
876.0762500000001 1944
876.6231250000001 1568
877.1700000000001 1900
877.7168750000001 1504
878.2637500000001 2388
878.8106250000001 1828
879.3575000000001 1956
879.9043750000001 1732
880.4512500000001 2280
880.9981250000001 2532
881.5450000000001 1452
882.0918750000001 2820
882.6387500000001 1716
883.1856250000001 2420
883.7325000000001 1516
884.2793750000001 1448
884.8262500000001 2280
885.3731250000001 1424
885.9200000000001 1864
886.4668750000001 2020
887.0137500000001 2388
887.5606250000001 1720
888.1075000000001 1820
888.6543750000001 2100
889.2012500000001 1460
889.7481250000001 1528
890.2950000000001 1740
890.8418750000001 1712
891.3887500000001 2120
891.9356250000001 2668
892.4825000000001 1820
893.0293750000001 2008
893.5762500000001 1664
894.1231250000001 2488
894.6700000000001 1500
895.2168750000001 1860
895.7637500000001 2160
896.3106250000001 2372
896.8575000000001 1656
897.4043750000001 1708
897.9512500000001 1768
898.4981250000001 1728
899.0450000000001 2140
899.5918750000001 1408
900.1387500000001 2236
900.6856250000001 1272
901.2325000000001 2248
901.7793750000001 1924
902.3262500000001 1940
902.8731250000001 1992
903.4200000000001 1940
903.9668750000001 1760
904.5137500000001 1748
905.0606250000001 1812
905.6075000000001 2528
906.1543750000001 2064
906.7012500000001 1368
907.2481250000001 1424
907.7950000000001 3032
908.3418750000001 1860
908.8887500000001 1744
909.4356250000001 1456
909.9825000000001 1804
910.5293750000001 2220
911.0762500000001 1908
911.6231250000001 2068
912.1700000000001 2152
912.7168750000001 2036
913.2637500000001 1796
913.8106250000001 2128
914.3575000000001 1520
914.9043750000001 1768
915.4512500000001 2708
915.9981250000001 1412
916.5450000000001 2260
917.0918750000001 2132
917.6387500000001 1736
918.1856250000001 2316
918.7325000000001 1976
919.2793750000001 1596
919.8262500000001 2164
920.3731250000001 1724
920.9200000000001 1316
921.4668750000001 2088
922.0137500000001 2140
922.5606250000001 1608
923.1075000000001 2368
923.6543750000001 1868
924.2012500000001 1612
924.7481250000001 1752
925.2950000000001 1816
925.8418750000001 1448
926.3887500000001 1988
926.9356250000001 2588
927.4825000000001 1368
928.0293750000001 1780
928.5762500000001 1860
929.1231250000001 1804
929.6700000000001 1152
930.2168750000001 1504
930.7637500000001 2532
931.3106250000001 2524
931.8575000000001 1736
932.4043750000001 1380
932.9512500000001 1688
933.4981250000001 1908
934.0450000000001 2128
934.5918750000001 1396
935.1387500000001 1768
935.6856250000001 2600
936.2325000000001 1812
936.7793750000001 1728
937.3262500000001 1852
937.8731250000001 1880
938.4200000000001 1124
938.9668750000001 1604
939.5137500000001 1548
940.0606250000001 2196
940.6075000000001 2204
941.1543750000001 1652
941.7012500000001 1644
942.2481250000001 1732
942.7950000000001 2016
943.3418750000001 1852
943.8887500000001 3312
944.4356250000001 1428
944.9825000000001 1884
945.5293750000001 1880
946.0762500000001 1832
946.6231250000001 1956
947.1700000000001 1560
947.7168750000001 2616
948.2637500000001 1560
948.8106250000001 1512
949.3575000000001 1548
949.9043750000001 1920
950.4512500000001 1564
950.9981250000001 1548
951.5450000000001 1480
952.0918750000001 3388
952.6387500000001 1336
953.1856250000001 1988
953.7325000000001 2396
954.2793750000001 2108
954.8262500000001 2472
955.3731250000001 2080
955.9200000000001 1564
956.4668750000001 1324
957.0137500000001 1564
957.5606250000001 1232
958.1075000000001 1488
958.6543750000001 1900
959.2012500000001 1740
959.7481250000001 1776
960.2950000000001 2740
960.8418750000001 1976
961.3887500000001 1576
961.9356250000001 1832
962.4825000000001 2316
963.0293750000001 1656
963.5762500000001 1424
964.1231250000001 2212
964.6700000000001 1436
965.2168750000001 3136
965.7637500000001 1428
966.3106250000001 2472
966.8575000000001 1420
967.4043750000001 1696
967.9512500000001 1496
968.4981250000001 1948
969.0450000000001 2544
969.5918750000001 2324
970.1387500000001 2904
970.6856250000001 2240
971.2325000000001 1580
971.7793750000001 1876
972.3262500000001 1348
972.8731250000001 2052
973.4200000000001 1796
973.9668750000001 2724
974.5137500000001 1772
975.0606250000001 1944
975.6075000000001 2416
976.1543750000001 2188
976.7012500000001 2752
977.2481250000001 1760
977.7950000000001 1716
978.3418750000001 1744
978.8887500000001 1588
979.4356250000001 1776
979.9825000000001 2008
980.5293750000001 1708
981.0762500000001 1424
981.6231250000001 2032
982.1700000000001 1524
982.7168750000001 2132
983.2637500000001 2292
983.8106250000001 1444
984.3575000000001 1772
984.9043750000001 1712
985.4512500000001 1664
985.9981250000001 1748
986.5450000000001 1688
987.0918750000001 1764
987.6387500000001 1716
988.1856250000001 2396
988.7325000000001 1668
989.2793750000001 2172
989.8262500000001 2184
990.3731250000001 1576
990.9200000000001 1528
991.4668750000001 2296
992.0137500000001 1780
992.5606250000001 1684
993.1075000000001 2384
993.6543750000001 1900
994.2012500000001 1448
994.7481250000001 2364
995.2950000000001 1804
995.8418750000001 2296
996.3887500000001 1388
996.9356250000001 1868
997.4825000000001 1752
998.0293750000001 1852
998.5762500000001 1688
999.1231250000001 1432
999.6700000000001 1680
1000.2168750000001 1900
1000.7637500000001 1728
1001.3106250000001 1740
1001.8575000000001 1972
1002.4043750000001 2772
1002.9512500000001 1812
1003.4981250000001 1624
1004.0450000000001 1360
1004.5918750000001 2716
1005.1387500000001 2216
1005.6856250000001 1476
1006.2325000000001 1648
1006.7793750000001 1532
1007.3262500000001 2552
1007.8731250000001 1708
1008.4200000000001 1524
1008.9668750000001 2600
1009.5137500000001 1544
1010.0606250000001 1588
1010.6075000000001 1764
1011.1543750000001 2008
1011.7012500000001 2500
1012.2481250000001 1912
1012.7950000000001 1532
1013.3418750000001 1580
1013.8887500000001 2560
1014.4356250000001 2088
1014.9825000000001 1988
1015.5293750000001 2220
1016.0762500000001 2496
1016.6231250000001 2472
1017.1700000000001 1820
1017.7168750000001 2244
1018.2637500000001 2088
1018.8106250000001 1864
1019.3575000000001 1468
1019.9043750000001 2324
1020.4512500000001 1756
1020.9981250000001 1788
1021.5450000000001 1612
1022.0918750000001 2012
1022.6387500000001 2192
1023.1856250000001 1532
1023.7325000000001 2028
1024.279375 2132
1024.82625 1564
1025.373125 2744
1025.92 1596
1026.466875 1536
1027.01375 1652
1027.560625 1972
1028.1075 1560
1028.654375 1508
1029.20125 1296
1029.748125 1804
1030.295 1516
1030.841875 1640
1031.38875 1328
1031.935625 1756
1032.4825 1668
1033.029375 2308
1033.57625 1688
1034.123125 1924
1034.67 2444
1035.216875 1996
1035.76375 2612
1036.310625 2008
1036.8575 2184
1037.404375 2496
1037.95125 2208
1038.498125 2604
1039.045 2304
1039.591875 1584
1040.13875 1840
1040.685625 2064
1041.2325 3104
1041.779375 1832
1042.32625 1824
1042.873125 1884
1043.42 2008
1043.966875 1660
1044.51375 1968
1045.060625 2004
1045.6075 1552
1046.154375 2064
1046.70125 2372
1047.248125 1644
1047.795 1444
1048.341875 2184
1048.88875 1428
1049.435625 1684
1049.9825 1720
1050.529375 1524
1051.07625 1980
1051.623125 2404
1052.17 1164
1052.716875 1744
1053.26375 1392
1053.810625 3060
1054.3575 1776
1054.904375 1664
1055.45125 2084
1055.998125 1800
1056.545 1972
1057.091875 1472
1057.63875 1512
1058.185625 1972
1058.7325 2220
1059.279375 1852
1059.82625 1612
1060.373125 2464
1060.92 1840
1061.466875 2180
1062.01375 1472
1062.560625 2844
1063.1075 2712
1063.654375 1700
1064.20125 2176
1064.748125 1548
1065.295 1972
1065.841875 1968
1066.38875 1892
1066.935625 1692
1067.4825 2032
1068.029375 2020
1068.57625 1912
1069.123125 2152
1069.67 2312
1070.216875 1192
1070.76375 2044
1071.310625 2388
1071.8575 2512
1072.404375 1984
1072.95125 1636
1073.498125 2680
1074.045 1948
1074.591875 2132
1075.13875 2400
1075.685625 3296
1076.2325 1692
1076.779375 2252
1077.32625 2476
1077.873125 2212
1078.42 1844
1078.966875 1768
1079.51375 2620
1080.060625 1792
1080.6075 1272
1081.154375 1628
1081.70125 1520
1082.248125 2560
1082.795 2448
1083.341875 1300
1083.88875 2372
1084.435625 2568
1084.9825 1804
1085.529375 1944
1086.07625 2188
1086.623125 1872
1087.17 2060
1087.716875 1448
1088.26375 1508
1088.810625 2216
1089.3575 2456
1089.904375 2248
1090.45125 1776
1090.998125 1344
1091.545 1516
1092.091875 1220
1092.63875 2800
1093.185625 1960
1093.7325 1372
1094.279375 2236
1094.82625 1900
1095.373125 1600
1095.92 2176
1096.466875 1672
1097.01375 1376
1097.560625 1656
1098.1075 2020
1098.654375 1292
1099.20125 1940
1099.748125 1456
1100.295 2096
1100.841875 1864
1101.38875 2088
1101.935625 2080
1102.4825 1900
1103.029375 2288
1103.57625 1736
1104.123125 1688
1104.67 2268
1105.216875 2152
1105.76375 1812
1106.310625 1688
1106.8575 2200
1107.404375 1988
1107.95125 2072
1108.498125 2016
1109.045 2096
1109.591875 2552
1110.13875 1876
1110.685625 1808
1111.2325 2036
1111.779375 2996
1112.32625 1820
1112.873125 2188
1113.42 2124
1113.966875 2228
1114.51375 1776
1115.060625 1892
1115.6075 1424
1116.154375 1760
1116.70125 2008
1117.248125 3900
1117.795 1852
1118.341875 1852
1118.88875 1268
1119.435625 1844
1119.9825 2848
1120.529375 1572
1121.07625 1308
1121.623125 1820
1122.17 2436
1122.716875 1852
1123.26375 1784
1123.810625 2616
1124.3575 1992
1124.904375 1568
1125.45125 1452
1125.998125 1940
1126.545 1352
1127.091875 1572
1127.63875 1848
1128.185625 1792
1128.7325 2488
1129.279375 2420
1129.82625 1908
1130.373125 1856
1130.92 2868
1131.466875 2520
1132.01375 2216
1132.560625 1816
1133.1075 2308
1133.654375 2484
1134.20125 2052
1134.748125 2132
1135.295 2012
1135.841875 1556
1136.38875 1360
1136.935625 1888
1137.4825 1552
1138.029375 2700
1138.57625 2240
1139.123125 1852
1139.67 1652
1140.216875 1748
1140.76375 1832
1141.310625 1960
1141.8575 1776
1142.404375 1960
1142.95125 1656
1143.498125 1700
1144.045 2212
1144.591875 2348
1145.13875 1852
1145.685625 2416
1146.2325 1940
1146.779375 1692
1147.32625 2620
1147.873125 2468
1148.42 2524
1148.966875 1584
1149.51375 2048
1150.060625 2300
1150.6075 2156
1151.154375 1696
1151.70125 1508
1152.248125 1560
1152.795 1236
1153.341875 1916
1153.88875 2204
1154.435625 2300
1154.9825 1936
1155.529375 2212
1156.07625 1960
1156.623125 1552
1157.17 1864
1157.716875 2008
1158.26375 1392
1158.810625 1528
1159.3575 2152
1159.904375 1960
1160.45125 1896
1160.998125 1820
1161.545 2028
1162.091875 1464
1162.63875 2624
1163.185625 1944
1163.7325 3016
1164.279375 1848
1164.82625 1852
1165.373125 1812
1165.92 1640
1166.466875 2424
1167.01375 1668
1167.560625 1736
1168.1075 2036
1168.654375 2888
1169.20125 1528
1169.748125 1936
1170.295 1552
1170.841875 1536
1171.38875 1744
1171.935625 1764
1172.4825 2480
1173.029375 1616
1173.57625 1800
1174.123125 2772
1174.67 2364
1175.216875 2792
1175.76375 1856
1176.310625 2400
1176.8575 1936
1177.404375 2312
1177.95125 2756
1178.498125 1968
1179.045 1996
1179.591875 1740
1180.13875 1836
1180.685625 2852
1181.2325 1480
1181.779375 2536
1182.32625 1548
1182.873125 1948
1183.42 1864
1183.966875 1588
1184.51375 2060
1185.060625 1592
1185.6075 1968
1186.154375 2184
1186.70125 1416
1187.248125 2296
1187.795 1684
1188.341875 2608
1188.88875 1596
1189.435625 2020
1189.9825 1940
1190.529375 2136
1191.07625 1792
1191.623125 2580
1192.17 2004
1192.716875 1708
1193.26375 2340
1193.810625 1796
1194.3575 1392
1194.904375 2212
1195.45125 2012
1195.998125 2356
1196.545 1860
1197.091875 1568
1197.63875 1804
1198.185625 1768
1198.7325 2220
1199.279375 1480
1199.82625 2708
1200.373125 2160
1200.92 2612
1201.466875 1972
1202.01375 2196
1202.560625 1780
1203.1075 1832
1203.654375 1996
1204.20125 1576
1204.748125 2044
1205.295 2064
1205.841875 2112
1206.38875 2172
1206.935625 1948
1207.4825 2412
1208.029375 2040
1208.57625 1700
1209.123125 1328
1209.67 2236
1210.216875 2476
1210.76375 2200
1211.310625 2984
1211.8575 2016
1212.404375 1604
1212.95125 2288
1213.498125 1516
1214.045 1944
1214.591875 1848
1215.13875 2224
1215.685625 2156
1216.2325 1980
1216.779375 2364
1217.32625 2660
1217.873125 2360
1218.42 2512
1218.966875 2444
1219.51375 1932
1220.060625 2248
1220.6075 2304
1221.154375 1804
1221.70125 2340
1222.248125 2008
1222.795 2424
1223.341875 2100
1223.88875 2580
1224.435625 2440
1224.9825 2760
1225.529375 3432
1226.07625 2744
1226.623125 3504
1227.17 4016
1227.716875 4352
1228.26375 5684
1228.810625 6540
1229.3575 7684
1229.904375 9820
1230.45125 10428
1230.998125 11036
1231.545 12200
1232.091875 11368
1232.63875 10724
1233.185625 9556
1233.7325 10448
1234.279375 7588
1234.82625 6844
1235.373125 6292
1235.92 6152
1236.466875 6540
1237.01375 5292
1237.560625 5320
1238.1075 5172
1238.654375 5484
1239.20125 5440
1239.748125 4936
1240.295 4080
1240.841875 3916
1241.38875 3724
1241.935625 3588
1242.4825 3940
1243.029375 3480
1243.57625 2844
1244.123125 3260
1244.67 4124
1245.216875 3164
1245.76375 3532
1246.310625 3404
1246.8575 2776
1247.404375 2820
1247.95125 3312
1248.498125 3948
1249.045 3756
1249.591875 3048
1250.13875 2908
1250.685625 2920
1251.2325 3100
1251.779375 3224
1252.32625 3108
1252.873125 3488
1253.42 3188
1253.966875 2496
1254.51375 2872
1255.060625 3588
1255.6075 2300
1256.154375 2644
1256.70125 2264
1257.248125 2676
1257.795 3116
1258.341875 3440
1258.88875 3008
1259.435625 2772
1259.9825 2576
1260.529375 3404
1261.07625 2800
1261.623125 2804
1262.17 3072
1262.716875 2332
1263.26375 3020
1263.810625 3820
1264.3575 3128
1264.904375 2312
1265.45125 2244
1265.998125 2268
1266.545 2460
1267.091875 2648
1267.63875 2848
1268.185625 2332
1268.7325 3000
1269.279375 3840
1269.82625 3244
1270.373125 2776
1270.92 2596
1271.466875 3236
1272.01375 3068
1272.560625 3256
1273.1075 2964
1273.654375 3040
1274.20125 3432
1274.748125 2840
1275.295 2776
1275.841875 2748
1276.38875 2808
1276.935625 2692
1277.4825 1660
1278.029375 2576
1278.57625 2892
1279.123125 2356
1279.67 2088
1280.216875 1796
1280.76375 1956
1281.310625 2044
1281.8575 2072
1282.404375 2124
1282.95125 2108
1283.498125 1932
1284.045 2152
1284.591875 2404
1285.13875 1952
1285.685625 2004
1286.2325 1928
1286.779375 1800
1287.32625 2248
1287.873125 1928
1288.42 2244
1288.966875 2032
1289.51375 3188
1290.060625 1468
1290.6075 3340
1291.154375 2460
1291.70125 2504
1292.248125 2128
1292.795 1964
1293.341875 3068
1293.88875 2496
1294.435625 2028
1294.9825 2244
1295.529375 2116
1296.07625 1824
1296.623125 2072
1297.17 2348
1297.716875 3016
1298.26375 2716
1298.810625 2232
1299.3575 3004
1299.904375 2192
1300.45125 1856
1300.998125 2376
1301.545 2564
1302.091875 1916
1302.63875 2212
1303.185625 2196
1303.7325 2012
1304.279375 2384
1304.82625 2684
1305.373125 2384
1305.92 2452
1306.466875 2600
1307.01375 2456
1307.560625 2096
1308.1075 3400
1308.654375 2400
1309.20125 2660
1309.748125 2648
1310.295 1848
1310.841875 2176
1311.38875 2600
1311.935625 3024
1312.4825 2200
1313.029375 2276
1313.57625 2856
1314.123125 2920
1314.67 2720
1315.216875 2500
1315.76375 1948
1316.310625 2260
1316.8575 2180
1317.404375 2808
1317.95125 2736
1318.498125 2064
1319.045 2828
1319.591875 2376
1320.13875 1952
1320.685625 2156
1321.2325 2960
1321.779375 2168
1322.32625 2308
1322.873125 2072
1323.42 2548
1323.966875 1932
1324.51375 1900
1325.060625 2492
1325.6075 2040
1326.154375 2436
1326.70125 2656
1327.248125 1980
1327.795 2776
1328.341875 2324
1328.88875 2260
1329.435625 2172
1329.9825 2420
1330.529375 2276
1331.07625 1940
1331.623125 2748
1332.17 1864
1332.716875 1748
1333.26375 1728
1333.810625 2392
1334.3575 2520
1334.904375 2524
1335.45125 2228
1335.998125 2856
1336.545 2596
1337.091875 2036
1337.63875 2436
1338.185625 2156
1338.7325 2320
1339.279375 2500
1339.82625 2560
1340.373125 1824
1340.92 2924
1341.466875 1988
1342.01375 2352
1342.560625 2812
1343.1075 2656
1343.654375 2344
1344.20125 2376
1344.748125 2708
1345.295 2888
1345.841875 2084
1346.38875 2364
1346.935625 1908
1347.4825 2312
1348.029375 2376
1348.57625 2604
1349.123125 2468
1349.67 2448
1350.216875 2768
1350.76375 2124
1351.310625 2252
1351.8575 1960
1352.404375 2832
1352.95125 2296
1353.498125 2148
1354.045 3532
1354.591875 2704
1355.13875 2344
1355.685625 2624
1356.2325 2016
1356.779375 2460
1357.32625 2760
1357.873125 2736
1358.42 2196
1358.966875 2780
1359.51375 2540
1360.060625 2556
1360.6075 2956
1361.154375 2412
1361.70125 2628
1362.248125 2160
1362.795 2584
1363.341875 2944
1363.88875 2440
1364.435625 2752
1364.9825 2984
1365.529375 2356
1366.07625 3492
1366.623125 2564
1367.17 2880
1367.716875 2324
1368.26375 2368
1368.810625 2308
1369.3575 2980
1369.904375 2756
1370.45125 2472
1370.998125 2540
1371.545 2744
1372.091875 3992
1372.63875 2692
1373.185625 3448
1373.7325 2492
1374.279375 2252
1374.82625 2776
1375.373125 3068
1375.92 3252
1376.466875 2612
1377.01375 2744
1377.560625 2708
1378.1075 3072
1378.654375 2784
1379.20125 2696
1379.748125 2760
1380.295 2636
1380.841875 3384
1381.38875 2640
1381.935625 2592
1382.4825 3196
1383.029375 2200
1383.57625 3004
1384.123125 2700
1384.67 2988
1385.216875 2924
1385.76375 2672
1386.310625 2880
1386.8575 3092
1387.404375 2900
1387.95125 3284
1388.498125 2716
1389.045 3036
1389.591875 3016
1390.13875 3216
1390.685625 2624
1391.2325 3868
1391.779375 3116
1392.32625 3392
1392.873125 3532
1393.42 3316
1393.966875 3624
1394.51375 3240
1395.060625 4732
1395.6075 3932
1396.154375 3020
1396.70125 3440
1397.248125 3508
1397.795 3856
1398.341875 3044
1398.88875 3484
1399.435625 3300
1399.9825 3572
1400.529375 2932
1401.07625 3288
1401.623125 4024
1402.17 3356
1402.716875 3308
1403.26375 3980
1403.810625 3288
1404.3575 3408
1404.904375 3636
1405.45125 3896
1405.998125 3600
1406.545 3660
1407.091875 3464
1407.63875 3796
1408.185625 4712
1408.7325 4084
1409.279375 4368
1409.82625 3428
1410.373125 4020
1410.92 4608
1411.466875 4396
1412.01375 3696
1412.560625 4548
1413.1075 4580
1413.654375 3980
1414.20125 5188
1414.748125 4244
1415.295 4368
1415.841875 5180
1416.38875 4496
1416.935625 5596
1417.4825 5600
1418.029375 5124
1418.57625 5676
1419.123125 5404
