299.67 -20
300.216875 140
300.76375 144
301.310625 228
301.8575 60
302.404375 136
302.95125 -56
303.498125 -64
304.045 16
304.591875 144
305.13875 84
305.685625 -52
306.2325 -60
306.779375 36
307.32625 16
307.873125 -36
308.42 -168
308.966875 -16
309.51375 -180
310.060625 -16
310.6075 28
311.154375 -184
311.70125 28
312.248125 -108
312.795 -372
313.341875 -20
313.88875 180
314.435625 48
314.9825 -176
315.529375 100
316.07625 120
316.623125 -180
317.17 -28
317.716875 -36
318.26375 -136
318.810625 148
319.3575 216
319.904375 68
320.45125 216
320.998125 20
321.545 -40
322.091875 92
322.63875 -96
323.185625 20
323.7325 104
324.279375 -96
324.82625 -52
325.373125 140
325.92 -28
326.466875 -88
327.01375 240
327.560625 -212
328.1075 8
328.654375 52
329.20125 -60
329.748125 -52
330.295 28
330.841875 112
331.38875 64
331.935625 -16
332.4825 148
333.029375 -80
333.57625 36
334.123125 -112
334.67 -164
335.216875 100
335.76375 -8
336.310625 76
336.8575 -48
337.404375 -80
337.95125 156
338.498125 -64
339.045 -112
339.591875 12
340.13875 72
340.685625 20
341.2325 132
341.779375 -156
342.32625 56
342.873125 96
343.42 0
343.966875 -52
344.51375 -56
345.060625 76
345.6075 -60
346.154375 156
346.70125 -76
347.248125 120
347.795 -68
348.341875 252
348.88875 148
349.435625 -28
349.9825 124
350.529375 -56
351.07625 212
351.623125 136
352.17 -4
352.716875 160
353.26375 152
353.810625 -56
354.3575 52
354.904375 -84
355.45125 8
355.998125 120
356.545 -92
357.091875 -92
357.63875 116
358.185625 60
358.7325 -16
359.279375 -12
359.82625 -20
360.373125 -212
360.92 44
361.466875 92
362.01375 124
362.560625 -172
363.1075 84
363.654375 -12
364.20125 160
364.748125 44
365.295 152
365.841875 140
366.38875 0
366.935625 -28
367.4825 24
368.029375 -4
368.57625 184
369.123125 -44
369.67 168
370.216875 64
370.76375 56
371.310625 -156
371.8575 108
372.404375 -52
372.95125 160
373.498125 80
374.045 68
374.591875 100
375.13875 -240
375.685625 -28
376.2325 116
376.779375 4
377.32625 -164
377.873125 -112
378.42 84
378.966875 4
379.51375 -120
380.060625 128
380.6075 -12
381.154375 200
381.70125 0
382.248125 96
382.795 -116
383.341875 28
383.88875 -120
384.435625 -192
384.9825 -56
385.529375 200
386.07625 60
386.623125 -156
387.17 -48
387.716875 -140
388.26375 -40
388.810625 236
389.3575 40
389.904375 -84
390.45125 60
390.998125 -28
391.545 -216
392.091875 80
392.63875 72
393.185625 -140
393.7325 180
394.279375 -120
394.82625 28
395.373125 -236
395.92 24
396.466875 -136
397.01375 100
397.560625 8
398.1075 -52
398.654375 -88
399.20125 -20
399.748125 -176
400.295 -64
400.841875 100
401.38875 -4
401.935625 -216
402.4825 152
403.029375 24
403.57625 88
404.123125 56
404.67 52
405.216875 -8
405.76375 16
406.310625 12
406.8575 44
407.404375 -116
407.95125 140
408.498125 -48
409.045 -52
409.591875 92
410.13875 28
410.685625 100
411.2325 112
411.779375 12
412.32625 68
412.873125 -136
413.42 -100
413.966875 -224
414.51375 -44
415.060625 4
415.6075 20
416.154375 92
416.70125 -140
417.248125 184
417.795 -20
418.341875 -112
418.88875 244
419.435625 40
419.9825 -56
420.529375 196
421.07625 -108
421.623125 -92
422.17 -124
422.716875 292
423.26375 -220
423.810625 -788
424.3575 348
424.904375 52
425.45125 128
425.998125 -256
426.545 -12
427.091875 -28
427.63875 100
428.185625 24
428.7325 124
429.279375 -52
429.82625 48
430.373125 -216
430.92 -120
431.466875 88
432.01375 -68
432.560625 236
433.1075 -12
433.654375 -8
434.20125 -12
434.748125 -140
435.295 216
435.841875 -36
436.38875 212
436.935625 -184
437.4825 -28
438.029375 -100
438.57625 -60
439.123125 44
439.67 -48
440.216875 -208
440.76375 -52
441.310625 48
441.8575 100
442.404375 392
442.95125 -44
443.498125 -4
444.045 132
444.591875 284
445.13875 96
445.685625 76
446.2325 168
446.779375 -368
447.32625 204
447.873125 -392
448.42 288
448.966875 -24
449.51375 128
450.060625 -488
450.6075 -204
451.154375 -112
451.70125 0
452.248125 0
452.795 0
453.341875 0
453.88875 0
454.435625 0
454.9825 -164
455.529375 -172
456.07625 64
456.623125 -288
457.17 -96
457.716875 328
458.26375 4
458.810625 68
459.3575 60
459.904375 -12
460.45125 16
460.998125 -140
461.545 248
462.091875 -16
462.63875 -208
463.185625 -80
463.7325 120
464.279375 -132
464.82625 -32
465.373125 -52
465.92 24
466.466875 252
467.01375 -176
467.560625 -440
468.1075 -336
468.654375 -228
469.20125 -476
469.748125 124
470.295 -140
470.841875 92
471.38875 124
471.935625 124
472.4825 0
473.029375 -260
473.57625 -292
474.123125 72
474.67 148
475.216875 40
475.76375 -404
476.310625 40
476.8575 -140
477.404375 180
477.95125 -188
478.498125 240
479.045 248
479.591875 260
480.13875 288
480.685625 -36
481.2325 116
481.779375 -28
482.32625 20
482.873125 -276
483.42 0
483.966875 -52
484.51375 -124
485.060625 -36
485.6075 40
486.154375 36
486.70125 -356
487.248125 252
487.795 244
488.341875 -144
488.88875 -472
489.435625 52
489.9825 260
490.529375 -308
491.07625 -32
491.623125 340
492.17 -200
492.716875 -12
493.26375 -360
493.810625 132
494.3575 120
494.904375 328
495.45125 168
495.998125 8
496.545 -24
497.091875 -188
497.63875 -144
498.185625 -240
498.7325 28
499.279375 612
499.82625 76
500.373125 -1228
500.92 -408
501.466875 -236
502.01375 416
502.560625 -488
503.1075 -180
503.654375 -320
504.20125 -68
504.748125 900
505.295 108
505.841875 -364
506.38875 4
506.935625 88
507.4825 624
508.029375 -952
508.57625 -220
509.123125 516
509.67 -88
510.216875 -864
510.76375 216
511.310625 80
511.8575 468
512.4043750000001 108
512.9512500000001 616
513.4981250000001 356
514.0450000000001 -64
514.5918750000001 108
515.1387500000001 -176
515.6856250000001 304
516.2325000000001 260
516.7793750000001 344
517.3262500000001 200
517.8731250000001 -424
518.4200000000001 24
518.9668750000001 216
519.5137500000001 40
520.0606250000001 92
520.6075000000001 84
521.1543750000001 -148
521.7012500000001 116
522.2481250000001 152
522.7950000000001 -84
523.3418750000001 -220
523.8887500000001 20
524.4356250000001 -72
524.9825000000001 56
525.5293750000001 112
526.0762500000001 -320
526.6231250000001 68
527.1700000000001 68
527.7168750000001 -44
528.2637500000001 -32
528.8106250000001 -192
529.3575000000001 -112
529.9043750000001 -116
530.4512500000001 -68
530.9981250000001 32
531.5450000000001 196
532.0918750000001 -8
532.6387500000001 4
533.1856250000001 8
533.7325000000001 296
534.2793750000001 92
534.8262500000001 -124
535.3731250000001 188
535.9200000000001 0
536.4668750000001 28
537.0137500000001 -88
537.5606250000001 308
538.1075000000001 72
538.6543750000001 112
539.2012500000001 156
539.7481250000001 -100
540.2950000000001 120
540.8418750000001 84
541.3887500000001 -20
541.9356250000001 56
542.4825000000001 216
543.0293750000001 -136
543.5762500000001 120
544.1231250000001 112
544.6700000000001 188
545.2168750000001 -376
545.7637500000001 -460
546.3106250000001 -60
546.8575000000001 -680
547.4043750000001 204
547.9512500000001 112
548.4981250000001 144
549.0450000000001 -140
549.5918750000001 304
550.1387500000001 -324
550.6856250000001 600
551.2325000000001 0
551.7793750000001 0
552.3262500000001 0
552.8731250000001 0
553.4200000000001 0
553.9668750000001 0
554.5137500000001 0
555.0606250000001 0
555.6075000000001 0
556.1543750000001 0
556.7012500000001 0
557.2481250000001 0
557.7950000000001 0
558.3418750000001 0
558.8887500000001 0
559.4356250000001 0
559.9825000000001 0
560.5293750000001 0
561.0762500000001 0
561.6231250000001 0
562.1700000000001 0
562.7168750000001 0
563.2637500000001 0
563.8106250000001 0
564.3575000000001 0
564.9043750000001 284
565.4512500000001 -608
565.9981250000001 144
566.5450000000001 -40
567.0918750000001 -200
567.6387500000001 164
568.1856250000001 208
568.7325000000001 24
569.2793750000001 164
569.8262500000001 208
570.3731250000001 -220
570.9200000000001 176
571.4668750000001 -48
572.0137500000001 -236
572.5606250000001 -140
573.1075000000001 20
573.6543750000001 -24
574.2012500000001 240
574.7481250000001 244
575.2950000000001 -84
575.8418750000001 -32
576.3887500000001 60
576.9356250000001 -96
577.4825000000001 268
578.0293750000001 -192
578.5762500000001 408
579.1231250000001 -36
579.6700000000001 -28
580.2168750000001 188
580.7637500000001 -144
581.3106250000001 176
581.8575000000001 288
582.4043750000001 116
582.9512500000001 336
583.4981250000001 248
584.0450000000001 84
584.5918750000001 -88
585.1387500000001 196
585.6856250000001 -248
586.2325000000001 720
586.7793750000001 128
587.3262500000001 -140
587.8731250000001 436
588.4200000000001 96
588.9668750000001 -56
589.5137500000001 -400
590.0606250000001 428
590.6075000000001 300
591.1543750000001 -208
591.7012500000001 348
592.2481250000001 192
592.7950000000001 -888
593.3418750000001 -588
593.8887500000001 0
594.4356250000001 0
594.9825000000001 0
595.5293750000001 0
596.0762500000001 0
596.6231250000001 0
597.1700000000001 0
597.7168750000001 204
598.2637500000001 -380
598.8106250000001 276
599.3575000000001 560
599.9043750000001 172
600.4512500000001 564
600.9981250000001 64
601.5450000000001 332
602.0918750000001 -192
602.6387500000001 412
603.1856250000001 -684
603.7325000000001 -68
604.2793750000001 168
604.8262500000001 0
605.3731250000001 -132
605.9200000000001 372
606.4668750000001 -460
607.0137500000001 -88
607.5606250000001 488
608.1075000000001 -728
608.6543750000001 68
609.2012500000001 824
609.7481250000001 -140
610.2950000000001 880
610.8418750000001 -308
611.3887500000001 -32
611.9356250000001 192
612.4825000000001 524
613.0293750000001 -100
613.5762500000001 432
614.1231250000001 344
614.6700000000001 608
615.2168750000001 692
615.7637500000001 440
616.3106250000001 0
616.8575000000001 0
617.4043750000001 0
617.9512500000001 0
618.4981250000001 0
619.0450000000001 0
619.5918750000001 0
620.1387500000001 0
620.6856250000001 0
621.2325000000001 0
621.7793750000001 0
622.3262500000001 0
622.8731250000001 0
623.4200000000001 0
623.9668750000001 0
624.5137500000001 0
625.0606250000001 0
625.6075000000001 0
626.1543750000001 0
626.7012500000001 0
627.2481250000001 0
627.7950000000001 0
628.3418750000001 -228
628.8887500000001 -144
629.4356250000001 -116
629.9825000000001 272
630.5293750000001 -76
631.0762500000001 -248
631.6231250000001 -208
632.1700000000001 732
632.7168750000001 88
633.2637500000001 388
633.8106250000001 144
634.3575000000001 -24
634.9043750000001 -644
635.4512500000001 284
635.9981250000001 620
636.5450000000001 -60
637.0918750000001 268
637.6387500000001 -696
638.1856250000001 -52
638.7325000000001 256
639.2793750000001 48
639.8262500000001 -468
640.3731250000001 744
640.9200000000001 636
641.4668750000001 100
642.0137500000001 -28
642.5606250000001 192
643.1075000000001 168
643.6543750000001 -304
644.2012500000001 -304
644.7481250000001 308
645.2950000000001 -308
645.8418750000001 168
646.3887500000001 92
646.9356250000001 140
647.4825000000001 -448
648.0293750000001 -204
648.5762500000001 112
649.1231250000001 136
649.6700000000001 -12
650.2168750000001 -8
650.7637500000001 -4
651.3106250000001 84
651.8575000000001 -48
652.4043750000001 156
652.9512500000001 192
653.4981250000001 24
654.0450000000001 -24
654.5918750000001 92
655.1387500000001 -36
655.6856250000001 -40
656.2325000000001 8
656.7793750000001 -24
657.3262500000001 532
657.8731250000001 -376
658.4200000000001 -532
658.9668750000001 240
659.5137500000001 44
660.0606250000001 280
660.6075000000001 56
661.1543750000001 -328
661.7012500000001 -4
662.2481250000001 -16
662.7950000000001 48
663.3418750000001 -24
663.8887500000001 -200
664.4356250000001 -368
664.9825000000001 -164
665.5293750000001 -48
666.0762500000001 328
666.6231250000001 16
667.1700000000001 -20
667.7168750000001 492
668.2637500000001 428
668.8106250000001 8
669.3575000000001 488
669.9043750000001 -272
670.4512500000001 -516
670.9981250000001 148
671.5450000000001 -264
672.0918750000001 -124
672.6387500000001 244
673.1856250000001 -212
673.7325000000001 76
674.2793750000001 112
674.8262500000001 244
675.3731250000001 116
675.9200000000001 -104
676.4668750000001 -44
677.0137500000001 -24
677.5606250000001 60
678.1075000000001 136
678.6543750000001 -148
679.2012500000001 -64
679.7481250000001 -152
680.2950000000001 -280
680.8418750000001 220
681.3887500000001 148
681.9356250000001 -116
682.4825000000001 24
683.0293750000001 160
683.5762500000001 24
684.1231250000001 116
684.6700000000001 -40
685.2168750000001 44
685.7637500000001 168
686.3106250000001 48
686.8575000000001 332
687.4043750000001 -76
687.9512500000001 200
688.4981250000001 -244
689.0450000000001 -260
689.5918750000001 168
690.1387500000001 -156
690.6856250000001 296
691.2325000000001 84
691.7793750000001 -48
692.3262500000001 48
692.8731250000001 -120
693.4200000000001 112
693.9668750000001 180
694.5137500000001 68
695.0606250000001 256
695.6075000000001 -36
696.1543750000001 -168
696.7012500000001 268
697.2481250000001 268
697.7950000000001 -32
698.3418750000001 228
698.8887500000001 -124
699.4356250000001 -44
699.9825000000001 -136
700.5293750000001 -196
701.0762500000001 264
701.6231250000001 112
702.1700000000001 164
702.7168750000001 80
703.2637500000001 80
703.8106250000001 200
704.3575000000001 0
704.9043750000001 -24
705.4512500000001 92
705.9981250000001 -160
706.5450000000001 32
707.0918750000001 132
707.6387500000001 120
708.1856250000001 -348
708.7325000000001 -172
709.2793750000001 -108
709.8262500000001 308
710.3731250000001 628
710.9200000000001 -144
711.4668750000001 -272
712.0137500000001 -316
712.5606250000001 -132
713.1075000000001 68
713.6543750000001 56
714.2012500000001 232
714.7481250000001 -4
715.2950000000001 128
715.8418750000001 -64
716.3887500000001 -272
716.9356250000001 -16
717.4825000000001 128
718.0293750000001 12
718.5762500000001 -88
719.1231250000001 80
719.6700000000001 432
720.2168750000001 80
720.7637500000001 -212
721.3106250000001 12
721.8575000000001 0
722.4043750000001 -152
722.9512500000001 -104
723.4981250000001 188
724.0450000000001 140
724.5918750000001 332
725.1387500000001 100
725.6856250000001 -140
726.2325000000001 12
726.7793750000001 52
727.3262500000001 -4
727.8731250000001 -28
728.4200000000001 264
728.9668750000001 340
729.5137500000001 124
730.0606250000001 36
730.6075000000001 56
731.1543750000001 108
731.7012500000001 -32
732.2481250000001 128
732.7950000000001 48
733.3418750000001 196
733.8887500000001 132
734.4356250000001 -36
734.9825000000001 140
735.5293750000001 248
736.0762500000001 28
736.6231250000001 120
737.1700000000001 324
737.7168750000001 296
738.2637500000001 172
738.8106250000001 144
739.3575000000001 500
739.9043750000001 232
740.4512500000001 364
740.9981250000001 264
741.5450000000001 228
742.0918750000001 100
742.6387500000001 372
743.1856250000001 236
743.7325000000001 220
744.2793750000001 204
744.8262500000001 568
745.3731250000001 300
745.9200000000001 424
746.4668750000001 356
747.0137500000001 316
747.5606250000001 292
748.1075000000001 340
748.6543750000001 208
749.2012500000001 328
749.7481250000001 316
750.2950000000001 480
750.8418750000001 440
751.3887500000001 388
751.9356250000001 260
752.4825000000001 540
753.0293750000001 316
753.5762500000001 396
754.1231250000001 412
754.6700000000001 528
755.2168750000001 524
755.7637500000001 480
756.3106250000001 624
756.8575000000001 280
757.4043750000001 508
757.9512500000001 508
758.4981250000001 460
759.0450000000001 680
759.5918750000001 704
760.1387500000001 460
760.6856250000001 556
761.2325000000001 660
761.7793750000001 836
762.3262500000001 724
762.8731250000001 748
763.4200000000001 848
763.9668750000001 720
764.5137500000001 664
765.0606250000001 1120
765.6075000000001 764
766.1543750000001 952
766.7012500000001 684
767.2481250000001 1068
767.7950000000001 860
768.3418750000001 1092
768.8887500000001 1184
769.4356250000001 960
769.9825000000001 1312
770.5293750000001 1156
771.0762500000001 1496
771.6231250000001 1328
772.1700000000001 1264
772.7168750000001 1576
773.2637500000001 1264
773.8106250000001 1472
774.3575000000001 1540
774.9043750000001 1560
775.4512500000001 1588
775.9981250000001 1868
776.5450000000001 1896
777.0918750000001 1712
777.6387500000001 1636
778.1856250000001 1872
778.7325000000001 1984
779.2793750000001 2224
779.8262500000001 2084
780.3731250000001 2244
780.9200000000001 2272
781.4668750000001 2468
782.0137500000001 2444
782.5606250000001 2604
783.1075000000001 2640
783.6543750000001 2924
784.2012500000001 2876
784.7481250000001 2792
785.2950000000001 2864
785.8418750000001 3416
786.3887500000001 3140
786.9356250000001 3120
787.4825000000001 3220
788.0293750000001 3168
788.5762500000001 3500
789.1231250000001 3532
789.6700000000001 3828
790.2168750000001 3844
790.7637500000001 3588
791.3106250000001 3880
791.8575000000001 3724
792.4043750000001 3484
792.9512500000001 3744
793.4981250000001 3848
794.0450000000001 4088
794.5918750000001 3996
795.1387500000001 4184
795.6856250000001 4236
796.2325000000001 4208
796.7793750000001 4620
797.3262500000001 4656
797.8731250000001 4876
798.4200000000001 4652
798.9668750000001 4704
799.5137500000001 4948
800.0606250000001 4960
800.6075000000001 5208
801.1543750000001 5340
801.7012500000001 5572
802.2481250000001 5600
802.7950000000001 6176
803.3418750000001 5852
803.8887500000001 5692
804.4356250000001 6092
804.9825000000001 5752
805.5293750000001 5464
806.0762500000001 5412
806.6231250000001 5696
807.1700000000001 5180
807.7168750000001 4740
808.2637500000001 4336
808.8106250000001 3984
809.3575000000001 3876
809.9043750000001 3488
810.4512500000001 3368
810.9981250000001 3000
811.5450000000001 2444
812.0918750000001 2364
812.6387500000001 1868
813.1856250000001 1680
813.7325000000001 1600
814.2793750000001 1600
814.8262500000001 924
815.3731250000001 1388
815.9200000000001 1108
816.4668750000001 852
817.0137500000001 720
817.5606250000001 720
818.1075000000001 704
818.6543750000001 584
819.2012500000001 668
819.7481250000001 756
820.2950000000001 368
820.8418750000001 384
821.3887500000001 308
821.9356250000001 260
822.4825000000001 308
823.0293750000001 300
823.5762500000001 332
824.1231250000001 356
824.6700000000001 172
825.2168750000001 308
825.7637500000001 20
826.3106250000001 188
826.8575000000001 240
827.4043750000001 80
827.9512500000001 196
828.4981250000001 152
829.0450000000001 120
829.5918750000001 -12
830.1387500000001 196
830.6856250000001 204
831.2325000000001 236
831.7793750000001 -48
832.3262500000001 -36
832.8731250000001 -96
833.4200000000001 100
833.9668750000001 224
834.5137500000001 -76
835.0606250000001 4
835.6075000000001 -44
836.1543750000001 228
836.7012500000001 140
837.2481250000001 -48
837.7950000000001 28
838.3418750000001 -24
838.8887500000001 180
839.4356250000001 36
839.9825000000001 -60
840.5293750000001 -36
841.0762500000001 -100
841.6231250000001 156
842.1700000000001 76
842.7168750000001 32
843.2637500000001 48
843.8106250000001 -8
844.3575000000001 96
844.9043750000001 -20
845.4512500000001 24
845.9981250000001 116
846.5450000000001 88
847.0918750000001 84
847.6387500000001 -160
848.1856250000001 -20
848.7325000000001 -40
849.2793750000001 136
849.8262500000001 -16
850.3731250000001 48
850.9200000000001 28
851.4668750000001 236
852.0137500000001 -88
852.5606250000001 -80
853.1075000000001 -88
853.6543750000001 -48
854.2012500000001 48
854.7481250000001 88
855.2950000000001 100
855.8418750000001 116
856.3887500000001 4
856.9356250000001 -48
857.4825000000001 -84
858.0293750000001 -56
858.5762500000001 -68
859.1231250000001 228
859.6700000000001 100
860.2168750000001 168
860.7637500000001 -220
861.3106250000001 -120
861.8575000000001 128
862.4043750000001 116
862.9512500000001 84
863.4981250000001 -140
864.0450000000001 -20
864.5918750000001 -20
865.1387500000001 64
865.6856250000001 -268
866.2325000000001 104
866.7793750000001 24
867.3262500000001 -28
867.8731250000001 24
868.4200000000001 36
868.9668750000001 80
869.5137500000001 -32
870.0606250000001 -204
870.6075000000001 40
871.1543750000001 -48
871.7012500000001 56
872.2481250000001 -48
872.7950000000001 20
873.3418750000001 -60
873.8887500000001 168
874.4356250000001 -36
874.9825000000001 -4
875.5293750000001 -20
876.0762500000001 -200
876.6231250000001 52
877.1700000000001 92
877.7168750000001 -68
878.2637500000001 -28
878.8106250000001 -132
879.3575000000001 92
879.9043750000001 112
880.4512500000001 200
880.9981250000001 -176
881.5450000000001 -4
882.0918750000001 -44
882.6387500000001 100
883.1856250000001 120
883.7325000000001 200
884.2793750000001 -92
884.8262500000001 -64
885.3731250000001 -36
885.9200000000001 -40
886.4668750000001 112
887.0137500000001 12
887.5606250000001 -4
888.1075000000001 76
888.6543750000001 212
889.2012500000001 -84
889.7481250000001 -92
890.2950000000001 88
890.8418750000001 -80
891.3887500000001 -80
891.9356250000001 24
892.4825000000001 -32
893.0293750000001 16
893.5762500000001 -88
894.1231250000001 -180
894.6700000000001 -12
895.2168750000001 48
895.7637500000001 0
896.3106250000001 48
896.8575000000001 20
897.4043750000001 -68
897.9512500000001 -168
898.4981250000001 -40
899.0450000000001 152
899.5918750000001 32
900.1387500000001 232
900.6856250000001 48
901.2325000000001 -4
901.7793750000001 80
902.3262500000001 36
902.8731250000001 220
903.4200000000001 4
903.9668750000001 32
904.5137500000001 -124
905.0606250000001 -28
905.6075000000001 96
906.1543750000001 -96
906.7012500000001 32
907.2481250000001 12
907.7950000000001 204
908.3418750000001 -48
908.8887500000001 -20
909.4356250000001 160
909.9825000000001 28
910.5293750000001 -124
911.0762500000001 -132
911.6231250000001 -40
912.1700000000001 92
912.7168750000001 -32
913.2637500000001 44
913.8106250000001 -136
914.3575000000001 176
914.9043750000001 -84
915.4512500000001 40
915.9981250000001 48
916.5450000000001 -4
917.0918750000001 108
917.6387500000001 60
918.1856250000001 40
918.7325000000001 -20
919.2793750000001 -28
919.8262500000001 20
920.3731250000001 20
920.9200000000001 -8
921.4668750000001 68
922.0137500000001 8
922.5606250000001 -12
923.1075000000001 76
923.6543750000001 48
924.2012500000001 -32
924.7481250000001 -4
925.2950000000001 160
925.8418750000001 16
926.3887500000001 92
926.9356250000001 92
927.4825000000001 108
928.0293750000001 -64
928.5762500000001 -68
929.1231250000001 -160
929.6700000000001 0
930.2168750000001 -152
930.7637500000001 56
931.3106250000001 72
931.8575000000001 60
932.4043750000001 64
932.9512500000001 -116
933.4981250000001 72
934.0450000000001 16
934.5918750000001 -16
935.1387500000001 -8
935.6856250000001 -116
936.2325000000001 132
936.7793750000001 8
937.3262500000001 96
937.8731250000001 40
938.4200000000001 88
938.9668750000001 -152
939.5137500000001 24
940.0606250000001 168
940.6075000000001 44
941.1543750000001 -8
941.7012500000001 184
942.2481250000001 -44
942.7950000000001 104
943.3418750000001 -24
943.8887500000001 -136
944.4356250000001 40
944.9825000000001 20
945.5293750000001 -112
946.0762500000001 36
946.6231250000001 -4
947.1700000000001 -20
947.7168750000001 76
948.2637500000001 -108
948.8106250000001 56
949.3575000000001 -32
949.9043750000001 -244
950.4512500000001 64
950.9981250000001 136
951.5450000000001 -16
952.0918750000001 60
952.6387500000001 40
953.1856250000001 -16
953.7325000000001 4
954.2793750000001 36
954.8262500000001 -80
955.3731250000001 -64
955.9200000000001 80
956.4668750000001 -56
957.0137500000001 -4
957.5606250000001 36
958.1075000000001 -124
958.6543750000001 12
959.2012500000001 84
959.7481250000001 -32
960.2950000000001 -88
960.8418750000001 104
961.3887500000001 -192
961.9356250000001 84
962.4825000000001 -40
963.0293750000001 -28
963.5762500000001 -168
964.1231250000001 -24
964.6700000000001 -4
965.2168750000001 -128
965.7637500000001 -24
966.3106250000001 -76
966.8575000000001 76
967.4043750000001 24
967.9512500000001 -132
968.4981250000001 -72
969.0450000000001 204
969.5918750000001 -140
970.1387500000001 -124
970.6856250000001 128
971.2325000000001 52
971.7793750000001 -96
972.3262500000001 -112
972.8731250000001 132
973.4200000000001 -40
973.9668750000001 20
974.5137500000001 112
975.0606250000001 -112
975.6075000000001 88
976.1543750000001 72
976.7012500000001 120
977.2481250000001 84
977.7950000000001 -36
978.3418750000001 4
978.8887500000001 -56
979.4356250000001 12
979.9825000000001 116
980.5293750000001 8
981.0762500000001 36
981.6231250000001 -36
982.1700000000001 124
982.7168750000001 -72
983.2637500000001 176
983.8106250000001 -84
984.3575000000001 -88
984.9043750000001 -32
985.4512500000001 52
985.9981250000001 108
986.5450000000001 12
987.0918750000001 -48
987.6387500000001 -24
988.1856250000001 124
988.7325000000001 56
989.2793750000001 -80
989.8262500000001 -52
990.3731250000001 132
990.9200000000001 288
991.4668750000001 196
992.0137500000001 72
992.5606250000001 24
993.1075000000001 0
993.6543750000001 -68
994.2012500000001 0
994.7481250000001 16
995.2950000000001 172
995.8418750000001 -80
996.3887500000001 -4
996.9356250000001 -168
997.4825000000001 40
998.0293750000001 -180
998.5762500000001 8
999.1231250000001 -40
999.6700000000001 -8
1000.2168750000001 32
1000.7637500000001 -56
1001.3106250000001 4
1001.8575000000001 -20
1002.4043750000001 32
1002.9512500000001 -108
1003.4981250000001 -96
1004.0450000000001 -24
1004.5918750000001 -116
1005.1387500000001 -252
1005.6856250000001 196
1006.2325000000001 -32
1006.7793750000001 24
1007.3262500000001 -180
1007.8731250000001 -4
1008.4200000000001 -12
1008.9668750000001 36
1009.5137500000001 -228
1010.0606250000001 -68
1010.6075000000001 -52
1011.1543750000001 -64
1011.7012500000001 -172
1012.2481250000001 -4
1012.7950000000001 -12
1013.3418750000001 56
1013.8887500000001 -160
1014.4356250000001 -144
1014.9825000000001 -20
1015.5293750000001 -292
1016.0762500000001 -84
1016.6231250000001 -68
1017.1700000000001 -60
1017.7168750000001 -104
1018.2637500000001 40
1018.8106250000001 -64
1019.3575000000001 -56
1019.9043750000001 44
1020.4512500000001 92
1020.9981250000001 0
1021.5450000000001 152
1022.0918750000001 36
1022.6387500000001 44
1023.1856250000001 48
1023.7325000000001 48
1024.279375 -60
1024.82625 156
1025.373125 -16
1025.92 -24
1026.466875 36
1027.01375 -248
1027.560625 -92
1028.1075 -8
1028.654375 184
1029.20125 -44
1029.748125 -64
1030.295 120
1030.841875 124
1031.38875 44
1031.935625 -64
1032.4825 -32
1033.029375 72
1033.57625 40
1034.123125 152
1034.67 72
1035.216875 -112
1035.76375 -224
1036.310625 -164
1036.8575 76
1037.404375 84
1037.95125 -76
1038.498125 8
1039.045 56
1039.591875 -20
1040.13875 -20
1040.685625 48
1041.2325 92
1041.779375 -32
1042.32625 -80
1042.873125 -12
1043.42 40
1043.966875 -12
1044.51375 68
1045.060625 112
1045.6075 -12
1046.154375 32
1046.70125 -220
1047.248125 -20
1047.795 -100
1048.341875 16
1048.88875 -184
1049.435625 8
1049.9825 92
1050.529375 84
1051.07625 -84
1051.623125 -12
1052.17 -40
1052.716875 56
1053.26375 56
1053.810625 28
1054.3575 56
1054.904375 16
1055.45125 8
1055.998125 -44
1056.545 72
1057.091875 -16
1057.63875 -212
1058.185625 -76
1058.7325 104
1059.279375 8
1059.82625 80
1060.373125 -56
1060.92 -68
1061.466875 96
1062.01375 -164
1062.560625 -40
1063.1075 76
1063.654375 -32
1064.20125 72
1064.748125 104
1065.295 84
1065.841875 108
1066.38875 -72
1066.935625 -4
1067.4825 108
1068.029375 -4
1068.57625 -36
1069.123125 -128
1069.67 80
1070.216875 -44
1070.76375 -80
1071.310625 -24
1071.8575 -28
1072.404375 16
1072.95125 -52
1073.498125 -172
1074.045 -116
1074.591875 36
1075.13875 -144
1075.685625 276
1076.2325 72
1076.779375 -336
1077.32625 136
1077.873125 124
1078.42 0
1078.966875 60
1079.51375 -68
1080.060625 56
1080.6075 -92
1081.154375 8
1081.70125 76
1082.248125 68
1082.795 -96
1083.341875 64
1083.88875 -144
1084.435625 -68
1084.9825 20
1085.529375 16
1086.07625 100
1086.623125 56
1087.17 -24
1087.716875 124
1088.26375 -132
1088.810625 60
1089.3575 4
1089.904375 -140
1090.45125 28
1090.998125 -116
1091.545 -108
1092.091875 -108
1092.63875 -76
1093.185625 48
1093.7325 112
1094.279375 16
1094.82625 132
1095.373125 -16
1095.92 -60
1096.466875 -44
1097.01375 -152
1097.560625 -4
1098.1075 -24
1098.654375 -108
1099.20125 172
1099.748125 -64
1100.295 172
1100.841875 100
1101.38875 -104
1101.935625 -56
1102.4825 184
1103.029375 164
1103.57625 76
1104.123125 36
1104.67 136
1105.216875 -76
1105.76375 -128
1106.310625 32
1106.8575 -24
1107.404375 64
1107.95125 -88
1108.498125 -112
1109.045 -8
1109.591875 116
1110.13875 -104
1110.685625 -208
1111.2325 -120
1111.779375 128
1112.32625 232
1112.873125 -36
1113.42 -24
1113.966875 0
1114.51375 256
1115.060625 -124
1115.6075 8
1116.154375 -136
1116.70125 -120
1117.248125 -148
1117.795 -72
1118.341875 160
1118.88875 -92
1119.435625 -116
1119.9825 -36
1120.529375 -68
1121.07625 -32
1121.623125 -4
1122.17 -16
1122.716875 204
1123.26375 -88
1123.810625 -216
1124.3575 56
1124.904375 -80
1125.45125 28
1125.998125 -144
1126.545 0
1127.091875 24
1127.63875 -56
1128.185625 -60
1128.7325 172
1129.279375 -80
1129.82625 68
1130.373125 -144
1130.92 100
1131.466875 -72
1132.01375 -44
1132.560625 -76
1133.1075 -208
1133.654375 16
1134.20125 36
1134.748125 -180
1135.295 -48
1135.841875 -80
1136.38875 -32
1136.935625 36
1137.4825 -116
1138.029375 -120
1138.57625 264
1139.123125 108
1139.67 -20
1140.216875 28
1140.76375 40
1141.310625 -24
1141.8575 -60
1142.404375 32
1142.95125 -92
1143.498125 44
1144.045 104
1144.591875 -8
1145.13875 -68
1145.685625 -236
1146.2325 24
1146.779375 4
1147.32625 -76
1147.873125 -96
1148.42 -48
1148.966875 -80
1149.51375 -172
1150.060625 4
1150.6075 20
1151.154375 -52
1151.70125 -128
1152.248125 -60
1152.795 -56
1153.341875 -12
1153.88875 -172
1154.435625 -172
1154.9825 100
1155.529375 -64
1156.07625 24
1156.623125 20
1157.17 60
1157.716875 44
1158.26375 -164
1158.810625 -8
1159.3575 -192
1159.904375 -72
1160.45125 -20
1160.998125 20
1161.545 32
1162.091875 -176
1162.63875 -144
1163.185625 -28
1163.7325 100
1164.279375 136
1164.82625 176
1165.373125 -144
1165.92 28
1166.466875 -60
1167.01375 32
1167.560625 32
1168.1075 92
1168.654375 180
1169.20125 4
1169.748125 -256
1170.295 64
1170.841875 68
1171.38875 -112
1171.935625 168
1172.4825 124
1173.029375 -156
1173.57625 20
1174.123125 72
1174.67 -72
1175.216875 64
1175.76375 -160
1176.310625 28
1176.8575 120
1177.404375 104
1177.95125 -4
1178.498125 -64
1179.045 20
1179.591875 96
1180.13875 92
1180.685625 -80
1181.2325 0
1181.779375 32
1182.32625 -32
1182.873125 200
1183.42 180
1183.966875 -100
1184.51375 36
1185.060625 72
1185.6075 -28
1186.154375 148
1186.70125 76
1187.248125 -12
1187.795 112
1188.341875 248
1188.88875 -216
1189.435625 128
1189.9825 -52
1190.529375 132
1191.07625 -44
1191.623125 -12
1192.17 72
1192.716875 -32
1193.26375 0
1193.810625 16
1194.3575 0
1194.904375 28
1195.45125 24
1195.998125 16
1196.545 -108
1197.091875 52
1197.63875 28
1198.185625 24
1198.7325 -120
1199.279375 104
1199.82625 208
1200.373125 -264
1200.92 92
1201.466875 16
1202.01375 116
1202.560625 -76
1203.1075 -56
1203.654375 -12
1204.20125 -124
1204.748125 -32
1205.295 112
1205.841875 -56
1206.38875 -336
1206.935625 -64
1207.4825 8
1208.029375 -16
1208.57625 -12
1209.123125 -80
1209.67 48
1210.216875 -88
1210.76375 -64
1211.310625 12
1211.8575 -120
1212.404375 -164
1212.95125 56
1213.498125 12
1214.045 4
1214.591875 148
1215.13875 -64
1215.685625 -48
1216.2325 164
1216.779375 -64
1217.32625 24
1217.873125 164
1218.42 140
1218.966875 116
1219.51375 124
1220.060625 188
1220.6075 -56
1221.154375 -84
1221.70125 -104
1222.248125 56
1222.795 -92
1223.341875 -128
1223.88875 -80
1224.435625 -204
1224.9825 104
1225.529375 136
1226.07625 76
1226.623125 316
1227.17 -12
1227.716875 -252
1228.26375 212
1228.810625 72
1229.3575 -188
1229.904375 8
1230.45125 -164
1230.998125 -124
1231.545 68
1232.091875 152
1232.63875 72
1233.185625 -372
1233.7325 648
1234.279375 -452
1234.82625 340
1235.373125 152
1235.92 -56
1236.466875 188
1237.01375 456
1237.560625 92
1238.1075 40
1238.654375 36
1239.20125 316
1239.748125 68
1240.295 -52
1240.841875 40
1241.38875 -4
1241.935625 176
1242.4825 348
1243.029375 -156
1243.57625 20
1244.123125 -44
1244.67 4
1245.216875 44
1245.76375 72
1246.310625 -52
1246.8575 -92
1247.404375 -84
1247.95125 -188
1248.498125 112
1249.045 60
1249.591875 60
1250.13875 48
1250.685625 -20
1251.2325 -136
1251.779375 -100
1252.32625 -64
1252.873125 -60
1253.42 72
1253.966875 -68
1254.51375 16
1255.060625 328
1255.6075 -108
1256.154375 112
1256.70125 12
1257.248125 -68
1257.795 72
1258.341875 -52
1258.88875 -376
1259.435625 48
1259.9825 -44
1260.529375 36
1261.07625 68
1261.623125 -184
1262.17 340
1262.716875 -128
1263.26375 -92
1263.810625 232
1264.3575 -380
1264.904375 -132
1265.45125 -116
1265.998125 -208
1266.545 148
1267.091875 -144
1267.63875 -96
1268.185625 96
1268.7325 288
1269.279375 -92
1269.82625 232
1270.373125 180
1270.92 168
1271.466875 -276
1272.01375 84
1272.560625 148
1273.1075 52
1273.654375 48
1274.20125 124
1274.748125 76
1275.295 -12
1275.841875 304
1276.38875 -240
1276.935625 56
1277.4825 -236
1278.029375 -200
1278.57625 256
1279.123125 60
1279.67 -16
1280.216875 -8
1280.76375 -152
1281.310625 120
1281.8575 -72
1282.404375 -88
1282.95125 -148
1283.498125 -84
1284.045 120
1284.591875 184
1285.13875 -112
1285.685625 168
1286.2325 -116
1286.779375 44
1287.32625 108
1287.873125 -24
1288.42 88
1288.966875 188
1289.51375 108
1290.060625 24
1290.6075 108
1291.154375 232
1291.70125 88
1292.248125 -84
1292.795 36
1293.341875 96
1293.88875 36
1294.435625 -48
1294.9825 28
1295.529375 -12
1296.07625 -104
1296.623125 -36
1297.17 8
1297.716875 -68
1298.26375 20
1298.810625 -184
1299.3575 144
1299.904375 132
1300.45125 -28
1300.998125 -124
1301.545 -68
1302.091875 28
1302.63875 -20
1303.185625 -20
1303.7325 112
1304.279375 52
1304.82625 212
1305.373125 -88
1305.92 -36
1306.466875 220
1307.01375 112
1307.560625 92
1308.1075 152
1308.654375 -28
1309.20125 204
1309.748125 196
1310.295 44
1310.841875 188
1311.38875 -252
1311.935625 -232
1312.4825 -116
1313.029375 16
1313.57625 60
1314.123125 132
1314.67 36
1315.216875 -108
1315.76375 -24
1316.310625 64
1316.8575 60
1317.404375 -60
1317.95125 80
1318.498125 48
1319.045 -32
1319.591875 -108
1320.13875 -100
1320.685625 0
1321.2325 -48
1321.779375 -180
1322.32625 48
1322.873125 148
1323.42 -40
1323.966875 -12
1324.51375 -48
1325.060625 132
1325.6075 -320
1326.154375 -100
1326.70125 48
1327.248125 20
1327.795 124
1328.341875 120
1328.88875 80
1329.435625 12
1329.9825 -56
1330.529375 84
1331.07625 -40
1331.623125 -164
1332.17 156
1332.716875 -96
1333.26375 -68
1333.810625 8
1334.3575 -144
1334.904375 252
1335.45125 28
1335.998125 -52
1336.545 192
1337.091875 -128
1337.63875 -68
1338.185625 -68
1338.7325 48
1339.279375 -44
1339.82625 104
1340.373125 -40
1340.92 24
1341.466875 -216
1342.01375 -56
1342.560625 120
1343.1075 -56
1343.654375 -140
1344.20125 104
1344.748125 152
1345.295 152
1345.841875 -80
1346.38875 -64
1346.935625 -132
1347.4825 -96
1348.029375 116
1348.57625 108
1349.123125 128
1349.67 92
1350.216875 -196
1350.76375 -48
1351.310625 -200
1351.8575 -164
1352.404375 -20
1352.95125 68
1353.498125 96
1354.045 180
1354.591875 160
1355.13875 100
1355.685625 148
1356.2325 -92
1356.779375 -232
1357.32625 172
1357.873125 28
1358.42 -60
1358.966875 -56
1359.51375 68
1360.060625 40
1360.6075 -216
1361.154375 -96
1361.70125 220
1362.248125 128
1362.795 -16
1363.341875 112
1363.88875 36
1364.435625 64
1364.9825 -104
1365.529375 -168
1366.07625 -56
1366.623125 -88
1367.17 220
1367.716875 -168
1368.26375 -4
1368.810625 20
1369.3575 -288
1369.904375 28
1370.45125 236
1370.998125 84
1371.545 0
1372.091875 -40
1372.63875 156
1373.185625 -84
1373.7325 -32
1374.279375 72
1374.82625 -36
1375.373125 64
1375.92 176
1376.466875 -56
1377.01375 24
1377.560625 28
1378.1075 60
1378.654375 -32
1379.20125 72
1379.748125 -36
1380.295 -40
1380.841875 80
1381.38875 20
1381.935625 12
1382.4825 8
1383.029375 -108
1383.57625 -36
1384.123125 -88
1384.67 0
1385.216875 92
1385.76375 -68
1386.310625 -216
1386.8575 -8
1387.404375 -196
1387.95125 -128
1388.498125 56
1389.045 -152
1389.591875 -156
1390.13875 152
1390.685625 -96
1391.2325 112
1391.779375 48
1392.32625 -4
1392.873125 -124
1393.42 -116
1393.966875 24
1394.51375 40
1395.060625 -272
1395.6075 -172
1396.154375 -60
1396.70125 116
1397.248125 72
1397.795 -228
1398.341875 84
1398.88875 -244
1399.435625 -184
1399.9825 112
1400.529375 -32
1401.07625 8
1401.623125 -28
1402.17 -52
1402.716875 56
1403.26375 -148
1403.810625 212
1404.3575 -72
1404.904375 -116
1405.45125 32
1405.998125 108
1406.545 -28
1407.091875 -12
1407.63875 -172
1408.185625 -56
1408.7325 -92
1409.279375 -28
1409.82625 -132
1410.373125 -44
1410.92 96
1411.466875 -244
1412.01375 0
1412.560625 -88
1413.1075 68
1413.654375 -116
1414.20125 -212
1414.748125 -168
1415.295 -184
1415.841875 -144
1416.38875 -144
1416.935625 -136
1417.4825 4
1418.029375 -4
1418.57625 -144
1419.123125 -80
