299.67 72.8
300.216875 83.2
300.76375 64.0
301.310625 43.6
301.8575 24.4
302.404375 20.0
302.95125 2.8
303.498125 -8.4
304.045 -3.6
304.591875 -23.2
305.13875 -39.2
305.685625 -44.8
306.2325 -58.0
306.779375 -49.2
307.32625 -63.6
307.873125 -102.4
308.42 -100.8
308.966875 -66.0
309.51375 -59.6
310.060625 -59.2
310.6075 -47.6
311.154375 -38.4
311.70125 -38.0
312.248125 -43.6
312.795 -36.4
313.341875 -12.8
313.88875 4.0
314.435625 7.6
314.9825 9.6
315.529375 48.8
316.07625 40.8
316.623125 24.8
317.17 52.0
317.716875 45.2
318.26375 50.8
318.810625 74.8
319.3575 50.4
319.904375 23.6
320.45125 30.8
320.998125 6.4
321.545 -4.4
322.091875 23.6
322.63875 -6.8
323.185625 3.6
323.7325 6.8
324.279375 -9.6
324.82625 -5.2
325.373125 2.8
325.92 0.0
326.466875 9.2
327.01375 16.4
327.560625 7.2
328.1075 20.4
328.654375 23.2
329.20125 6.8
329.748125 -3.6
330.295 11.6
330.841875 8.0
331.38875 4.4
331.935625 -6.8
332.4825 -13.2
333.029375 -12.4
333.57625 -10.8
334.123125 -25.6
334.67 -13.2
335.216875 10.4
335.76375 2.4
336.310625 16.4
336.8575 -6.8
337.404375 3.6
337.95125 21.2
338.498125 5.6
339.045 6.8
339.591875 12.4
340.13875 18.8
340.685625 5.6
341.2325 19.2
341.779375 -1.6
342.32625 26.0
342.873125 13.6
343.42 29.2
343.966875 44.0
344.51375 46.4
345.060625 64.4
345.6075 51.2
346.154375 78.4
346.70125 76.4
347.248125 83.6
347.795 87.6
348.341875 109.6
348.88875 78.8
349.435625 69.2
349.9825 63.6
350.529375 52.0
351.07625 69.6
351.623125 39.2
352.17 16.4
352.716875 28.4
353.26375 18.4
353.810625 1.6
354.3575 6.0
354.904375 -1.2
355.45125 -14.0
355.998125 -10.4
356.545 -13.2
357.091875 8.4
357.63875 0.4
358.185625 -2.8
358.7325 -10.0
359.279375 7.6
359.82625 13.2
360.373125 30.4
360.92 65.6
361.466875 61.2
362.01375 49.2
362.560625 39.2
363.1075 56.0
363.654375 66.0
364.20125 62.8
364.748125 63.6
365.295 65.6
365.841875 56.0
366.38875 26.4
366.935625 37.2
367.4825 34.8
368.029375 48.4
368.57625 56.8
369.123125 45.2
369.67 59.6
370.216875 18.8
370.76375 9.6
371.310625 15.6
371.8575 31.6
372.404375 4.4
372.95125 -1.6
373.498125 -9.2
374.045 -16.8
374.591875 -35.6
375.13875 -32.8
375.685625 -10.0
376.2325 12.8
376.779375 1.2
377.32625 10.4
377.873125 15.2
378.42 29.2
378.966875 8.8
379.51375 -10.8
380.060625 -4.4
380.6075 2.8
381.154375 10.0
381.70125 -25.6
382.248125 -30.4
382.795 -54.0
383.341875 -46.4
383.88875 -25.6
384.435625 -9.6
384.9825 1.2
385.529375 12.8
386.07625 -10.0
386.623125 -37.6
387.17 -14.0
387.716875 -2.0
388.26375 -2.0
388.810625 20.0
389.3575 -15.6
389.904375 -16.8
390.45125 -32.0
390.998125 -35.6
391.545 -46.4
392.091875 -14.8
392.63875 -22.0
393.185625 -34.4
393.7325 -29.2
394.279375 -49.2
394.82625 -54.8
395.373125 -64.0
395.92 -30.4
396.466875 -33.2
397.01375 -41.2
397.560625 -36.0
398.1075 -34.4
398.654375 -20.4
399.20125 -6.0
399.748125 1.2
400.295 18.0
400.841875 26.0
401.38875 17.2
401.935625 22.0
402.4825 32.0
403.029375 30.8
403.57625 23.6
404.123125 9.6
404.67 13.2
405.216875 10.8
405.76375 21.6
406.310625 31.2
406.8575 31.2
407.404375 33.6
407.95125 31.6
408.498125 7.6
409.045 -10.0
409.591875 -9.2
410.13875 -18.0
410.685625 -18.8
411.2325 -19.6
411.779375 -44.8
412.32625 -27.6
412.873125 -36.4
413.42 -34.0
413.966875 0.4
414.51375 26.8
415.060625 25.6
415.6075 44.8
416.154375 32.0
416.70125 13.6
417.248125 15.2
417.795 26.0
418.341875 6.0
418.88875 -61.6
419.435625 -51.2
419.9825 -50.0
420.529375 -31.6
421.07625 -76.8
421.623125 -67.2
422.17 -60.8
422.716875 -38.4
423.26375 -65.2
423.810625 -30.8
424.3575 42.8
424.904375 12.8
425.45125 -14.0
425.998125 -38.8
426.545 -4.4
427.091875 -10.0
427.63875 16.4
428.185625 5.2
428.7325 2.0
429.279375 -11.6
429.82625 -20.4
430.373125 -3.6
430.92 14.4
431.466875 47.6
432.01375 20.4
432.560625 24.4
433.1075 -9.2
433.654375 -14.0
434.20125 -8.8
434.748125 -12.4
435.295 -19.2
435.841875 -46.0
436.38875 -37.6
436.935625 -48.8
437.4825 8.8
438.029375 7.2
438.57625 16.8
439.123125 36.0
439.67 60.0
440.216875 74.4
440.76375 102.8
441.310625 124.8
441.8575 83.2
442.404375 93.6
442.95125 15.2
443.498125 48.4
444.045 46.4
444.591875 46.0
445.13875 -31.2
445.685625 -61.2
446.2325 -80.0
446.779375 -96.8
447.32625 -60.0
447.873125 -80.4
448.42 -41.2
448.966875 -70.0
449.51375 -67.6
450.060625 -96.8
450.6075 -65.2
451.154375 -38.4
451.70125 -56.0
452.248125 -65.6
452.795 -32.8
453.341875 -32.4
453.88875 -25.6
454.435625 -19.6
454.9825 -20.8
455.529375 -2.8
456.07625 0.4
456.623125 18.8
457.17 46.0
457.716875 34.8
458.26375 -6.0
458.810625 5.6
459.3575 -14.4
459.904375 -23.6
460.45125 -27.6
460.998125 -26.8
461.545 12.4
462.091875 -30.0
462.63875 -72.4
463.185625 -85.2
463.7325 -100.0
464.279375 -159.6
464.82625 -134.0
465.373125 -144.8
465.92 -130.4
466.466875 -120.4
467.01375 -133.2
467.560625 -115.6
468.1075 -97.6
468.654375 -93.2
469.20125 -63.2
469.748125 -0.8
470.295 -9.2
470.841875 -35.6
471.38875 -40.8
471.935625 -67.2
472.4825 -61.6
473.029375 -80.4
473.57625 -30.4
474.123125 23.6
474.67 42.4
475.216875 56.4
475.76375 48.8
476.310625 100.8
476.8575 94.0
477.404375 110.0
477.95125 64.4
478.498125 83.2
479.045 54.0
479.591875 16.8
480.13875 -12.8
480.685625 -37.6
481.2325 -30.4
481.779375 -77.6
482.32625 -49.6
482.873125 -27.2
483.42 -14.0
483.966875 -61.2
484.51375 -50.8
485.060625 -12.4
485.6075 -39.6
486.154375 -46.8
486.70125 -16.4
487.248125 -0.8
487.795 -27.2
488.341875 -87.6
488.88875 -60.0
489.435625 -0.8
489.9825 26.8
490.529375 17.6
491.07625 49.2
491.623125 50.0
492.17 -2.8
492.716875 2.8
493.26375 -20.0
493.810625 18.8
494.3575 66.8
494.904375 62.4
495.45125 -93.2
495.998125 -150.8
496.545 -175.2
497.091875 -131.2
497.63875 -161.2
498.185625 -164.8
498.7325 -172.8
499.279375 -182.4
499.82625 -153.6
500.373125 -150.4
500.92 -64.0
501.466875 -22.8
502.01375 9.6
502.560625 30.4
503.1075 -16.0
503.654375 -20.0
504.20125 63.6
504.748125 61.6
505.295 -114.8
505.841875 -104.0
506.38875 -59.6
506.935625 -13.2
507.4825 -11.2
508.029375 -12.0
508.57625 118.8
509.123125 134.4
509.67 93.6
510.216875 84.8
510.76375 201.6
511.310625 206.0
511.8575 232.4
512.4043750000001 205.6
512.9512500000001 152.4
513.4981250000001 93.2
514.0450000000001 79.2
514.5918750000001 89.6
515.1387500000001 88.0
515.6856250000001 114.0
516.2325000000001 68.8
516.7793750000001 54.4
517.3262500000001 35.2
517.8731250000001 6.8
518.4200000000001 27.2
518.9668750000001 26.8
519.5137500000001 -2.0
520.0606250000001 -0.4
520.6075000000001 1.6
521.1543750000001 -38.8
521.7012500000001 -17.2
522.2481250000001 -22.0
522.7950000000001 -41.6
523.3418750000001 -36.4
523.8887500000001 -33.6
524.4356250000001 -46.8
524.9825000000001 -51.2
525.5293750000001 -63.6
526.0762500000001 -71.6
526.6231250000001 -20.0
527.1700000000001 -27.6
527.7168750000001 -34.0
528.2637500000001 -28.8
528.8106250000001 4.0
529.3575000000001 32.4
529.9043750000001 31.2
530.4512500000001 61.6
530.9981250000001 68.4
531.5450000000001 68.0
532.0918750000001 39.6
532.6387500000001 71.2
533.1856250000001 78.0
533.7325000000001 88.4
534.2793750000001 74.4
534.8262500000001 55.2
535.3731250000001 79.6
535.9200000000001 69.2
536.4668750000001 67.2
537.0137500000001 70.0
537.5606250000001 100.4
538.1075000000001 56.0
538.6543750000001 60.8
539.2012500000001 60.8
539.7481250000001 64.0
540.2950000000001 36.4
540.8418750000001 -21.6
541.3887500000001 -36.0
541.9356250000001 -102.0
542.4825000000001 -87.2
543.0293750000001 -97.6
543.5762500000001 -69.6
544.1231250000001 -95.6
544.6700000000001 -76.4
545.2168750000001 -127.6
545.7637500000001 -30.0
546.3106250000001 16.0
546.8575000000001 22.0
547.4043750000001 90.0
547.9512500000001 69.6
548.4981250000001 58.4
549.0450000000001 44.0
549.5918750000001 58.0
550.1387500000001 27.6
550.6856250000001 60.0
551.2325000000001 0.0
551.7793750000001 0.0
552.3262500000001 0.0
552.8731250000001 0.0
553.4200000000001 0.0
553.9668750000001 0.0
554.5137500000001 0.0
555.0606250000001 0.0
555.6075000000001 0.0
556.1543750000001 0.0
556.7012500000001 0.0
557.2481250000001 0.0
557.7950000000001 0.0
558.3418750000001 0.0
558.8887500000001 0.0
559.4356250000001 0.0
559.9825000000001 28.4
560.5293750000001 -32.4
561.0762500000001 -18.0
561.6231250000001 -22.0
562.1700000000001 -42.0
562.7168750000001 -25.6
563.2637500000001 -4.8
563.8106250000001 -2.4
564.3575000000001 14.0
564.9043750000001 34.8
565.4512500000001 -15.6
565.9981250000001 62.8
566.5450000000001 43.6
567.0918750000001 24.0
567.6387500000001 30.0
568.1856250000001 15.6
568.7325000000001 -7.6
569.2793750000001 14.0
569.8262500000001 22.0
570.3731250000001 -7.2
570.9200000000001 11.6
571.4668750000001 0.0
572.0137500000001 -4.8
572.5606250000001 45.6
573.1075000000001 40.4
573.6543750000001 79.2
574.2012500000001 78.0
574.7481250000001 51.2
575.2950000000001 45.6
575.8418750000001 39.6
576.3887500000001 60.4
576.9356250000001 83.2
577.4825000000001 104.4
578.0293750000001 111.2
578.5762500000001 155.2
579.1231250000001 122.8
579.6700000000001 117.6
580.2168750000001 140.0
580.7637500000001 96.4
581.3106250000001 182.8
581.8575000000001 178.0
582.4043750000001 135.2
582.9512500000001 167.2
583.4981250000001 143.2
584.0450000000001 112.8
584.5918750000001 64.4
585.1387500000001 116.0
585.6856250000001 126.4
586.2325000000001 130.4
586.7793750000001 93.2
587.3262500000001 99.6
587.8731250000001 24.8
588.4200000000001 -77.6
588.9668750000001 -87.2
589.5137500000001 -81.6
590.0606250000001 -41.6
590.6075000000001 -84.4
591.1543750000001 -114.4
591.7012500000001 -93.6
592.2481250000001 -128.4
592.7950000000001 -127.2
593.3418750000001 -76.4
593.8887500000001 10.0
594.4356250000001 66.0
594.9825000000001 83.2
595.5293750000001 139.6
596.0762500000001 146.0
596.6231250000001 179.2
597.1700000000001 160.0
597.7168750000001 201.2
598.2637500000001 112.4
598.8106250000001 143.6
599.3575000000001 132.8
599.9043750000001 76.8
600.4512500000001 46.4
600.9981250000001 27.2
601.5450000000001 -25.2
602.0918750000001 -67.2
602.6387500000001 0.8
603.1856250000001 -113.2
603.7325000000001 -38.0
604.2793750000001 51.2
604.8262500000001 20.4
605.3731250000001 108.4
605.9200000000001 90.8
606.4668750000001 50.4
607.0137500000001 115.6
607.5606250000001 176.8
608.1075000000001 118.0
608.6543750000001 234.0
609.2012500000001 261.6
609.7481250000001 240.0
610.2950000000001 323.2
610.8418750000001 279.2
611.3887500000001 310.0
611.9356250000001 313.2
612.4825000000001 294.0
613.0293750000001 241.6
613.5762500000001 251.6
614.1231250000001 208.4
614.6700000000001 174.0
615.2168750000001 113.2
615.7637500000001 44.0
616.3106250000001 0.0
616.8575000000001 0.0
617.4043750000001 0.0
617.9512500000001 0.0
618.4981250000001 0.0
619.0450000000001 0.0
619.5918750000001 0.0
620.1387500000001 0.0
620.6856250000001 0.0
621.2325000000001 0.0
621.7793750000001 0.0
622.3262500000001 0.0
622.8731250000001 0.0
623.4200000000001 -22.8
623.9668750000001 -37.2
624.5137500000001 -48.8
625.0606250000001 -21.6
625.6075000000001 -29.2
626.1543750000001 -54.0
626.7012500000001 -74.8
627.2481250000001 -1.6
627.7950000000001 7.2
628.3418750000001 46.0
628.8887500000001 83.2
629.4356250000001 95.2
629.9825000000001 42.4
630.5293750000001 43.6
631.0762500000001 113.2
631.6231250000001 132.0
632.1700000000001 179.6
632.7168750000001 36.8
633.2637500000001 22.8
633.8106250000001 9.6
634.3575000000001 0.0
634.9043750000001 -44.4
635.4512500000001 94.4
635.9981250000001 129.6
636.5450000000001 77.6
637.0918750000001 80.8
637.6387500000001 73.2
638.1856250000001 159.6
638.7325000000001 134.4
639.2793750000001 78.4
639.8262500000001 104.4
640.3731250000001 120.4
640.9200000000001 62.8
641.4668750000001 8.4
642.0137500000001 12.4
642.5606250000001 -29.6
643.1075000000001 -69.2
643.6543750000001 -74.8
644.2012500000001 -30.8
644.7481250000001 -1.6
645.2950000000001 -33.2
645.8418750000001 -2.8
646.3887500000001 -11.2
646.9356250000001 -25.2
647.4825000000001 -23.6
648.0293750000001 40.4
648.5762500000001 63.2
649.1231250000001 49.6
649.6700000000001 45.2
650.2168750000001 42.8
650.7637500000001 39.6
651.3106250000001 40.8
651.8575000000001 30.0
652.4043750000001 88.0
652.9512500000001 34.8
653.4981250000001 -37.6
654.0450000000001 -16.0
654.5918750000001 -9.2
655.1387500000001 9.6
655.6856250000001 18.8
656.2325000000001 -10.0
656.7793750000001 -11.2
657.3262500000001 -10.4
657.8731250000001 -58.8
658.4200000000001 -23.6
658.9668750000001 9.6
659.5137500000001 -51.2
660.0606250000001 -72.0
660.6075000000001 -104.8
661.1543750000001 -77.6
661.7012500000001 -43.2
662.2481250000001 -44.8
662.7950000000001 6.0
663.3418750000001 44.0
663.8887500000001 47.2
664.4356250000001 116.0
664.9825000000001 125.6
665.5293750000001 90.4
666.0762500000001 110.0
666.6231250000001 50.8
667.1700000000001 36.8
667.7168750000001 63.2
668.2637500000001 -7.2
668.8106250000001 -42.4
669.3575000000001 -32.0
669.9043750000001 -56.4
670.4512500000001 -17.6
670.9981250000001 23.6
671.5450000000001 4.4
672.0918750000001 28.4
672.6387500000001 46.8
673.1856250000001 36.0
673.7325000000001 42.4
674.2793750000001 28.4
674.8262500000001 2.0
675.3731250000001 -50.4
675.9200000000001 -40.0
676.4668750000001 -14.8
677.0137500000001 -22.0
677.5606250000001 -17.2
678.1075000000001 -7.2
678.6543750000001 -18.4
679.2012500000001 8.0
679.7481250000001 10.4
680.2950000000001 30.0
680.8418750000001 74.8
681.3887500000001 57.6
681.9356250000001 76.0
682.4825000000001 80.0
683.0293750000001 97.6
683.5762500000001 57.2
684.1231250000001 28.8
684.6700000000001 34.0
685.2168750000001 22.4
685.7637500000001 47.6
686.3106250000001 39.2
686.8575000000001 29.6
687.4043750000001 1.2
687.9512500000001 -3.2
688.4981250000001 -12.0
689.0450000000001 30.4
689.5918750000001 63.2
690.1387500000001 72.0
690.6856250000001 84.0
691.2325000000001 37.6
691.7793750000001 56.0
692.3262500000001 87.6
692.8731250000001 79.6
693.4200000000001 114.4
693.9668750000001 90.8
694.5137500000001 68.4
695.0606250000001 48.0
695.6075000000001 2.8
696.1543750000001 32.8
696.7012500000001 60.8
697.2481250000001 50.4
697.7950000000001 31.6
698.3418750000001 42.8
698.8887500000001 40.0
699.4356250000001 52.4
699.9825000000001 54.4
700.5293750000001 77.2
701.0762500000001 80.8
701.6231250000001 57.6
702.1700000000001 59.6
702.7168750000001 55.2
703.2637500000001 12.4
703.8106250000001 -12.8
704.3575000000001 -43.6
704.9043750000001 -12.8
705.4512500000001 52.4
705.9981250000001 28.8
706.5450000000001 17.6
707.0918750000001 -17.2
707.6387500000001 -43.6
708.1856250000001 -48.8
708.7325000000001 -8.4
709.2793750000001 32.0
709.8262500000001 42.4
710.3731250000001 24.4
710.9200000000001 -44.8
711.4668750000001 -57.6
712.0137500000001 -32.0
712.5606250000001 12.4
713.1075000000001 26.8
713.6543750000001 11.2
714.2012500000001 13.6
714.7481250000001 33.6
715.2950000000001 42.0
715.8418750000001 8.0
716.3887500000001 15.6
716.9356250000001 42.8
717.4825000000001 29.2
718.0293750000001 6.0
718.5762500000001 23.6
719.1231250000001 46.4
719.6700000000001 71.6
720.2168750000001 38.4
720.7637500000001 16.4
721.3106250000001 38.8
721.8575000000001 42.8
722.4043750000001 42.4
722.9512500000001 54.8
723.4981250000001 91.6
724.0450000000001 106.8
724.5918750000001 105.2
725.1387500000001 75.6
725.6856250000001 71.2
726.2325000000001 96.0
726.7793750000001 91.6
727.3262500000001 99.2
727.8731250000001 104.4
728.4200000000001 126.8
728.9668750000001 113.6
729.5137500000001 76.0
730.0606250000001 77.6
730.6075000000001 98.8
731.1543750000001 96.0
731.7012500000001 97.2
732.2481250000001 132.8
732.7950000000001 149.6
733.3418750000001 162.0
733.8887500000001 156.8
734.4356250000001 193.6
734.9825000000001 220.4
735.5293750000001 242.8
736.0762500000001 244.4
736.6231250000001 264.4
737.1700000000001 262.4
737.7168750000001 267.2
738.2637500000001 261.2
738.8106250000001 266.0
739.3575000000001 272.0
739.9043750000001 278.8
740.4512500000001 285.6
740.9981250000001 291.6
741.5450000000001 300.8
742.0918750000001 309.6
742.6387500000001 328.8
743.1856250000001 325.6
743.7325000000001 322.8
744.2793750000001 333.6
744.8262500000001 344.8
745.3731250000001 336.0
745.9200000000001 350.0
746.4668750000001 346.4
747.0137500000001 336.8
747.5606250000001 359.2
748.1075000000001 361.6
748.6543750000001 367.2
749.2012500000001 387.6
749.7481250000001 407.6
750.2950000000001 428.4
750.8418750000001 428.4
751.3887500000001 446.8
751.9356250000001 436.0
752.4825000000001 460.8
753.0293750000001 457.6
753.5762500000001 472.0
754.1231250000001 500.4
754.6700000000001 529.6
755.2168750000001 522.8
755.7637500000001 526.0
756.3106250000001 544.0
756.8575000000001 565.2
757.4043750000001 609.6
757.9512500000001 633.6
758.4981250000001 667.6
759.0450000000001 693.6
759.5918750000001 692.0
760.1387500000001 733.6
760.6856250000001 764.0
761.2325000000001 803.6
761.7793750000001 806.0
762.3262500000001 829.2
762.8731250000001 842.8
763.4200000000001 877.2
763.9668750000001 910.8
764.5137500000001 934.8
765.0606250000001 999.6
765.6075000000001 1003.2
766.1543750000001 1076.4
766.7012500000001 1114.0
767.2481250000001 1172.0
767.7950000000001 1222.8
768.3418750000001 1263.2
768.8887500000001 1301.2
769.4356250000001 1336.8
769.9825000000001 1396.8
770.5293750000001 1424.4
771.0762500000001 1495.6
771.6231250000001 1535.6
772.1700000000001 1574.0
772.7168750000001 1611.2
773.2637500000001 1640.8
773.8106250000001 1712.8
774.3575000000001 1788.0
774.9043750000001 1842.4
775.4512500000001 1910.8
775.9981250000001 1979.2
776.5450000000001 2039.2
777.0918750000001 2094.0
777.6387500000001 2183.2
778.1856250000001 2283.6
778.7325000000001 2388.8
779.2793750000001 2478.0
779.8262500000001 2534.8
780.3731250000001 2612.8
780.9200000000001 2730.0
781.4668750000001 2816.8
782.0137500000001 2882.0
782.5606250000001 2959.6
783.1075000000001 3016.0
783.6543750000001 3102.0
784.2012500000001 3162.8
784.7481250000001 3258.0
785.2950000000001 3363.2
785.8418750000001 3435.6
786.3887500000001 3482.0
786.9356250000001 3540.4
787.4825000000001 3576.8
788.0293750000001 3629.2
788.5762500000001 3697.2
789.1231250000001 3756.0
789.6700000000001 3802.4
790.2168750000001 3838.0
790.7637500000001 3877.2
791.3106250000001 3939.2
791.8575000000001 4013.2
792.4043750000001 4106.4
792.9512500000001 4245.6
793.4981250000001 4336.4
794.0450000000001 4422.0
794.5918750000001 4508.0
795.1387500000001 4604.4
795.6856250000001 4706.8
796.2325000000001 4817.2
796.7793750000001 4953.6
797.3262500000001 5051.6
797.8731250000001 5203.6
798.4200000000001 5301.2
798.9668750000001 5405.2
799.5137500000001 5544.0
800.0606250000001 5624.4
800.6075000000001 5674.8
801.1543750000001 5695.2
801.7012500000001 5730.8
802.2481250000001 5691.6
802.7950000000001 5605.6
803.3418750000001 5421.6
803.8887500000001 5234.8
804.4356250000001 5053.2
804.9825000000001 4792.8
805.5293750000001 4554.4
806.0762500000001 4308.0
806.6231250000001 4011.2
807.1700000000001 3678.0
807.7168750000001 3346.8
808.2637500000001 3040.8
808.8106250000001 2767.2
809.3575000000001 2528.8
809.9043750000001 2233.6
810.4512500000001 2023.6
810.9981250000001 1797.6
811.5450000000001 1582.8
812.0918750000001 1410.4
812.6387500000001 1246.0
813.1856250000001 1129.6
813.7325000000001 1020.0
814.2793750000001 926.8
814.8262500000001 842.4
815.3731250000001 786.8
815.9200000000001 686.4
816.4668750000001 606.4
817.0137500000001 547.2
817.5606250000001 506.0
818.1075000000001 464.0
818.6543750000001 426.8
819.2012500000001 404.0
819.7481250000001 354.4
820.2950000000001 309.6
820.8418750000001 274.8
821.3887500000001 255.2
821.9356250000001 248.4
822.4825000000001 230.4
823.0293750000001 219.2
823.5762500000001 204.4
824.1231250000001 183.2
824.6700000000001 146.4
825.2168750000001 148.8
825.7637500000001 138.4
826.3106250000001 160.0
826.8575000000001 136.4
827.4043750000001 108.8
827.9512500000001 91.2
828.4981250000001 81.6
829.0450000000001 88.8
829.5918750000001 69.2
830.1387500000001 70.8
830.6856250000001 46.8
831.2325000000001 49.2
831.7793750000001 39.6
832.3262500000001 39.6
832.8731250000001 46.0
833.4200000000001 53.2
833.9668750000001 61.2
834.5137500000001 42.4
835.0606250000001 44.0
835.6075000000001 40.0
836.1543750000001 34.4
836.7012500000001 27.2
837.2481250000001 20.8
837.7950000000001 28.8
838.3418750000001 30.8
838.8887500000001 32.4
839.4356250000001 24.0
839.9825000000001 18.4
840.5293750000001 26.8
841.0762500000001 42.0
841.6231250000001 60.8
842.1700000000001 53.6
842.7168750000001 30.0
843.2637500000001 24.8
843.8106250000001 16.0
844.3575000000001 30.4
844.9043750000001 19.2
845.4512500000001 26.0
845.9981250000001 26.4
846.5450000000001 38.4
847.0918750000001 20.8
847.6387500000001 4.4
848.1856250000001 11.6
848.7325000000001 8.8
849.2793750000001 17.6
849.8262500000001 12.8
850.3731250000001 24.4
850.9200000000001 31.2
851.4668750000001 28.8
852.0137500000001 0.4
852.5606250000001 0.8
853.1075000000001 3.2
853.6543750000001 5.2
854.2012500000001 32.8
854.7481250000001 38.0
855.2950000000001 46.0
855.8418750000001 14.0
856.3887500000001 -9.6
856.9356250000001 2.8
857.4825000000001 19.2
858.0293750000001 36.0
858.5762500000001 27.6
859.1231250000001 32.4
859.6700000000001 7.6
860.2168750000001 4.0
860.7637500000001 -39.6
861.3106250000001 -7.2
861.8575000000001 7.2
862.4043750000001 -8.4
862.9512500000001 -17.6
863.4981250000001 -22.4
864.0450000000001 -0.4
864.5918750000001 -1.6
865.1387500000001 -20.0
865.6856250000001 -22.4
866.2325000000001 -0.4
866.7793750000001 -5.2
867.3262500000001 -12.4
867.8731250000001 -7.6
868.4200000000001 -16.0
868.9668750000001 -2.8
869.5137500000001 -14.4
870.0606250000001 -11.6
870.6075000000001 6.8
871.1543750000001 -17.2
871.7012500000001 -7.2
872.2481250000001 -3.6
872.7950000000001 -5.6
873.3418750000001 -10.4
873.8887500000001 -17.6
874.4356250000001 -25.2
874.9825000000001 -10.4
875.5293750000001 10.0
876.0762500000001 -5.6
876.6231250000001 14.0
877.1700000000001 4.4
877.7168750000001 5.2
878.2637500000001 24.0
878.8106250000001 46.8
879.3575000000001 50.8
879.9043750000001 35.2
880.4512500000001 20.4
880.9981250000001 -3.6
881.5450000000001 25.2
882.0918750000001 26.8
882.6387500000001 30.8
883.1856250000001 28.4
883.7325000000001 37.6
884.2793750000001 9.2
884.8262500000001 9.2
885.3731250000001 24.4
885.9200000000001 20.0
886.4668750000001 16.0
887.0137500000001 7.2
887.5606250000001 2.8
888.1075000000001 4.8
888.6543750000001 -11.6
889.2012500000001 -50.8
889.7481250000001 -43.6
890.2950000000001 -29.6
890.8418750000001 -38.4
891.3887500000001 -25.6
891.9356250000001 -15.6
892.4825000000001 -24.8
893.0293750000001 -38.4
893.5762500000001 -44.0
894.1231250000001 -20.0
894.6700000000001 1.2
895.2168750000001 25.6
895.7637500000001 25.6
896.3106250000001 25.2
896.8575000000001 28.4
897.4043750000001 30.0
897.9512500000001 58.8
898.4981250000001 76.0
899.0450000000001 83.2
899.5918750000001 55.6
900.1387500000001 49.6
900.6856250000001 36.0
901.2325000000001 21.6
901.7793750000001 25.2
902.3262500000001 18.4
902.8731250000001 35.2
903.4200000000001 8.4
903.9668750000001 6.0
904.5137500000001 18.8
905.0606250000001 34.0
905.6075000000001 24.4
906.1543750000001 1.6
906.7012500000001 7.2
907.2481250000001 13.2
907.7950000000001 8.8
908.3418750000001 -7.2
908.8887500000001 -16.0
909.4356250000001 3.6
909.9825000000001 -20.8
910.5293750000001 -19.6
911.0762500000001 -2.4
911.6231250000001 10.4
912.1700000000001 25.2
912.7168750000001 22.0
913.2637500000001 29.2
913.8106250000001 22.8
914.3575000000001 33.6
914.9043750000001 18.0
915.4512500000001 28.4
915.9981250000001 23.6
916.5450000000001 25.6
917.0918750000001 26.8
917.6387500000001 14.8
918.1856250000001 16.4
918.7325000000001 17.2
919.2793750000001 16.0
919.8262500000001 18.4
920.3731250000001 32.4
920.9200000000001 32.0
921.4668750000001 42.0
922.0137500000001 44.4
922.5606250000001 54.4
923.1075000000001 49.2
923.6543750000001 34.8
924.2012500000001 14.0
924.7481250000001 17.2
925.2950000000001 2.4
925.8418750000001 -8.0
926.3887500000001 -2.4
926.9356250000001 -5.6
927.4825000000001 -8.4
928.0293750000001 -30.8
928.5762500000001 -17.2
929.1231250000001 -8.8
929.6700000000001 5.6
930.2168750000001 4.8
930.7637500000001 8.4
931.3106250000001 16.0
931.8575000000001 9.6
932.4043750000001 13.2
932.9512500000001 10.8
933.4981250000001 31.2
934.0450000000001 8.8
934.5918750000001 9.6
935.1387500000001 28.0
935.6856250000001 33.2
936.2325000000001 44.0
936.7793750000001 49.2
937.3262500000001 44.0
937.8731250000001 44.8
938.4200000000001 38.4
938.9668750000001 16.0
939.5137500000001 35.2
940.0606250000001 34.8
940.6075000000001 6.8
941.1543750000001 6.0
941.7012500000001 6.4
942.2481250000001 -14.0
942.7950000000001 -2.0
943.3418750000001 -23.2
943.8887500000001 -15.2
944.4356250000001 -4.8
944.9825000000001 -33.2
945.5293750000001 -28.8
946.0762500000001 -4.0
946.6231250000001 -9.2
947.1700000000001 -2.8
947.7168750000001 3.2
948.2637500000001 -6.0
948.8106250000001 5.2
949.3575000000001 3.2
949.9043750000001 -1.6
950.4512500000001 16.4
950.9981250000001 18.0
951.5450000000001 -1.2
952.0918750000001 0.0
952.6387500000001 -2.4
953.1856250000001 -18.8
953.7325000000001 -16.0
954.2793750000001 -8.0
954.8262500000001 -14.8
955.3731250000001 -15.6
955.9200000000001 1.2
956.4668750000001 -26.0
957.0137500000001 -12.0
957.5606250000001 -15.6
958.1075000000001 -22.0
958.6543750000001 -26.4
959.2012500000001 -30.0
959.7481250000001 -38.8
960.2950000000001 -48.4
960.8418750000001 -42.0
961.3887500000001 -60.0
961.9356250000001 -33.2
962.4825000000001 -39.2
963.0293750000001 -48.4
963.5762500000001 -52.8
964.1231250000001 -15.6
964.6700000000001 -27.2
965.2168750000001 -39.2
965.7637500000001 -13.6
966.3106250000001 -6.0
966.8575000000001 -8.0
967.4043750000001 -26.8
967.9512500000001 -16.0
968.4981250000001 -6.8
969.0450000000001 2.4
969.5918750000001 -6.8
970.1387500000001 -4.0
970.6856250000001 17.2
971.2325000000001 11.6
971.7793750000001 18.4
972.3262500000001 36.4
972.8731250000001 44.0
973.4200000000001 31.2
973.9668750000001 29.6
974.5137500000001 28.8
975.0606250000001 29.2
975.6075000000001 41.2
976.1543750000001 36.0
976.7012500000001 25.2
977.2481250000001 25.6
977.7950000000001 10.0
978.3418750000001 31.2
978.8887500000001 22.4
979.4356250000001 19.2
979.9825000000001 14.8
980.5293750000001 8.4
981.0762500000001 18.4
981.6231250000001 16.0
982.1700000000001 14.8
982.7168750000001 0.0
983.2637500000001 19.6
983.8106250000001 7.6
984.3575000000001 8.0
984.9043750000001 11.6
985.4512500000001 28.0
985.9981250000001 51.6
986.5450000000001 60.4
987.0918750000001 66.4
987.6387500000001 73.6
988.1856250000001 76.0
988.7325000000001 56.8
989.2793750000001 51.2
989.8262500000001 60.8
990.3731250000001 83.2
990.9200000000001 62.0
991.4668750000001 32.8
992.0137500000001 -3.6
992.5606250000001 -6.8
993.1075000000001 -27.2
993.6543750000001 -26.4
994.2012500000001 -23.6
994.7481250000001 -24.4
995.2950000000001 -22.8
995.8418750000001 -45.6
996.3887500000001 -37.2
996.9356250000001 -38.8
997.4825000000001 -18.8
998.0293750000001 -33.6
998.5762500000001 -25.2
999.1231250000001 -28.4
999.6700000000001 -36.0
1000.2168750000001 -60.4
1000.7637500000001 -44.0
1001.3106250000001 -41.6
1001.8575000000001 -39.6
1002.4043750000001 -55.6
1002.9512500000001 -59.2
1003.4981250000001 -49.6
1004.0450000000001 -36.4
1004.5918750000001 -56.8
1005.1387500000001 -52.0
1005.6856250000001 -32.0
1006.2325000000001 -58.0
1006.7793750000001 -72.0
1007.3262500000001 -74.8
1007.8731250000001 -58.0
1008.4200000000001 -52.0
1008.9668750000001 -66.8
1009.5137500000001 -84.8
1010.0606250000001 -64.0
1010.6075000000001 -86.4
1011.1543750000001 -89.6
1011.7012500000001 -90.0
1012.2481250000001 -78.8
1012.7950000000001 -88.8
1013.3418750000001 -83.6
1013.8887500000001 -95.6
1014.4356250000001 -85.2
1014.9825000000001 -66.4
1015.5293750000001 -55.2
1016.0762500000001 -26.0
1016.6231250000001 -2.4
1017.1700000000001 8.0
1017.7168750000001 18.4
1018.2637500000001 33.6
1018.8106250000001 34.4
1019.3575000000001 34.8
1019.9043750000001 56.0
1020.4512500000001 50.0
1020.9981250000001 38.4
1021.5450000000001 42.0
1022.0918750000001 2.0
1022.6387500000001 -10.8
1023.1856250000001 -16.0
1023.7325000000001 -2.4
1024.279375 -11.6
1024.82625 -12.0
1025.373125 -15.6
1025.92 -1.6
1026.466875 5.2
1027.01375 -4.8
1027.560625 16.8
1028.1075 33.2
1028.654375 38.0
1029.20125 34.8
1029.748125 46.4
1030.295 41.6
1030.841875 7.2
1031.38875 -21.6
1031.935625 -18.4
1032.4825 -3.6
1033.029375 -8.0
1033.57625 -14.4
1034.123125 -12.8
1034.67 -30.0
1035.216875 -39.2
1035.76375 -23.2
1036.310625 8.4
1036.8575 21.6
1037.404375 6.0
1037.95125 -3.6
1038.498125 8.0
1039.045 6.0
1039.591875 7.2
1040.13875 20.4
1040.685625 21.2
1041.2325 19.6
1041.779375 -11.6
1042.32625 -10.4
1042.873125 -12.4
1043.42 -9.6
1043.966875 -32.0
1044.51375 -30.0
1045.060625 -27.6
1045.6075 -30.4
1046.154375 -37.6
1046.70125 -42.0
1047.248125 -24.0
1047.795 -16.4
1048.341875 -0.8
1048.88875 0.4
1049.435625 24.4
1049.9825 25.2
1050.529375 16.8
1051.07625 4.0
1051.623125 19.6
1052.17 19.2
1052.716875 2.0
1053.26375 -11.2
1053.810625 -6.4
1054.3575 -8.4
1054.904375 -6.0
1055.45125 -13.2
1055.998125 -20.8
1056.545 -6.8
1057.091875 -30.4
1057.63875 -32.8
1058.185625 -4.0
1058.7325 0.4
1059.279375 -2.8
1059.82625 6.8
1060.373125 7.2
1060.92 23.6
1061.466875 23.2
1062.01375 13.2
1062.560625 40.4
1063.1075 44.0
1063.654375 32.8
1064.20125 23.2
1064.748125 24.0
1065.295 9.2
1065.841875 -7.2
1066.38875 -20.4
1066.935625 -16.0
1067.4825 -14.0
1068.029375 -30.0
1068.57625 -46.8
1069.123125 -54.8
1069.67 -38.4
1070.216875 -60.8
1070.76375 -28.8
1071.310625 -13.6
1071.8575 -44.8
1072.404375 -28.4
1072.95125 -17.6
1073.498125 -12.4
1074.045 10.8
1074.591875 15.6
1075.13875 17.6
1075.685625 22.8
1076.2325 -4.0
1076.779375 -3.6
1077.32625 36.8
1077.873125 13.6
1078.42 7.6
1078.966875 -6.8
1079.51375 -19.6
1080.060625 -10.8
1080.6075 -14.8
1081.154375 4.4
1081.70125 9.2
1082.248125 -0.8
1082.795 4.8
1083.341875 1.2
1083.88875 0.8
1084.435625 15.6
1084.9825 8.4
1085.529375 9.2
1086.07625 -4.0
1086.623125 -24.8
1087.17 -41.2
1087.716875 -46.4
1088.26375 -54.0
1088.810625 -29.6
1089.3575 -34.0
1089.904375 -21.2
1090.45125 -8.8
1090.998125 -17.6
1091.545 -10.4
1092.091875 -14.8
1092.63875 -4.4
1093.185625 0.8
1093.7325 -14.8
1094.279375 -8.8
1094.82625 -16.8
1095.373125 -12.8
1095.92 -1.2
1096.466875 -5.6
1097.01375 -6.8
1097.560625 26.8
1098.1075 43.6
1098.654375 53.6
1099.20125 68.0
1099.748125 64.4
1100.295 63.2
1100.841875 33.2
1101.38875 26.4
1101.935625 34.4
1102.4825 46.4
1103.029375 19.2
1103.57625 -8.4
1104.123125 -16.8
1104.67 -8.8
1105.216875 -32.8
1105.76375 -46.0
1106.310625 -45.2
1106.8575 -35.6
1107.404375 -10.0
1107.95125 -20.0
1108.498125 -13.6
1109.045 -2.4
1109.591875 24.0
1110.13875 0.0
1110.685625 11.2
1111.2325 18.4
1111.779375 18.4
1112.32625 -9.2
1112.873125 -39.6
1113.42 -20.0
1113.966875 -26.8
1114.51375 -38.4
1115.060625 -67.6
1115.6075 -62.0
1116.154375 -66.0
1116.70125 -52.8
1117.248125 -42.4
1117.795 -7.2
1118.341875 -8.8
1118.88875 -46.4
1119.435625 -31.6
1119.9825 -28.0
1120.529375 -21.6
1121.07625 -29.2
1121.623125 -26.0
1122.17 -23.2
1122.716875 -27.2
1123.26375 -53.6
1123.810625 -27.6
1124.3575 -14.0
1124.904375 -12.8
1125.45125 -19.2
1125.998125 -12.0
1126.545 -4.8
1127.091875 -9.2
1127.63875 -19.2
1128.185625 -34.4
1128.7325 -26.8
1129.279375 -40.4
1129.82625 -50.4
1130.373125 -62.0
1130.92 -55.6
1131.466875 -68.8
1132.01375 -58.0
1132.560625 -65.2
1133.1075 -69.6
1133.654375 -22.4
1134.20125 -13.2
1134.748125 -18.8
1135.295 2.0
1135.841875 10.8
1136.38875 16.4
1136.935625 13.6
1137.4825 13.2
1138.029375 15.6
1138.57625 32.0
1139.123125 16.0
1139.67 4.4
1140.216875 -0.4
1140.76375 -26.8
1141.310625 -28.4
1141.8575 -25.6
1142.404375 -27.2
1142.95125 -40.0
1143.498125 -35.6
1144.045 -48.0
1144.591875 -75.6
1145.13875 -74.4
1145.685625 -65.6
1146.2325 -47.2
1146.779375 -62.4
1147.32625 -68.8
1147.873125 -66.8
1148.42 -58.4
1148.966875 -70.8
1149.51375 -80.0
1150.060625 -52.8
1150.6075 -59.6
1151.154375 -59.2
1151.70125 -52.0
1152.248125 -33.2
1152.795 -22.8
1153.341875 -33.6
1153.88875 -33.2
1154.435625 -35.2
1154.9825 -25.2
1155.529375 -37.2
1156.07625 -28.8
1156.623125 -28.0
1157.17 -47.6
1157.716875 -68.0
1158.26375 -75.2
1158.810625 -48.8
1159.3575 -34.4
1159.904375 2.4
1160.45125 -4.8
1160.998125 0.0
1161.545 -8.0
1162.091875 -8.0
1162.63875 12.8
1163.185625 36.4
1163.7325 57.2
1164.279375 47.6
1164.82625 8.4
1165.373125 -2.8
1165.92 18.4
1166.466875 4.4
1167.01375 27.2
1167.560625 36.4
1168.1075 17.6
1168.654375 10.4
1169.20125 -0.4
1169.748125 -8.0
1170.295 24.0
1170.841875 1.6
1171.38875 -2.4
1171.935625 20.8
1172.4825 14.4
1173.029375 1.6
1173.57625 10.8
1174.123125 10.8
1174.67 13.2
1175.216875 29.6
1175.76375 15.2
1176.310625 31.2
1176.8575 31.6
1177.404375 16.4
1177.95125 26.0
1178.498125 44.4
1179.045 40.8
1179.591875 42.4
1180.13875 40.0
1180.685625 28.0
1181.2325 50.8
1181.779375 58.4
1182.32625 54.0
1182.873125 68.4
1183.42 73.2
1183.966875 33.6
1184.51375 56.4
1185.060625 47.6
1185.6075 53.6
1186.154375 52.0
1186.70125 36.0
1187.248125 35.6
1187.795 33.6
1188.341875 22.4
1188.88875 -0.8
1189.435625 20.8
1189.9825 10.8
1190.529375 18.4
1191.07625 6.8
1191.623125 0.4
1192.17 6.8
1192.716875 2.4
1193.26375 8.0
1193.810625 -4.0
1194.3575 4.8
1194.904375 25.6
1195.45125 -3.6
1195.998125 3.2
1196.545 3.2
1197.091875 25.6
1197.63875 12.8
1198.185625 4.4
1198.7325 0.8
1199.279375 0.4
1199.82625 -13.2
1200.373125 -22.8
1200.92 -2.0
1201.466875 -44.8
1202.01375 -52.8
1202.560625 -63.6
1203.1075 -57.6
1203.654375 -53.2
1204.20125 -60.0
1204.748125 -42.8
1205.295 -48.4
1205.841875 -66.0
1206.38875 -59.2
1206.935625 -37.6
1207.4825 -47.6
1208.029375 -42.8
1208.57625 -40.0
1209.123125 -38.4
1209.67 -15.6
1210.216875 -26.8
1210.76375 -22.8
1211.310625 0.0
1211.8575 -7.6
1212.404375 6.8
1212.95125 39.6
1213.498125 48.0
1214.045 58.4
1214.591875 70.4
1215.13875 74.4
1215.685625 75.2
1216.2325 71.6
1216.779375 44.8
1217.32625 56.8
1217.873125 45.2
1218.42 16.0
1218.966875 -6.0
1219.51375 -38.0
1220.060625 -40.0
1220.6075 -45.2
1221.154375 -32.0
1221.70125 8.0
1222.248125 17.2
1222.795 -13.6
1223.341875 16.8
1223.88875 36.8
1224.435625 26.0
1224.9825 47.2
1225.529375 20.4
1226.07625 -5.6
1226.623125 -6.4
1227.17 -22.8
1227.716875 -14.4
1228.26375 -26.4
1228.810625 17.2
1229.3575 -35.2
1229.904375 17.6
1230.45125 32.0
1230.998125 42.8
1231.545 74.0
1232.091875 112.8
1232.63875 106.8
1233.185625 103.6
1233.7325 144.4
1234.279375 111.2
1234.82625 163.2
1235.373125 124.0
1235.92 112.8
1236.466875 118.0
1237.01375 116.8
1237.560625 106.0
1238.1075 81.2
1238.654375 79.2
1239.20125 71.2
1239.748125 40.0
1240.295 37.6
1240.841875 50.0
1241.38875 40.8
1241.935625 32.0
1242.4825 6.0
1243.029375 -47.6
1243.57625 -20.8
1244.123125 -16.8
1244.67 -6.4
1245.216875 -2.0
1245.76375 -8.4
1246.310625 -29.2
1246.8575 -34.0
1247.404375 -31.2
1247.95125 -28.8
1248.498125 -2.8
1249.045 -20.8
1249.591875 -25.2
1250.13875 1.6
1250.685625 -14.0
1251.2325 -0.8
1251.779375 14.0
1252.32625 17.2
1252.873125 30.8
1253.42 31.6
1253.966875 -13.2
1254.51375 -1.6
1255.060625 -7.6
1255.6075 -36.8
1256.154375 -19.2
1256.70125 -48.8
1257.248125 -16.0
1257.795 -22.0
1258.341875 -38.4
1258.88875 -10.0
1259.435625 -10.4
1259.9825 -28.4
1260.529375 -35.6
1261.07625 -60.0
1261.623125 -52.0
1262.17 -48.0
1262.716875 -91.6
1263.26375 -69.2
1263.810625 -31.2
1264.3575 -63.6
1264.904375 -2.4
1265.45125 28.8
1265.998125 57.2
1266.545 50.4
1267.091875 44.0
1267.63875 73.2
1268.185625 88.0
1268.7325 83.2
1269.279375 66.8
1269.82625 83.6
1270.373125 59.2
1270.92 71.6
1271.466875 30.8
1272.01375 64.0
1272.560625 32.0
1273.1075 -2.8
1273.654375 17.6
1274.20125 18.8
1274.748125 4.8
1275.295 -3.6
1275.841875 -17.6
1276.38875 -36.0
1276.935625 -19.2
1277.4825 -33.6
1278.029375 -24.8
1278.57625 -13.2
1279.123125 -26.8
1279.67 -14.4
1280.216875 -24.0
1280.76375 -6.4
1281.310625 -2.8
1281.8575 -10.4
1282.404375 7.6
1282.95125 14.0
1283.498125 37.6
1284.045 64.8
1284.591875 63.6
1285.13875 47.6
1285.685625 69.6
1286.2325 76.0
1286.779375 96.4
1287.32625 83.6
1287.873125 76.4
1288.42 88.4
1288.966875 83.2
1289.51375 59.6
1290.060625 51.6
1290.6075 48.0
1291.154375 26.8
1291.70125 0.0
1292.248125 -8.0
1292.795 -6.4
1293.341875 -8.0
1293.88875 -36.0
1294.435625 -25.2
1294.9825 -7.2
1295.529375 -12.8
1296.07625 -24.0
1296.623125 -20.4
1297.17 -14.0
1297.716875 -16.8
1298.26375 -12.0
1298.810625 -2.8
1299.3575 20.8
1299.904375 27.6
1300.45125 5.6
1300.998125 4.8
1301.545 39.2
1302.091875 57.2
1302.63875 63.6
1303.185625 80.8
1303.7325 80.0
1304.279375 89.2
1304.82625 103.6
1305.373125 86.8
1305.92 114.4
1306.466875 92.8
1307.01375 47.6
1307.560625 24.8
1308.1075 17.2
1308.654375 8.0
1309.20125 24.0
1309.748125 7.2
1310.295 -23.2
1310.841875 -30.0
1311.38875 -42.4
1311.935625 -11.2
1312.4825 6.0
1313.029375 25.6
1313.57625 28.8
1314.123125 19.6
1314.67 -4.4
1315.216875 -18.0
1315.76375 -7.2
1316.310625 -9.6
1316.8575 -34.0
1317.404375 -35.2
1317.95125 -14.4
1318.498125 -26.4
1319.045 -32.4
1319.591875 -34.0
1320.13875 -10.0
1320.685625 -32.0
1321.2325 -42.0
1321.779375 -32.4
1322.32625 -12.4
1322.873125 -4.8
1323.42 -7.6
1323.966875 4.4
1324.51375 6.8
1325.060625 6.0
1325.6075 1.2
1326.154375 29.2
1326.70125 22.8
1327.248125 33.6
1327.795 22.0
1328.341875 2.8
1328.88875 -8.4
1329.435625 -30.8
1329.9825 -6.8
1330.529375 1.6
1331.07625 -12.0
1331.623125 11.2
1332.17 14.8
1332.716875 -7.6
1333.26375 -4.8
1333.810625 6.8
1334.3575 1.6
1334.904375 26.4
1335.45125 -2.8
1335.998125 -3.2
1336.545 -19.6
1337.091875 -44.4
1337.63875 -19.6
1338.185625 -18.4
1338.7325 -25.6
1339.279375 -20.0
1339.82625 -0.4
1340.373125 4.4
1340.92 0.4
1341.466875 -8.4
1342.01375 0.0
1342.560625 -4.0
1343.1075 -4.4
1343.654375 12.0
1344.20125 38.8
1344.748125 37.6
1345.295 2.8
1345.841875 -17.2
1346.38875 -29.2
1346.935625 -39.2
1347.4825 -28.0
1348.029375 -11.6
1348.57625 -13.6
1349.123125 -6.4
1349.67 -3.2
1350.216875 -2.4
1350.76375 32.0
1351.310625 27.6
1351.8575 24.4
1352.404375 58.0
1352.95125 62.8
1353.498125 50.0
1354.045 34.8
1354.591875 23.6
1355.13875 11.6
1355.685625 -20.0
1356.2325 -44.4
1356.779375 -13.2
1357.32625 22.8
1357.873125 4.0
1358.42 12.4
1358.966875 22.0
1359.51375 34.0
1360.060625 16.8
1360.6075 -4.0
1361.154375 12.0
1361.70125 12.8
1362.248125 12.8
1362.795 -16.8
1363.341875 -15.6
1363.88875 -24.8
1364.435625 -57.2
1364.9825 -60.8
1365.529375 -26.8
1366.07625 -1.6
1366.623125 4.0
1367.17 8.8
1367.716875 2.4
1368.26375 10.8
1368.810625 8.0
1369.3575 13.2
1369.904375 38.4
1370.45125 42.0
1370.998125 36.0
1371.545 22.0
1372.091875 24.4
1372.63875 31.2
1373.185625 21.6
1373.7325 26.8
1374.279375 37.2
1374.82625 26.4
1375.373125 26.0
1375.92 27.6
1376.466875 12.0
1377.01375 18.8
1377.560625 17.2
1378.1075 3.6
1378.654375 -6.0
1379.20125 -11.6
1379.748125 -18.8
1380.295 -6.0
1380.841875 -8.8
1381.38875 -38.4
1381.935625 -41.2
1382.4825 -62.0
1383.029375 -75.6
1383.57625 -59.2
1384.123125 -70.8
1384.67 -77.6
1385.216875 -62.4
1385.76375 -81.2
1386.310625 -63.2
1386.8575 -36.8
1387.404375 -36.4
1387.95125 -29.2
1388.498125 -28.0
1389.045 -31.2
1389.591875 -12.0
1390.13875 -23.6
1390.685625 -56.0
1391.2325 -52.4
1391.779375 -52.0
1392.32625 -49.6
1392.873125 -72.0
1393.42 -51.2
1393.966875 -64.0
1394.51375 -84.8
1395.060625 -77.6
1395.6075 -53.6
1396.154375 -35.6
1396.70125 -32.4
1397.248125 -49.2
1397.795 -50.8
1398.341875 -42.8
1398.88875 -30.0
1399.435625 -12.8
1399.9825 -6.0
1400.529375 -14.0
1401.07625 0.0
1401.623125 -3.6
1402.17 -2.0
1402.716875 -14.0
1403.26375 -25.2
1403.810625 -19.6
1404.3575 -43.6
1404.904375 -49.6
1405.45125 -42.4
1405.998125 -36.0
1406.545 -71.2
1407.091875 -68.4
1407.63875 -76.0
1408.185625 -52.0
1408.7325 -58.0
1409.279375 -70.0
1409.82625 -84.0
1410.373125 -89.2
1410.92 -99.2
1411.466875 -123.2
1412.01375 -112.4
1412.560625 -112.0
1413.1075 -103.6
1413.654375 -124.8
