299.67 2224
300.216875 1928
300.76375 2264
301.310625 3096
301.8575 2156
302.404375 2576
302.95125 1728
303.498125 1880
304.045 1688
304.591875 2096
305.13875 2556
305.685625 2060
306.2325 2724
306.779375 3028
307.32625 2792
307.873125 2500
308.42 3192
308.966875 2256
309.51375 2300
310.060625 1760
310.6075 2140
311.154375 2024
311.70125 2292
312.248125 2232
312.795 3620
313.341875 1856
313.88875 3856
314.435625 2088
314.9825 2952
315.529375 1260
316.07625 1568
316.623125 2572
317.17 1668
317.716875 2348
318.26375 2288
318.810625 2116
319.3575 1688
319.904375 1500
320.45125 1768
320.998125 2500
321.545 1572
322.091875 2204
322.63875 1952
323.185625 1792
323.7325 1608
324.279375 2940
324.82625 2220
325.373125 2212
325.92 1836
326.466875 1984
327.01375 2204
327.560625 3080
328.1075 1964
328.654375 2148
329.20125 1908
329.748125 1684
330.295 1848
330.841875 2232
331.38875 1428
331.935625 1732
332.4825 2580
333.029375 1520
333.57625 2160
334.123125 1656
334.67 2064
335.216875 2548
335.76375 1852
336.310625 2280
336.8575 1836
337.404375 1356
337.95125 1976
338.498125 2644
339.045 2692
339.591875 1520
340.13875 1916
340.685625 1804
341.2325 2352
341.779375 1772
342.32625 1372
342.873125 3156
343.42 2488
343.966875 1748
344.51375 2180
345.060625 2728
345.6075 1876
346.154375 2244
346.70125 2424
347.248125 2256
347.795 1512
348.341875 3444
348.88875 1780
349.435625 1888
349.9825 1616
350.529375 1796
351.07625 1860
351.623125 1876
352.17 1552
352.716875 1872
353.26375 2512
353.810625 1320
354.3575 1916
354.904375 1364
355.45125 2400
355.998125 2028
356.545 1400
357.091875 3012
357.63875 1464
358.185625 1720
358.7325 2012
359.279375 1576
359.82625 1916
360.373125 1924
360.92 1292
361.466875 1980
362.01375 1876
362.560625 2172
363.1075 1536
363.654375 1508
364.20125 2980
364.748125 2228
365.295 1744
365.841875 1848
366.38875 1392
366.935625 2004
367.4825 1556
368.029375 1272
368.57625 2012
369.123125 2124
369.67 2032
370.216875 1944
370.76375 1780
371.310625 1772
371.8575 1756
372.404375 1916
372.95125 3332
373.498125 2312
374.045 2288
374.591875 2048
375.13875 2324
375.685625 1608
376.2325 1620
376.779375 2076
377.32625 2828
377.873125 2100
378.42 1876
378.966875 2580
379.51375 1640
380.060625 1744
380.6075 2308
381.154375 2192
381.70125 1840
382.248125 2312
382.795 2116
383.341875 1836
383.88875 2220
384.435625 1908
384.9825 1976
385.529375 2684
386.07625 2276
386.623125 1872
387.17 1808
387.716875 1556
388.26375 1904
388.810625 3036
389.3575 1608
389.904375 1784
390.45125 1700
390.998125 1096
391.545 1704
392.091875 1756
392.63875 2284
393.185625 2972
393.7325 1868
394.279375 2404
394.82625 1320
395.373125 1652
395.92 1456
396.466875 3068
397.01375 2140
397.560625 1764
398.1075 1548
398.654375 1584
399.20125 1812
399.748125 2584
400.295 2048
400.841875 1476
401.38875 2276
401.935625 2952
402.4825 1864
403.029375 1708
403.57625 1924
404.123125 1692
404.67 2624
405.216875 2368
405.76375 2224
406.310625 1980
406.8575 1556
407.404375 2020
407.95125 1884
408.498125 2952
409.045 2208
409.591875 2172
410.13875 2036
410.685625 1532
411.2325 1860
411.779375 1608
412.32625 1572
412.873125 1608
413.42 1812
413.966875 2216
414.51375 1784
415.060625 2348
415.6075 2048
416.154375 1476
416.70125 1928
417.248125 2532
417.795 1832
418.341875 2000
418.88875 2412
419.435625 1300
419.9825 2432
420.529375 1796
421.07625 2132
421.623125 1820
422.17 2808
422.716875 1644
423.26375 1596
423.810625 2660
424.3575 2132
424.904375 1632
425.45125 2124
425.998125 1692
426.545 1856
427.091875 1844
427.63875 1484
428.185625 2416
428.7325 1900
429.279375 1808
429.82625 1712
430.373125 2612
430.92 1348
431.466875 3012
432.01375 2772
432.560625 2304
433.1075 1532
433.654375 1800
434.20125 1528
434.748125 1412
435.295 1912
435.841875 1496
436.38875 1732
436.935625 2156
437.4825 2124
438.029375 1716
438.57625 1780
439.123125 1660
439.67 2196
440.216875 1348
440.76375 1640
441.310625 1480
441.8575 2020
442.404375 2404
442.95125 1632
443.498125 1320
444.045 1584
444.591875 2256
445.13875 1948
445.685625 1364
446.2325 3540
446.779375 2396
447.32625 2484
447.873125 4828
448.42 1592
448.966875 3276
449.51375 1508
450.060625 1740
450.6075 1280
451.154375 1380
451.70125 1820
452.248125 1592
452.795 1204
453.341875 2400
453.88875 2300
454.435625 2268
454.9825 1724
455.529375 1608
456.07625 1448
456.623125 1280
457.17 1808
457.716875 1796
458.26375 1924
458.810625 1600
459.3575 2268
459.904375 2512
460.45125 1620
460.998125 1416
461.545 1612
462.091875 4364
462.63875 2268
463.185625 1832
463.7325 2024
464.279375 1720
464.82625 2144
465.373125 1408
465.92 1760
466.466875 1708
467.01375 1544
467.560625 1508
468.1075 2292
468.654375 1632
469.20125 1608
469.748125 1532
470.295 1708
470.841875 1824
471.38875 1284
471.935625 2132
472.4825 2396
473.029375 1828
473.57625 2164
474.123125 2140
474.67 1788
475.216875 2528
475.76375 1288
476.310625 1772
476.8575 2352
477.404375 2056
477.95125 1832
478.498125 1452
479.045 3708
479.591875 1784
480.13875 1936
480.685625 2008
481.2325 1784
481.779375 2116
482.32625 1908
482.873125 2020
483.42 1984
483.966875 1648
484.51375 1068
485.060625 1304
485.6075 1612
486.154375 1884
486.70125 1232
487.248125 1940
487.795 2816
488.341875 2268
488.88875 1648
489.435625 2176
489.9825 1588
490.529375 1740
491.07625 1708
491.623125 1532
492.17 1628
492.716875 1624
493.26375 2148
493.810625 1684
494.3575 1632
494.904375 1292
495.45125 1800
495.998125 1516
496.545 1872
497.091875 2136
497.63875 1704
498.185625 1532
498.7325 1108
499.279375 1736
499.82625 2480
500.373125 1964
500.92 2308
501.466875 2624
502.01375 1328
502.560625 2212
503.1075 1724
503.654375 1940
504.20125 1656
504.748125 1784
505.295 1992
505.841875 1808
506.38875 2504
506.935625 1684
507.4825 2120
508.029375 1288
508.57625 1588
509.123125 1764
509.67 1976
510.216875 2552
510.76375 1492
511.310625 1668
511.8575 1176
512.4043750000001 2488
512.9512500000001 1304
513.4981250000001 1172
514.0450000000001 1900
514.5918750000001 1844
515.1387500000001 2024
515.6856250000001 1708
516.2325000000001 1796
516.7793750000001 1512
517.3262500000001 1512
517.8731250000001 1808
518.4200000000001 1488
518.9668750000001 1880
519.5137500000001 2240
520.0606250000001 1864
520.6075000000001 2004
521.1543750000001 1688
521.7012500000001 1304
522.2481250000001 2008
522.7950000000001 1560
523.3418750000001 1744
523.8887500000001 1256
524.4356250000001 1180
524.9825000000001 2304
525.5293750000001 2076
526.0762500000001 1388
526.6231250000001 1904
527.1700000000001 1896
527.7168750000001 1496
528.2637500000001 1468
528.8106250000001 1980
529.3575000000001 1800
529.9043750000001 1552
530.4512500000001 1728
530.9981250000001 1512
531.5450000000001 2184
532.0918750000001 1896
532.6387500000001 1876
533.1856250000001 1668
533.7325000000001 1824
534.2793750000001 2224
534.8262500000001 1636
535.3731250000001 1632
535.9200000000001 1964
536.4668750000001 2500
537.0137500000001 1832
537.5606250000001 2244
538.1075000000001 1692
538.6543750000001 1524
539.2012500000001 2652
539.7481250000001 1644
540.2950000000001 1952
540.8418750000001 2020
541.3887500000001 1580
541.9356250000001 2068
542.4825000000001 1480
543.0293750000001 2396
543.5762500000001 2460
544.1231250000001 1788
544.6700000000001 1348
545.2168750000001 1784
545.7637500000001 2056
546.3106250000001 2116
546.8575000000001 2268
547.4043750000001 2112
547.9512500000001 1880
548.4981250000001 2004
549.0450000000001 1952
549.5918750000001 1520
550.1387500000001 1584
550.6856250000001 1508
551.2325000000001 2640
551.7793750000001 1880
552.3262500000001 2392
552.8731250000001 2500
553.4200000000001 1484
553.9668750000001 2328
554.5137500000001 1624
555.0606250000001 1448
555.6075000000001 1996
556.1543750000001 2256
556.7012500000001 1484
557.2481250000001 2596
557.7950000000001 1960
558.3418750000001 1716
558.8887500000001 1420
559.4356250000001 1948
559.9825000000001 1572
560.5293750000001 1296
561.0762500000001 3020
561.6231250000001 2396
562.1700000000001 2092
562.7168750000001 2748
563.2637500000001 1800
563.8106250000001 2112
564.3575000000001 1584
564.9043750000001 2600
565.4512500000001 1896
565.9981250000001 2204
566.5450000000001 1236
567.0918750000001 2124
567.6387500000001 1484
568.1856250000001 1632
568.7325000000001 1388
569.2793750000001 2684
569.8262500000001 1944
570.3731250000001 1660
570.9200000000001 1652
571.4668750000001 1836
572.0137500000001 1704
572.5606250000001 2328
573.1075000000001 1928
573.6543750000001 1492
574.2012500000001 1792
574.7481250000001 1484
575.2950000000001 2284
575.8418750000001 2048
576.3887500000001 1644
576.9356250000001 1432
577.4825000000001 2480
578.0293750000001 1620
578.5762500000001 1880
579.1231250000001 1268
579.6700000000001 1372
580.2168750000001 1932
580.7637500000001 1680
581.3106250000001 1460
581.8575000000001 1884
582.4043750000001 1508
582.9512500000001 1736
583.4981250000001 2280
584.0450000000001 1840
584.5918750000001 2168
585.1387500000001 2280
585.6856250000001 1808
586.2325000000001 1968
586.7793750000001 2256
587.3262500000001 2464
587.8731250000001 1868
588.4200000000001 1864
588.9668750000001 2224
589.5137500000001 1344
590.0606250000001 1820
590.6075000000001 1580
591.1543750000001 1772
591.7012500000001 1480
592.2481250000001 1720
592.7950000000001 1900
593.3418750000001 2076
593.8887500000001 2032
594.4356250000001 1492
594.9825000000001 2936
595.5293750000001 1788
596.0762500000001 1688
596.6231250000001 1608
597.1700000000001 2100
597.7168750000001 2300
598.2637500000001 1736
598.8106250000001 2260
599.3575000000001 1272
599.9043750000001 1208
600.4512500000001 1552
600.9981250000001 1328
601.5450000000001 1812
602.0918750000001 1388
602.6387500000001 2056
603.1856250000001 1836
603.7325000000001 1628
604.2793750000001 1760
604.8262500000001 1812
605.3731250000001 1236
605.9200000000001 1084
606.4668750000001 2152
607.0137500000001 1644
607.5606250000001 1688
608.1075000000001 2448
608.6543750000001 1748
609.2012500000001 1284
609.7481250000001 2020
610.2950000000001 1276
610.8418750000001 1808
611.3887500000001 1936
611.9356250000001 2132
612.4825000000001 1852
613.0293750000001 1964
613.5762500000001 1980
614.1231250000001 1752
614.6700000000001 3324
615.2168750000001 2180
615.7637500000001 1864
616.3106250000001 1844
616.8575000000001 1912
617.4043750000001 1548
617.9512500000001 2052
618.4981250000001 1832
619.0450000000001 2280
619.5918750000001 1596
620.1387500000001 1520
620.6856250000001 2232
621.2325000000001 1784
621.7793750000001 1600
622.3262500000001 2548
622.8731250000001 1948
623.4200000000001 3388
623.9668750000001 1940
624.5137500000001 1456
625.0606250000001 2252
625.6075000000001 1508
626.1543750000001 1752
626.7012500000001 1268
627.2481250000001 1564
627.7950000000001 1824
628.3418750000001 1956
628.8887500000001 1680
629.4356250000001 2760
629.9825000000001 1816
630.5293750000001 2372
631.0762500000001 1604
631.6231250000001 1596
632.1700000000001 1924
632.7168750000001 1420
633.2637500000001 2172
633.8106250000001 1580
634.3575000000001 1632
634.9043750000001 2168
635.4512500000001 1596
635.9981250000001 2276
636.5450000000001 1892
637.0918750000001 1348
637.6387500000001 1600
638.1856250000001 2516
638.7325000000001 2084
639.2793750000001 1620
639.8262500000001 2312
640.3731250000001 2144
640.9200000000001 1372
641.4668750000001 1836
642.0137500000001 2104
642.5606250000001 1944
643.1075000000001 1572
643.6543750000001 1308
644.2012500000001 1932
644.7481250000001 1884
645.2950000000001 2032
645.8418750000001 1704
646.3887500000001 1924
646.9356250000001 2164
647.4825000000001 1760
648.0293750000001 1428
648.5762500000001 1404
649.1231250000001 1872
649.6700000000001 1980
650.2168750000001 1844
650.7637500000001 1636
651.3106250000001 1728
651.8575000000001 1832
652.4043750000001 1328
652.9512500000001 1712
653.4981250000001 1248
654.0450000000001 1392
654.5918750000001 2004
655.1387500000001 2028
655.6856250000001 2808
656.2325000000001 2000
656.7793750000001 2136
657.3262500000001 2176
657.8731250000001 2228
658.4200000000001 2196
658.9668750000001 1836
659.5137500000001 1856
660.0606250000001 1752
660.6075000000001 1764
661.1543750000001 2100
661.7012500000001 1948
662.2481250000001 2056
662.7950000000001 2124
663.3418750000001 1320
663.8887500000001 1776
664.4356250000001 1500
664.9825000000001 1364
665.5293750000001 1036
666.0762500000001 1732
666.6231250000001 1868
667.1700000000001 2140
667.7168750000001 2420
668.2637500000001 2476
668.8106250000001 1432
669.3575000000001 2092
669.9043750000001 1732
670.4512500000001 2508
670.9981250000001 1588
671.5450000000001 1988
672.0918750000001 1844
672.6387500000001 2004
673.1856250000001 1916
673.7325000000001 2084
674.2793750000001 2268
674.8262500000001 2984
675.3731250000001 1468
675.9200000000001 2116
676.4668750000001 1748
677.0137500000001 2352
677.5606250000001 1504
678.1075000000001 1364
678.6543750000001 1668
679.2012500000001 1116
679.7481250000001 2228
680.2950000000001 1976
680.8418750000001 2000
681.3887500000001 1860
681.9356250000001 2000
682.4825000000001 2276
683.0293750000001 1736
683.5762500000001 1288
684.1231250000001 1824
684.6700000000001 2044
685.2168750000001 1592
685.7637500000001 2780
686.3106250000001 2092
686.8575000000001 1376
687.4043750000001 1748
687.9512500000001 1724
688.4981250000001 2352
689.0450000000001 2140
689.5918750000001 1996
690.1387500000001 1532
690.6856250000001 2708
691.2325000000001 2000
691.7793750000001 1652
692.3262500000001 1236
692.8731250000001 1800
693.4200000000001 1468
693.9668750000001 2280
694.5137500000001 1384
695.0606250000001 1912
695.6075000000001 1708
696.1543750000001 2488
696.7012500000001 1912
697.2481250000001 1712
697.7950000000001 2120
698.3418750000001 2292
698.8887500000001 1208
699.4356250000001 2096
699.9825000000001 1980
700.5293750000001 1576
701.0762500000001 2180
701.6231250000001 1988
702.1700000000001 1980
702.7168750000001 2172
703.2637500000001 1532
703.8106250000001 2012
704.3575000000001 2024
704.9043750000001 2356
705.4512500000001 2068
705.9981250000001 2052
706.5450000000001 1788
707.0918750000001 1968
707.6387500000001 1780
708.1856250000001 1420
708.7325000000001 1744
709.2793750000001 1828
709.8262500000001 2896
710.3731250000001 1648
710.9200000000001 1408
711.4668750000001 1856
712.0137500000001 1868
712.5606250000001 1612
713.1075000000001 1496
713.6543750000001 2400
714.2012500000001 1836
714.7481250000001 2240
715.2950000000001 1444
715.8418750000001 1712
716.3887500000001 1892
716.9356250000001 1956
717.4825000000001 2324
718.0293750000001 1892
718.5762500000001 2116
719.1231250000001 2532
719.6700000000001 2192
720.2168750000001 1936
720.7637500000001 1904
721.3106250000001 1736
721.8575000000001 1180
722.4043750000001 2696
722.9512500000001 2128
723.4981250000001 1488
724.0450000000001 2044
724.5918750000001 1744
725.1387500000001 2056
725.6856250000001 2140
726.2325000000001 1816
726.7793750000001 2104
727.3262500000001 1724
727.8731250000001 2112
728.4200000000001 1360
728.9668750000001 3788
729.5137500000001 1424
730.0606250000001 2348
730.6075000000001 2196
731.1543750000001 1644
731.7012500000001 1720
732.2481250000001 1716
732.7950000000001 2240
733.3418750000001 2352
733.8887500000001 2140
734.4356250000001 1400
734.9825000000001 1688
735.5293750000001 1972
736.0762500000001 1884
736.6231250000001 2240
737.1700000000001 1728
737.7168750000001 2324
738.2637500000001 2332
738.8106250000001 1716
739.3575000000001 2976
739.9043750000001 1840
740.4512500000001 1716
740.9981250000001 1540
741.5450000000001 1576
742.0918750000001 1376
742.6387500000001 2256
743.1856250000001 1864
743.7325000000001 1692
744.2793750000001 1880
744.8262500000001 1832
745.3731250000001 2416
745.9200000000001 3148
746.4668750000001 2180
747.0137500000001 2268
747.5606250000001 1420
748.1075000000001 1488
748.6543750000001 2032
749.2012500000001 2100
749.7481250000001 1844
750.2950000000001 1468
750.8418750000001 2104
751.3887500000001 1628
751.9356250000001 1956
752.4825000000001 1648
753.0293750000001 1428
753.5762500000001 1596
754.1231250000001 1508
754.6700000000001 1772
755.2168750000001 2752
755.7637500000001 1584
756.3106250000001 1152
756.8575000000001 2096
757.4043750000001 1868
757.9512500000001 1320
758.4981250000001 1456
759.0450000000001 2088
759.5918750000001 2220
760.1387500000001 2116
760.6856250000001 1296
761.2325000000001 2976
761.7793750000001 1972
762.3262500000001 2436
762.8731250000001 1840
763.4200000000001 1464
763.9668750000001 2068
764.5137500000001 1932
765.0606250000001 1880
765.6075000000001 2096
766.1543750000001 1844
766.7012500000001 2152
767.2481250000001 1812
767.7950000000001 1948
768.3418750000001 1692
768.8887500000001 2152
769.4356250000001 2244
769.9825000000001 1556
770.5293750000001 1668
771.0762500000001 2152
771.6231250000001 2096
772.1700000000001 1712
772.7168750000001 2112
773.2637500000001 2128
773.8106250000001 2056
774.3575000000001 1412
774.9043750000001 1332
775.4512500000001 2280
775.9981250000001 1816
776.5450000000001 1812
777.0918750000001 2008
777.6387500000001 1732
778.1856250000001 1876
778.7325000000001 2172
779.2793750000001 1636
779.8262500000001 2168
780.3731250000001 1804
780.9200000000001 2160
781.4668750000001 2492
782.0137500000001 1528
782.5606250000001 1716
783.1075000000001 2240
783.6543750000001 2284
784.2012500000001 2064
784.7481250000001 2148
785.2950000000001 1468
785.8418750000001 1944
786.3887500000001 1372
786.9356250000001 1652
787.4825000000001 1940
788.0293750000001 2108
788.5762500000001 2420
789.1231250000001 1832
789.6700000000001 1912
790.2168750000001 1976
790.7637500000001 1872
791.3106250000001 1628
791.8575000000001 1140
792.4043750000001 2332
792.9512500000001 1444
793.4981250000001 2092
794.0450000000001 2092
794.5918750000001 1844
795.1387500000001 1696
795.6856250000001 1864
796.2325000000001 2356
796.7793750000001 1712
797.3262500000001 1656
797.8731250000001 2000
798.4200000000001 1764
798.9668750000001 1688
799.5137500000001 1476
800.0606250000001 1932
800.6075000000001 1752
801.1543750000001 1352
801.7012500000001 2240
802.2481250000001 1544
802.7950000000001 2360
803.3418750000001 1872
803.8887500000001 1148
804.4356250000001 1872
804.9825000000001 2476
805.5293750000001 2420
806.0762500000001 1680
806.6231250000001 1404
807.1700000000001 2004
807.7168750000001 1892
808.2637500000001 2272
808.8106250000001 2096
809.3575000000001 1732
809.9043750000001 1968
810.4512500000001 1580
810.9981250000001 1988
811.5450000000001 2116
812.0918750000001 3640
812.6387500000001 1756
813.1856250000001 1580
813.7325000000001 2968
814.2793750000001 2040
814.8262500000001 1956
815.3731250000001 2356
815.9200000000001 2044
816.4668750000001 2196
817.0137500000001 2116
817.5606250000001 1572
818.1075000000001 2400
818.6543750000001 2224
819.2012500000001 2040
819.7481250000001 1464
820.2950000000001 1968
820.8418750000001 1392
821.3887500000001 2048
821.9356250000001 1536
822.4825000000001 1804
823.0293750000001 2128
823.5762500000001 1984
824.1231250000001 1656
824.6700000000001 1656
825.2168750000001 1512
825.7637500000001 1264
826.3106250000001 2616
826.8575000000001 1824
827.4043750000001 1544
827.9512500000001 1436
828.4981250000001 1648
829.0450000000001 2100
829.5918750000001 1956
830.1387500000001 1724
830.6856250000001 2332
831.2325000000001 1824
831.7793750000001 1948
832.3262500000001 2840
832.8731250000001 1892
833.4200000000001 1268
833.9668750000001 2200
834.5137500000001 2220
835.0606250000001 2180
835.6075000000001 1316
836.1543750000001 2228
836.7012500000001 2188
837.2481250000001 1548
837.7950000000001 1600
838.3418750000001 2776
838.8887500000001 1744
839.4356250000001 2476
839.9825000000001 2136
840.5293750000001 1620
841.0762500000001 1000
841.6231250000001 1760
842.1700000000001 1160
842.7168750000001 1732
843.2637500000001 1724
843.8106250000001 1524
844.3575000000001 1540
844.9043750000001 2020
845.4512500000001 2452
845.9981250000001 1812
846.5450000000001 1340
847.0918750000001 1352
847.6387500000001 2968
848.1856250000001 1684
848.7325000000001 2432
849.2793750000001 1840
849.8262500000001 1424
850.3731250000001 1124
850.9200000000001 2304
851.4668750000001 1320
852.0137500000001 1624
852.5606250000001 1736
853.1075000000001 2684
853.6543750000001 2124
854.2012500000001 1320
854.7481250000001 1800
855.2950000000001 1548
855.8418750000001 1828
856.3887500000001 1444
856.9356250000001 1776
857.4825000000001 1428
858.0293750000001 1936
858.5762500000001 1664
859.1231250000001 1568
859.6700000000001 2908
860.2168750000001 2228
860.7637500000001 1512
861.3106250000001 1804
861.8575000000001 1868
862.4043750000001 1560
862.9512500000001 2072
863.4981250000001 1712
864.0450000000001 2172
864.5918750000001 2192
865.1387500000001 1996
865.6856250000001 7832
866.2325000000001 1380
866.7793750000001 1640
867.3262500000001 1304
867.8731250000001 2136
868.4200000000001 1656
868.9668750000001 2152
869.5137500000001 1512
870.0606250000001 1720
870.6075000000001 1508
871.1543750000001 1744
871.7012500000001 1732
872.2481250000001 1524
872.7950000000001 1324
873.3418750000001 2436
873.8887500000001 1952
874.4356250000001 2324
874.9825000000001 2468
875.5293750000001 1772
876.0762500000001 1832
876.6231250000001 1300
877.1700000000001 1768
877.7168750000001 1388
878.2637500000001 2352
878.8106250000001 1828
879.3575000000001 1756
879.9043750000001 1600
880.4512500000001 1948
880.9981250000001 2936
881.5450000000001 1424
882.0918750000001 2808
882.6387500000001 1600
883.1856250000001 2428
883.7325000000001 1248
884.2793750000001 1532
884.8262500000001 2420
885.3731250000001 1476
885.9200000000001 1840
886.4668750000001 1904
887.0137500000001 2444
887.5606250000001 1636
888.1075000000001 1792
888.6543750000001 2076
889.2012500000001 1452
889.7481250000001 1616
890.2950000000001 1784
890.8418750000001 1692
891.3887500000001 2196
891.9356250000001 2684
892.4825000000001 1832
893.0293750000001 1988
893.5762500000001 1560
894.1231250000001 2488
894.6700000000001 1432
895.2168750000001 1748
895.7637500000001 2012
896.3106250000001 2264
896.8575000000001 1604
897.4043750000001 1752
897.9512500000001 1828
898.4981250000001 1704
899.0450000000001 2140
899.5918750000001 1248
900.1387500000001 2124
900.6856250000001 1368
901.2325000000001 2324
901.7793750000001 1864
902.3262500000001 1820
902.8731250000001 1844
903.4200000000001 1860
903.9668750000001 1680
904.5137500000001 1824
905.0606250000001 1764
905.6075000000001 2640
906.1543750000001 2108
906.7012500000001 1408
907.2481250000001 1476
907.7950000000001 3040
908.3418750000001 1828
908.8887500000001 1848
909.4356250000001 1452
909.9825000000001 1952
910.5293750000001 2216
911.0762500000001 1820
911.6231250000001 1988
912.1700000000001 2260
912.7168750000001 2216
913.2637500000001 1904
913.8106250000001 2228
914.3575000000001 1500
914.9043750000001 1788
915.4512500000001 2784
915.9981250000001 1356
916.5450000000001 2404
917.0918750000001 2036
917.6387500000001 1748
918.1856250000001 2312
918.7325000000001 1844
919.2793750000001 1620
919.8262500000001 2284
920.3731250000001 1756
920.9200000000001 1336
921.4668750000001 2212
922.0137500000001 2220
922.5606250000001 1556
923.1075000000001 2428
923.6543750000001 1956
924.2012500000001 1764
924.7481250000001 1904
925.2950000000001 1668
925.8418750000001 1620
926.3887500000001 1976
926.9356250000001 2580
927.4825000000001 1380
928.0293750000001 1792
928.5762500000001 1864
929.1231250000001 1800
929.6700000000001 1208
930.2168750000001 1500
930.7637500000001 2528
931.3106250000001 2604
931.8575000000001 1848
932.4043750000001 1268
932.9512500000001 1700
933.4981250000001 1780
934.0450000000001 2240
934.5918750000001 1364
935.1387500000001 1876
935.6856250000001 2572
936.2325000000001 1752
936.7793750000001 1728
937.3262500000001 1732
937.8731250000001 1884
938.4200000000001 1116
938.9668750000001 1644
939.5137500000001 1496
940.0606250000001 2168
940.6075000000001 2316
941.1543750000001 1660
941.7012500000001 1468
942.2481250000001 1876
942.7950000000001 1992
943.3418750000001 1796
943.8887500000001 3560
944.4356250000001 1332
944.9825000000001 1872
945.5293750000001 1776
946.0762500000001 1732
946.6231250000001 1944
947.1700000000001 1632
947.7168750000001 2676
948.2637500000001 1600
948.8106250000001 1440
949.3575000000001 1540
949.9043750000001 1976
950.4512500000001 1632
950.9981250000001 1684
951.5450000000001 1472
952.0918750000001 3288
952.6387500000001 1184
953.1856250000001 2180
953.7325000000001 2540
954.2793750000001 2020
954.8262500000001 2488
955.3731250000001 2104
955.9200000000001 1604
956.4668750000001 1324
957.0137500000001 1604
957.5606250000001 1328
958.1075000000001 1620
958.6543750000001 1828
959.2012500000001 1644
959.7481250000001 1832
960.2950000000001 2732
960.8418750000001 1900
961.3887500000001 1712
961.9356250000001 1812
962.4825000000001 2348
963.0293750000001 1720
963.5762500000001 1444
964.1231250000001 2220
964.6700000000001 1488
965.2168750000001 3220
965.7637500000001 1452
966.3106250000001 2624
966.8575000000001 1416
967.4043750000001 1632
967.9512500000001 1572
968.4981250000001 2228
969.0450000000001 2432
969.5918750000001 2452
970.1387500000001 3048
970.6856250000001 2268
971.2325000000001 1696
971.7793750000001 2016
972.3262500000001 1300
972.8731250000001 1916
973.4200000000001 1796
973.9668750000001 2852
974.5137500000001 1880
975.0606250000001 1948
975.6075000000001 2300
976.1543750000001 2212
976.7012500000001 2840
977.2481250000001 1612
977.7950000000001 1668
978.3418750000001 1684
978.8887500000001 1704
979.4356250000001 1892
979.9825000000001 2084
980.5293750000001 1716
981.0762500000001 1476
981.6231250000001 1944
982.1700000000001 1364
982.7168750000001 2044
983.2637500000001 2412
983.8106250000001 1504
984.3575000000001 1816
984.9043750000001 1672
985.4512500000001 1648
985.9981250000001 1604
986.5450000000001 1836
987.0918750000001 1680
987.6387500000001 1816
988.1856250000001 2336
988.7325000000001 1716
989.2793750000001 2216
989.8262500000001 2232
990.3731250000001 1368
990.9200000000001 1368
991.4668750000001 2396
992.0137500000001 1868
992.5606250000001 1676
993.1075000000001 2264
993.6543750000001 1928
994.2012500000001 1536
994.7481250000001 2404
995.2950000000001 1672
995.8418750000001 2152
996.3887500000001 1532
996.9356250000001 2008
997.4825000000001 1656
998.0293750000001 1960
998.5762500000001 1716
999.1231250000001 1192
999.6700000000001 1748
1000.2168750000001 2036
1000.7637500000001 1748
1001.3106250000001 1852
1001.8575000000001 1948
1002.4043750000001 2720
1002.9512500000001 1980
1003.4981250000001 1776
1004.0450000000001 1292
1004.5918750000001 2896
1005.1387500000001 2200
1005.6856250000001 1428
1006.2325000000001 1816
1006.7793750000001 1512
1007.3262500000001 2532
1007.8731250000001 1652
1008.4200000000001 1520
1008.9668750000001 2576
1009.5137500000001 1604
1010.0606250000001 1748
1010.6075000000001 1900
1011.1543750000001 1992
1011.7012500000001 2576
1012.2481250000001 1764
1012.7950000000001 1460
1013.3418750000001 1540
1013.8887500000001 2672
1014.4356250000001 1800
1014.9825000000001 1852
1015.5293750000001 2152
1016.0762500000001 2444
1016.6231250000001 2176
1017.1700000000001 1652
1017.7168750000001 2284
1018.2637500000001 2168
1018.8106250000001 1872
1019.3575000000001 1384
1019.9043750000001 2400
1020.4512500000001 1716
1020.9981250000001 1864
1021.5450000000001 1504
1022.0918750000001 2032
1022.6387500000001 2104
1023.1856250000001 1632
1023.7325000000001 2060
1024.279375 2196
1024.82625 1464
1025.373125 2732
1025.92 1648
1026.466875 1496
1027.01375 1532
1027.560625 2036
1028.1075 1496
1028.654375 1564
1029.20125 1324
1029.748125 1708
1030.295 1356
1030.841875 1452
1031.38875 1288
1031.935625 1780
1032.4825 1700
1033.029375 2356
1033.57625 1664
1034.123125 1780
1034.67 2464
1035.216875 1956
1035.76375 2740
1036.310625 2076
1036.8575 2172
1037.404375 2512
1037.95125 2376
1038.498125 2536
1039.045 2176
1039.591875 1648
1040.13875 1788
1040.685625 1892
1041.2325 3156
1041.779375 1944
1042.32625 1908
1042.873125 2004
1043.42 1940
1043.966875 1672
1044.51375 2012
1045.060625 1992
1045.6075 1504
1046.154375 2032
1046.70125 2252
1047.248125 1640
1047.795 1372
1048.341875 2236
1048.88875 1508
1049.435625 1804
1049.9825 1680
1050.529375 1492
1051.07625 2048
1051.623125 2452
1052.17 1076
1052.716875 1732
1053.26375 1364
1053.810625 3080
1054.3575 1700
1054.904375 1900
1055.45125 2008
1055.998125 1804
1056.545 1892
1057.091875 1556
1057.63875 1440
1058.185625 1916
1058.7325 2192
1059.279375 1852
1059.82625 1584
1060.373125 2460
1060.92 1968
1061.466875 2172
1062.01375 1540
1062.560625 2956
1063.1075 2584
1063.654375 1648
1064.20125 2128
1064.748125 1340
1065.295 1872
1065.841875 2028
1066.38875 1876
1066.935625 1860
1067.4825 1776
1068.029375 2084
1068.57625 1972
1069.123125 2216
1069.67 2384
1070.216875 1188
1070.76375 2100
1071.310625 2416
1071.8575 2564
1072.404375 1992
1072.95125 1696
1073.498125 2752
1074.045 2012
1074.591875 2204
1075.13875 1852
1075.685625 3124
1076.2325 1504
1076.779375 2436
1077.32625 2388
1077.873125 2216
1078.42 1796
1078.966875 1788
1079.51375 2560
1080.060625 1764
1080.6075 1360
1081.154375 1612
1081.70125 1368
1082.248125 2468
1082.795 2564
1083.341875 1392
1083.88875 2472
1084.435625 2636
1084.9825 1724
1085.529375 1836
1086.07625 2180
1086.623125 1800
1087.17 2308
1087.716875 1512
1088.26375 1592
1088.810625 2192
1089.3575 2504
1089.904375 2244
1090.45125 1840
1090.998125 1524
1091.545 1640
1092.091875 1428
1092.63875 2840
1093.185625 1940
1093.7325 1300
1094.279375 2260
1094.82625 1936
1095.373125 1636
1095.92 2204
1096.466875 1788
1097.01375 1424
1097.560625 1764
1098.1075 2032
1098.654375 1256
1099.20125 1772
1099.748125 1404
1100.295 1940
1100.841875 1804
1101.38875 2000
1101.935625 2112
1102.4825 1864
1103.029375 2244
1103.57625 1712
1104.123125 1624
1104.67 2224
1105.216875 2144
1105.76375 2020
1106.310625 1608
1106.8575 2092
1107.404375 1944
1107.95125 2152
1108.498125 1996
1109.045 2304
1109.591875 2408
1110.13875 1764
1110.685625 1932
1111.2325 2084
1111.779375 2952
1112.32625 1716
1112.873125 2192
1113.42 2228
1113.966875 2100
1114.51375 1608
1115.060625 1868
1115.6075 1472
1116.154375 1796
1116.70125 2080
1117.248125 4012
1117.795 1764
1118.341875 1804
1118.88875 1192
1119.435625 1864
1119.9825 3028
1120.529375 1632
1121.07625 1332
1121.623125 1708
1122.17 2592
1122.716875 1660
1123.26375 1972
1123.810625 2936
1124.3575 1940
1124.904375 1580
1125.45125 1496
1125.998125 2016
1126.545 1416
1127.091875 1600
1127.63875 1756
1128.185625 1796
1128.7325 2456
1129.279375 2468
1129.82625 1960
1130.373125 1736
1130.92 2924
1131.466875 2556
1132.01375 2276
1132.560625 1700
1133.1075 2284
1133.654375 2344
1134.20125 2068
1134.748125 2184
1135.295 2640
1135.841875 1648
1136.38875 1244
1136.935625 1824
1137.4825 1604
1138.029375 2828
1138.57625 1980
1139.123125 1760
1139.67 1520
1140.216875 1756
1140.76375 1760
1141.310625 1928
1141.8575 1764
1142.404375 1928
1142.95125 1676
1143.498125 1640
1144.045 2300
1144.591875 2380
1145.13875 1764
1145.685625 2380
1146.2325 2032
1146.779375 1708
1147.32625 2660
1147.873125 2404
1148.42 2408
1148.966875 1536
1149.51375 2232
1150.060625 2268
1150.6075 2396
1151.154375 1708
1151.70125 1440
1152.248125 1644
1152.795 1284
1153.341875 1948
1153.88875 2508
1154.435625 2456
1154.9825 1840
1155.529375 2144
1156.07625 1808
1156.623125 1476
1157.17 1820
1157.716875 1872
1158.26375 1408
1158.810625 1608
1159.3575 2096
1159.904375 2012
1160.45125 1900
1160.998125 1876
1161.545 2016
1162.091875 1520
1162.63875 2556
1163.185625 1944
1163.7325 2904
1164.279375 1684
1164.82625 1752
1165.373125 1716
1165.92 1720
1166.466875 2512
1167.01375 1624
1167.560625 1680
1168.1075 2132
1168.654375 2852
1169.20125 1700
1169.748125 2088
1170.295 1644
1170.841875 1412
1171.38875 1628
1171.935625 1464
1172.4825 2412
1173.029375 1676
1173.57625 1732
1174.123125 2628
1174.67 2440
1175.216875 2808
1175.76375 1936
1176.310625 2388
1176.8575 1892
1177.404375 2240
1177.95125 2400
1178.498125 1996
1179.045 2044
1179.591875 1716
1180.13875 1728
1180.685625 2936
1181.2325 1540
1181.779375 2388
1182.32625 1596
1182.873125 1756
1183.42 1712
1183.966875 1552
1184.51375 2168
1185.060625 1544
1185.6075 1916
1186.154375 2108
1186.70125 1280
1187.248125 2348
1187.795 1504
1188.341875 2352
1188.88875 1656
1189.435625 1600
1189.9825 1936
1190.529375 1896
1191.07625 1784
1191.623125 2612
1192.17 1804
1192.716875 1536
1193.26375 2040
1193.810625 1716
1194.3575 1224
1194.904375 2096
1195.45125 2044
1195.998125 2236
1196.545 1864
1197.091875 1316
1197.63875 1644
1198.185625 1680
1198.7325 2048
1199.279375 1332
1199.82625 2552
1200.373125 2336
1200.92 2588
1201.466875 1960
1202.01375 2132
1202.560625 1652
1203.1075 1872
1203.654375 1976
1204.20125 1468
1204.748125 1860
1205.295 1916
1205.841875 2136
1206.38875 1584
1206.935625 1932
1207.4825 2180
1208.029375 1992
1208.57625 1588
1209.123125 1156
1209.67 2132
1210.216875 2340
1210.76375 2068
1211.310625 2864
1211.8575 2112
1212.404375 1700
1212.95125 2008
1213.498125 1464
1214.045 1720
1214.591875 1716
1215.13875 2048
1215.685625 2084
1216.2325 1872
1216.779375 2280
1217.32625 2724
1217.873125 2068
1218.42 2500
1218.966875 2436
1219.51375 1488
1220.060625 1972
1220.6075 2148
1221.154375 1588
1221.70125 2216
1222.248125 1608
1222.795 2028
1223.341875 1940
1223.88875 2244
1224.435625 2072
1224.9825 2008
1225.529375 2660
1226.07625 1716
1226.623125 2172
1227.17 2308
1227.716875 2120
1228.26375 2436
1228.810625 2328
1229.3575 2328
1229.904375 2764
1230.45125 2296
1230.998125 2008
1231.545 2528
1232.091875 1848
1232.63875 1860
1233.185625 1916
1233.7325 3176
1234.279375 1644
1234.82625 1728
1235.373125 1904
1235.92 2176
1236.466875 2368
1237.01375 1472
1237.560625 1712
1238.1075 1884
1238.654375 2304
1239.20125 2300
1239.748125 1804
1240.295 1636
1240.841875 1640
1241.38875 1932
1241.935625 1668
1242.4825 2104
1243.029375 2192
1243.57625 1356
1244.123125 1948
1244.67 3012
1245.216875 1804
1245.76375 2408
1246.310625 2424
1246.8575 1820
1247.404375 1892
1247.95125 2408
1248.498125 2668
1249.045 2448
1249.591875 1856
1250.13875 1660
1250.685625 1624
1251.2325 2056
1251.779375 2296
1252.32625 1908
1252.873125 2500
1253.42 2156
1253.966875 1500
1254.51375 1904
1255.060625 2500
1255.6075 1312
1256.154375 1684
1256.70125 1392
1257.248125 1940
1257.795 2336
1258.341875 2600
1258.88875 2304
1259.435625 1848
1259.9825 1736
1260.529375 2584
1261.07625 2356
1261.623125 2368
1262.17 2280
1262.716875 1556
1263.26375 2452
1263.810625 2936
1264.3575 2684
1264.904375 1920
1265.45125 1644
1265.998125 1708
1266.545 1840
1267.091875 2004
1267.63875 2412
1268.185625 1644
1268.7325 2288
1269.279375 3252
1269.82625 2492
1270.373125 1912
1270.92 1596
1271.466875 2408
1272.01375 1972
1272.560625 1936
1273.1075 1760
1273.654375 1680
1274.20125 2288
1274.748125 1792
1275.295 1948
1275.841875 1824
1276.38875 2336
1276.935625 2216
1277.4825 1416
1278.029375 2360
1278.57625 2472
1279.123125 2012
1279.67 1884
1280.216875 1408
1280.76375 1840
1281.310625 1808
1281.8575 2000
1282.404375 1916
1282.95125 2104
1283.498125 1880
1284.045 1880
1284.591875 2060
1285.13875 1912
1285.685625 1920
1286.2325 1880
1286.779375 1620
1287.32625 2092
1287.873125 1780
1288.42 2076
1288.966875 1848
1289.51375 2772
1290.060625 1348
1290.6075 3308
1291.154375 2280
1291.70125 2236
1292.248125 2008
1292.795 2264
1293.341875 2812
1293.88875 2520
1294.435625 1888
1294.9825 2196
1295.529375 1960
1296.07625 1776
1296.623125 2140
1297.17 2284
1297.716875 3068
1298.26375 2684
1298.810625 2188
1299.3575 2656
1299.904375 2132
1300.45125 1684
1300.998125 2228
1301.545 2548
1302.091875 1776
1302.63875 2092
1303.185625 2028
1303.7325 1788
1304.279375 2304
1304.82625 2492
1305.373125 2428
1305.92 2500
1306.466875 2384
1307.01375 2440
1307.560625 1844
1308.1075 3288
1308.654375 2300
1309.20125 2512
1309.748125 2540
1310.295 1636
1310.841875 1928
1311.38875 2508
1311.935625 2908
1312.4825 1988
1313.029375 1976
1313.57625 2428
1314.123125 2396
1314.67 2232
1315.216875 2128
1315.76375 1524
1316.310625 1788
1316.8575 1708
1317.404375 2680
1317.95125 2452
1318.498125 1820
1319.045 2588
1319.591875 2180
1320.13875 2024
1320.685625 2052
1321.2325 2848
1321.779375 2128
1322.32625 2068
1322.873125 1996
1323.42 2456
1323.966875 1968
1324.51375 1676
1325.060625 2320
1325.6075 2108
1326.154375 2268
1326.70125 2560
1327.248125 1968
1327.795 2504
1328.341875 2132
1328.88875 2088
1329.435625 2040
1329.9825 2308
1330.529375 2104
1331.07625 1848
1331.623125 2772
1332.17 1688
1332.716875 1684
1333.26375 1648
1333.810625 2236
1334.3575 2596
1334.904375 2404
1335.45125 2052
1335.998125 3024
1336.545 2408
1337.091875 1920
1337.63875 2328
1338.185625 2104
1338.7325 1940
1339.279375 2376
1339.82625 2260
1340.373125 1628
1340.92 2536
1341.466875 1868
1342.01375 2096
1342.560625 2448
1343.1075 2516
1343.654375 2196
1344.20125 2152
1344.748125 2668
1345.295 2896
1345.841875 2000
1346.38875 2184
1346.935625 1920
1347.4825 2412
1348.029375 2268
1348.57625 2348
1349.123125 2324
1349.67 2188
1350.216875 2716
1350.76375 1960
1351.310625 2340
1351.8575 2036
1352.404375 2688
1352.95125 2216
1353.498125 1884
1354.045 3244
1354.591875 2416
1355.13875 2320
1355.685625 2252
1356.2325 1884
1356.779375 2380
1357.32625 2384
1357.873125 2644
1358.42 2076
1358.966875 2768
1359.51375 2384
1360.060625 2684
1360.6075 2940
1361.154375 2452
1361.70125 2696
1362.248125 2124
1362.795 2568
1363.341875 2952
1363.88875 2532
1364.435625 2464
1364.9825 3024
1365.529375 2288
1366.07625 3344
1366.623125 2656
1367.17 2940
1367.716875 2312
1368.26375 2172
1368.810625 2496
1369.3575 3096
1369.904375 2816
1370.45125 2264
1370.998125 2432
1371.545 2596
1372.091875 4016
1372.63875 2440
1373.185625 3520
1373.7325 2548
1374.279375 2268
1374.82625 2628
1375.373125 2976
1375.92 3020
1376.466875 2576
1377.01375 2700
1377.560625 2628
1378.1075 2896
1378.654375 2928
1379.20125 2704
1379.748125 2480
1380.295 2740
1380.841875 3076
1381.38875 2412
1381.935625 2576
1382.4825 3264
1383.029375 2060
1383.57625 2732
1384.123125 2644
1384.67 2764
1385.216875 2896
1385.76375 2528
1386.310625 2864
1386.8575 3008
1387.404375 2960
1387.95125 2856
1388.498125 2608
1389.045 3088
1389.591875 2868
1390.13875 3252
1390.685625 2556
1391.2325 3728
1391.779375 2984
1392.32625 3216
1392.873125 3296
1393.42 3104
1393.966875 3480
1394.51375 2996
1395.060625 4696
1395.6075 3848
1396.154375 2832
1396.70125 3112
1397.248125 3200
1397.795 3684
1398.341875 2652
1398.88875 3500
1399.435625 3260
1399.9825 3588
1400.529375 2996
1401.07625 3280
1401.623125 3924
1402.17 3488
1402.716875 3376
1403.26375 3940
1403.810625 3128
1404.3575 3440
1404.904375 3716
1405.45125 3744
1405.998125 3624
1406.545 3688
1407.091875 3392
1407.63875 3516
1408.185625 4580
1408.7325 3836
1409.279375 4280
1409.82625 3392
1410.373125 3756
1410.92 4596
1411.466875 4544
1412.01375 3720
1412.560625 4412
1413.1075 4560
1413.654375 4124
1414.20125 4916
1414.748125 4164
1415.295 4388
1415.841875 5272
1416.38875 4808
1416.935625 5808
1417.4825 5344
1418.029375 5156
1418.57625 5484
1419.123125 5324
