299.67 34.4
300.216875 35.6
300.76375 24.8
301.310625 7.2
301.8575 12.4
302.404375 11.2
302.95125 31.6
303.498125 39.6
304.045 44.4
304.591875 62.0
305.13875 64.8
305.685625 62.0
306.2325 81.6
306.779375 97.2
307.32625 114.0
307.873125 111.6
308.42 112.8
308.966875 105.6
309.51375 90.4
310.060625 66.0
310.6075 88.4
311.154375 92.0
311.70125 72.8
312.248125 66.0
312.795 48.8
313.341875 46.0
313.88875 46.4
314.435625 61.6
314.9825 86.8
315.529375 113.6
316.07625 83.6
316.623125 88.4
317.17 100.0
317.716875 114.0
318.26375 114.4
318.810625 134.4
319.3575 112.8
319.904375 102.4
320.45125 91.2
320.998125 99.6
321.545 130.8
322.091875 139.2
322.63875 145.6
323.185625 146.0
323.7325 160.0
324.279375 155.2
324.82625 177.2
325.373125 190.8
325.92 171.6
326.466875 173.2
327.01375 144.8
327.560625 146.8
328.1075 152.0
328.654375 159.6
329.20125 160.0
329.748125 162.4
330.295 149.6
330.841875 151.6
331.38875 154.0
331.935625 138.4
332.4825 155.2
333.029375 138.8
333.57625 116.0
334.123125 107.6
334.67 112.0
335.216875 119.6
335.76375 113.6
336.310625 111.6
336.8575 137.6
337.404375 146.8
337.95125 127.6
338.498125 127.6
339.045 130.8
339.591875 144.4
340.13875 130.8
340.685625 125.6
341.2325 134.8
341.779375 128.4
342.32625 110.0
342.873125 120.4
343.42 145.2
343.966875 196.0
344.51375 200.8
345.060625 190.4
345.6075 198.0
346.154375 193.2
346.70125 197.6
347.248125 197.6
347.795 197.6
348.341875 200.8
348.88875 200.8
349.435625 164.0
349.9825 165.6
350.529375 158.0
351.07625 156.4
351.623125 145.6
352.17 102.4
352.716875 112.4
353.26375 127.2
353.810625 107.2
354.3575 112.4
354.904375 112.0
355.45125 103.2
355.998125 109.6
356.545 110.4
357.091875 124.8
357.63875 180.8
358.185625 167.2
358.7325 171.2
359.279375 162.8
359.82625 133.2
360.373125 124.8
360.92 117.6
361.466875 114.4
362.01375 130.4
362.560625 134.4
363.1075 123.2
363.654375 140.4
364.20125 140.4
364.748125 174.0
365.295 204.4
365.841875 217.6
366.38875 251.2
366.935625 261.6
367.4825 248.8
368.029375 227.2
368.57625 226.8
369.123125 196.4
369.67 190.0
370.216875 182.4
370.76375 171.2
371.310625 168.0
371.8575 137.2
372.404375 144.4
372.95125 125.6
373.498125 154.8
374.045 149.2
374.591875 155.2
375.13875 160.8
375.685625 166.4
376.2325 177.6
376.779375 159.2
377.32625 184.0
377.873125 168.8
378.42 190.0
378.966875 171.2
379.51375 166.0
380.060625 170.8
380.6075 157.2
381.154375 160.0
381.70125 151.2
382.248125 174.8
382.795 170.4
383.341875 183.6
383.88875 184.8
384.435625 184.4
384.9825 187.2
385.529375 197.6
386.07625 227.6
386.623125 235.2
387.17 239.2
387.716875 234.8
388.26375 249.6
388.810625 240.8
389.3575 249.6
389.904375 256.8
390.45125 283.2
390.998125 294.4
391.545 274.0
392.091875 240.0
392.63875 263.6
393.185625 283.2
393.7325 266.4
394.279375 280.0
394.82625 288.4
395.373125 286.0
395.92 285.6
396.466875 294.4
397.01375 308.8
397.560625 336.8
398.1075 325.6
398.654375 330.4
399.20125 344.8
399.748125 352.8
400.295 348.8
400.841875 366.4
401.38875 374.0
401.935625 384.4
402.4825 412.8
403.029375 410.4
403.57625 414.8
404.123125 418.0
404.67 413.2
405.216875 431.6
405.76375 450.8
406.310625 467.2
406.8575 476.4
407.404375 485.6
407.95125 470.8
408.498125 508.8
409.045 536.8
409.591875 526.0
410.13875 552.4
410.685625 548.8
411.2325 556.8
411.779375 565.2
412.32625 559.6
412.873125 576.0
413.42 604.4
413.966875 612.8
414.51375 614.4
415.060625 650.4
415.6075 676.8
416.154375 721.2
416.70125 739.2
417.248125 783.2
417.795 818.4
418.341875 846.0
418.88875 865.2
419.435625 906.4
419.9825 954.0
420.529375 1001.6
421.07625 1064.8
421.623125 1093.6
422.17 1188.8
422.716875 1227.2
423.26375 1297.6
423.810625 1367.2
424.3575 1438.0
424.904375 1471.6
425.45125 1541.6
425.998125 1616.8
426.545 1669.2
427.091875 1735.2
427.63875 1772.0
428.185625 1856.8
428.7325 1912.8
429.279375 1963.2
429.82625 2037.6
430.373125 2121.6
430.92 2190.8
431.466875 2250.8
432.01375 2328.4
432.560625 2434.8
433.1075 2496.8
433.654375 2546.8
434.20125 2592.0
434.748125 2671.6
435.295 2747.6
435.841875 2833.6
436.38875 2917.2
436.935625 3000.8
437.4825 3059.6
438.029375 3102.4
438.57625 3184.8
439.123125 3274.8
439.67 3378.8
440.216875 3443.2
440.76375 3506.4
441.310625 3551.6
441.8575 3616.8
442.404375 3652.0
442.95125 3686.0
443.498125 3739.2
444.045 3752.0
444.591875 3772.0
445.13875 3802.4
445.685625 3831.2
446.2325 3877.2
446.779375 3918.4
447.32625 3954.0
447.873125 3994.8
448.42 4024.4
448.966875 4048.0
449.51375 4117.6
450.060625 4148.8
450.6075 4199.2
451.154375 4244.8
451.70125 4281.2
452.248125 4311.6
452.795 4347.2
453.341875 4386.4
453.88875 4472.0
454.435625 4509.2
454.9825 4552.4
455.529375 4626.8
456.07625 4656.8
456.623125 4694.4
457.17 4732.4
457.716875 4773.2
458.26375 4788.4
458.810625 4802.4
459.3575 4830.0
459.904375 4899.6
460.45125 4952.0
460.998125 4999.6
461.545 5066.8
462.091875 5149.2
462.63875 5233.6
463.185625 5318.4
463.7325 5426.0
464.279375 5514.4
464.82625 5606.4
465.373125 5707.6
465.92 5764.8
466.466875 5854.4
467.01375 5947.2
467.560625 6050.8
468.1075 6102.0
468.654375 6190.0
469.20125 6253.2
469.748125 6339.6
470.295 6412.8
470.841875 6497.6
471.38875 6644.4
471.935625 6702.4
472.4825 6766.4
473.029375 6836.4
473.57625 6933.2
474.123125 7048.8
474.67 7145.6
475.216875 7293.2
475.76375 7407.2
476.310625 7490.4
476.8575 7577.6
477.404375 7678.0
477.95125 7781.6
478.498125 7883.2
479.045 8009.2
479.591875 8094.0
480.13875 8191.6
480.685625 8240.4
481.2325 8338.4
481.779375 8470.0
482.32625 8523.2
482.873125 8680.4
483.42 8812.8
483.966875 8921.6
484.51375 9006.0
485.060625 9131.2
485.6075 9307.2
486.154375 9506.4
486.70125 9688.4
487.248125 9806.0
487.795 9981.6
488.341875 10114.0
488.88875 10292.0
489.435625 10506.8
489.9825 10718.8
490.529375 10916.4
491.07625 11062.4
491.623125 11222.8
492.17 11395.6
492.716875 11590.8
493.26375 11789.2
493.810625 12000.8
494.3575 12242.4
494.904375 12392.0
495.45125 12591.6
495.998125 12759.2
496.545 12978.0
497.091875 13181.2
497.63875 13326.0
498.185625 13532.4
498.7325 13729.6
499.279375 13849.2
499.82625 13945.2
500.373125 14135.2
500.92 14298.8
501.466875 14465.2
502.01375 14649.2
502.560625 14791.6
503.1075 14961.6
503.654375 15095.2
504.20125 15201.2
504.748125 15403.2
505.295 15564.8
505.841875 15670.0
506.38875 15804.4
506.935625 15932.8
507.4825 16023.6
508.029375 16108.0
508.57625 16242.4
509.123125 16354.8
509.67 16479.2
510.216875 16529.6
510.76375 16647.6
511.310625 16743.6
511.8575 16786.4
512.4043750000001 16830.8
512.9512500000001 16888.8
513.4981250000001 16959.6
514.0450000000001 17027.6
514.5918750000001 17092.4
515.1387500000001 17122.0
515.6856250000001 17172.0
516.2325000000001 17183.6
516.7793750000001 17230.4
517.3262500000001 17296.0
517.8731250000001 17373.6
518.4200000000001 17414.4
518.9668750000001 17444.0
519.5137500000001 17430.0
520.0606250000001 17416.0
520.6075000000001 17450.4
521.1543750000001 17515.6
521.7012500000001 17524.0
522.2481250000001 17543.2
522.7950000000001 17539.6
523.3418750000001 17542.0
523.8887500000001 17506.4
524.4356250000001 17551.2
524.9825000000001 17579.2
525.5293750000001 17586.0
526.0762500000001 17604.8
526.6231250000001 17604.4
527.1700000000001 17677.2
527.7168750000001 17736.8
528.2637500000001 17794.8
528.8106250000001 17787.6
529.3575000000001 17856.8
529.9043750000001 17856.4
530.4512500000001 17892.8
530.9981250000001 17918.4
531.5450000000001 17940.0
532.0918750000001 17992.4
532.6387500000001 17992.8
533.1856250000001 18007.2
533.7325000000001 18036.0
534.2793750000001 18112.4
534.8262500000001 18062.0
535.3731250000001 18160.4
535.9200000000001 18195.2
536.4668750000001 18289.2
537.0137500000001 18423.2
537.5606250000001 18469.6
538.1075000000001 18570.4
538.6543750000001 18628.8
539.2012500000001 18722.0
539.7481250000001 18838.4
540.2950000000001 19090.0
540.8418750000001 19206.8
541.3887500000001 19406.8
541.9356250000001 19577.2
542.4825000000001 19706.8
543.0293750000001 19905.2
543.5762500000001 20092.8
544.1231250000001 20321.2
544.6700000000001 20527.2
545.2168750000001 20799.2
545.7637500000001 20948.0
546.3106250000001 21129.6
546.8575000000001 21333.2
547.4043750000001 21492.0
547.9512500000001 21734.8
548.4981250000001 21974.0
549.0450000000001 22135.2
549.5918750000001 22345.2
550.1387500000001 22525.6
550.6856250000001 22680.8
551.2325000000001 22891.2
551.7793750000001 23052.8
552.3262500000001 23132.8
552.8731250000001 23388.4
553.4200000000001 23509.2
553.9668750000001 23651.6
554.5137500000001 23833.2
555.0606250000001 24010.4
555.6075000000001 24219.2
556.1543750000001 24410.8
556.7012500000001 24605.2
557.2481250000001 24879.2
557.7950000000001 25159.6
558.3418750000001 25374.0
558.8887500000001 25591.6
559.4356250000001 25839.6
559.9825000000001 26092.4
560.5293750000001 26264.4
561.0762500000001 26505.6
561.6231250000001 26764.0
562.1700000000001 26991.2
562.7168750000001 27226.4
563.2637500000001 27444.8
563.8106250000001 27606.0
564.3575000000001 27909.2
564.9043750000001 28081.6
565.4512500000001 28304.4
565.9981250000001 28588.8
566.5450000000001 28774.8
567.0918750000001 28963.6
567.6387500000001 29219.6
568.1856250000001 29391.2
568.7325000000001 29541.2
569.2793750000001 29764.8
569.8262500000001 29937.2
570.3731250000001 30153.2
570.9200000000001 30307.6
571.4668750000001 30522.4
572.0137500000001 30780.8
572.5606250000001 30954.0
573.1075000000001 31181.2
573.6543750000001 31406.4
574.2012500000001 31610.4
574.7481250000001 31858.0
575.2950000000001 32041.6
575.8418750000001 32230.0
576.3887500000001 32452.0
576.9356250000001 32671.6
577.4825000000001 32784.0
578.0293750000001 32956.8
578.5762500000001 33123.6
579.1231250000001 33326.0
579.6700000000001 33547.2
580.2168750000001 33708.4
580.7637500000001 33890.4
581.3106250000001 34097.6
581.8575000000001 34284.4
582.4043750000001 34455.2
582.9512500000001 34601.6
583.4981250000001 34742.4
584.0450000000001 34836.0
584.5918750000001 34953.6
585.1387500000001 35088.8
585.6856250000001 35200.4
586.2325000000001 35262.8
586.7793750000001 35376.8
587.3262500000001 35545.2
587.8731250000001 35546.0
588.4200000000001 35751.2
588.9668750000001 35914.4
589.5137500000001 35986.0
590.0606250000001 36073.2
590.6075000000001 36181.6
591.1543750000001 36288.0
591.7012500000001 36422.0
592.2481250000001 36470.4
592.7950000000001 36515.2
593.3418750000001 36693.6
593.8887500000001 36736.0
594.4356250000001 36793.6
594.9825000000001 36881.2
595.5293750000001 36961.6
596.0762500000001 37001.6
596.6231250000001 36966.0
597.1700000000001 36927.6
597.7168750000001 36999.2
598.2637500000001 36962.8
598.8106250000001 36888.0
599.3575000000001 36808.0
599.9043750000001 36774.4
600.4512500000001 36795.6
600.9981250000001 36789.2
601.5450000000001 36791.2
602.0918750000001 36881.6
602.6387500000001 37002.8
603.1856250000001 36904.8
603.7325000000001 36866.8
604.2793750000001 36820.8
604.8262500000001 36871.2
605.3731250000001 36811.2
605.9200000000001 36754.0
606.4668750000001 36738.0
607.0137500000001 36696.0
607.5606250000001 36659.6
608.1075000000001 36574.0
608.6543750000001 36636.8
609.2012500000001 36656.8
609.7481250000001 36614.4
610.2950000000001 36592.4
610.8418750000001 36629.6
611.3887500000001 36645.6
611.9356250000001 36560.0
612.4825000000001 36476.0
613.0293750000001 36390.8
613.5762500000001 36317.6
614.1231250000001 36220.8
614.6700000000001 36152.4
615.2168750000001 36103.2
615.7637500000001 36024.0
616.3106250000001 35888.8
616.8575000000001 35774.8
617.4043750000001 35680.4
617.9512500000001 35648.0
618.4981250000001 35575.6
619.0450000000001 35454.8
619.5918750000001 35391.6
620.1387500000001 35295.2
620.6856250000001 35225.6
621.2325000000001 35103.2
621.7793750000001 34994.0
622.3262500000001 34873.6
622.8731250000001 34818.8
623.4200000000001 34745.2
623.9668750000001 34641.6
624.5137500000001 34578.0
625.0606250000001 34446.0
625.6075000000001 34331.6
626.1543750000001 34273.2
626.7012500000001 34187.2
627.2481250000001 34165.2
627.7950000000001 34114.0
628.3418750000001 34027.6
628.8887500000001 33966.4
629.4356250000001 33923.6
629.9825000000001 33820.0
630.5293750000001 33796.4
631.0762500000001 33753.6
631.6231250000001 33678.0
632.1700000000001 33626.4
632.7168750000001 33572.0
633.2637500000001 33495.6
633.8106250000001 33345.2
634.3575000000001 33276.0
634.9043750000001 33115.6
635.4512500000001 33082.0
635.9981250000001 32939.2
636.5450000000001 32895.6
637.0918750000001 32765.2
637.6387500000001 32690.0
638.1856250000001 32607.6
638.7325000000001 32521.6
639.2793750000001 32484.4
639.8262500000001 32343.2
640.3731250000001 32356.8
640.9200000000001 32287.6
641.4668750000001 32253.6
642.0137500000001 32158.8
642.5606250000001 32174.8
643.1075000000001 32064.4
643.6543750000001 31990.0
644.2012500000001 31954.0
644.7481250000001 31941.6
645.2950000000001 31976.8
645.8418750000001 31950.4
646.3887500000001 31960.0
646.9356250000001 31980.4
647.4825000000001 32059.6
648.0293750000001 32085.2
648.5762500000001 32244.0
649.1231250000001 32266.8
649.6700000000001 32350.8
650.2168750000001 32377.6
650.7637500000001 32404.8
651.3106250000001 32473.6
651.8575000000001 32565.2
652.4043750000001 32574.0
652.9512500000001 32600.4
653.4981250000001 32611.2
654.0450000000001 32672.8
654.5918750000001 32749.6
655.1387500000001 32777.2
655.6856250000001 32852.8
656.2325000000001 32996.0
656.7793750000001 33066.4
657.3262500000001 33097.6
657.8731250000001 33163.2
658.4200000000001 33229.2
658.9668750000001 33372.0
659.5137500000001 33360.4
660.0606250000001 33435.2
660.6075000000001 33579.2
661.1543750000001 33704.8
661.7012500000001 33748.0
662.2481250000001 33821.6
662.7950000000001 33890.8
663.3418750000001 33962.0
663.8887500000001 34019.2
664.4356250000001 34038.4
664.9825000000001 34172.0
665.5293750000001 34264.4
666.0762500000001 34327.2
666.6231250000001 34339.2
667.1700000000001 34322.8
667.7168750000001 34379.6
668.2637500000001 34395.6
668.8106250000001 34506.8
669.3575000000001 34526.4
669.9043750000001 34532.4
670.4512500000001 34500.0
670.9981250000001 34519.6
671.5450000000001 34558.4
672.0918750000001 34558.4
672.6387500000001 34630.0
673.1856250000001 34620.8
673.7325000000001 34725.6
674.2793750000001 34733.6
674.8262500000001 34800.8
675.3731250000001 34900.4
675.9200000000001 35021.6
676.4668750000001 35094.8
677.0137500000001 35091.6
677.5606250000001 35202.4
678.1075000000001 35309.6
678.6543750000001 35385.2
679.2012500000001 35449.6
679.7481250000001 35558.8
680.2950000000001 35578.4
680.8418750000001 35587.2
681.3887500000001 35600.4
681.9356250000001 35616.0
682.4825000000001 35660.4
683.0293750000001 35736.0
683.5762500000001 35754.8
684.1231250000001 35743.6
684.6700000000001 35769.6
685.2168750000001 35825.6
685.7637500000001 35908.4
686.3106250000001 36016.8
686.8575000000001 36101.6
687.4043750000001 36130.0
687.9512500000001 36159.2
688.4981250000001 36223.6
689.0450000000001 36181.2
689.5918750000001 36284.8
690.1387500000001 36253.2
690.6856250000001 36177.2
691.2325000000001 36195.2
691.7793750000001 36124.0
692.3262500000001 36121.2
692.8731250000001 36194.0
693.4200000000001 36212.8
693.9668750000001 36216.8
694.5137500000001 36273.2
695.0606250000001 36228.4
695.6075000000001 36282.4
696.1543750000001 36455.6
696.7012500000001 36537.6
697.2481250000001 36621.6
697.7950000000001 36574.0
698.3418750000001 36565.2
698.8887500000001 36596.0
699.4356250000001 36636.4
699.9825000000001 36680.8
700.5293750000001 36781.6
701.0762500000001 36830.0
701.6231250000001 36775.6
702.1700000000001 36751.6
702.7168750000001 36763.6
703.2637500000001 36864.8
703.8106250000001 36875.6
704.3575000000001 36872.0
704.9043750000001 36848.8
705.4512500000001 36829.6
705.9981250000001 36777.6
706.5450000000001 36768.8
707.0918750000001 36717.2
707.6387500000001 36725.2
708.1856250000001 36774.8
708.7325000000001 36718.4
709.2793750000001 36747.6
709.8262500000001 36817.6
710.3731250000001 36797.2
710.9200000000001 36781.6
711.4668750000001 36830.8
712.0137500000001 36819.6
712.5606250000001 36868.0
713.1075000000001 36913.6
713.6543750000001 36775.2
714.2012500000001 36733.6
714.7481250000001 36635.2
715.2950000000001 36544.0
715.8418750000001 36516.0
716.3887500000001 36462.0
716.9356250000001 36367.2
717.4825000000001 36312.4
718.0293750000001 36194.8
718.5762500000001 36035.6
719.1231250000001 36039.2
719.6700000000001 36012.0
720.2168750000001 35911.2
720.7637500000001 35830.4
721.3106250000001 35704.4
721.8575000000001 35671.2
722.4043750000001 35572.0
722.9512500000001 35447.2
723.4981250000001 35395.6
724.0450000000001 35322.0
724.5918750000001 35186.0
725.1387500000001 35045.6
725.6856250000001 35068.4
726.2325000000001 34971.6
726.7793750000001 34925.2
727.3262500000001 34826.0
727.8731250000001 34759.2
728.4200000000001 34709.2
728.9668750000001 34654.4
729.5137500000001 34518.8
730.0606250000001 34467.2
730.6075000000001 34379.6
731.1543750000001 34270.4
731.7012500000001 34132.0
732.2481250000001 33980.0
732.7950000000001 33868.4
733.3418750000001 33686.0
733.8887500000001 33598.0
734.4356250000001 33410.8
734.9825000000001 33338.4
735.5293750000001 33218.8
736.0762500000001 33135.6
736.6231250000001 32923.6
737.1700000000001 32831.6
737.7168750000001 32704.0
738.2637500000001 32542.8
738.8106250000001 32446.4
739.3575000000001 32234.4
739.9043750000001 32132.8
740.4512500000001 31908.4
740.9981250000001 31728.8
741.5450000000001 31503.2
742.0918750000001 31364.0
742.6387500000001 31196.8
743.1856250000001 31008.0
743.7325000000001 30815.2
744.2793750000001 30586.0
744.8262500000001 30392.8
745.3731250000001 30112.0
745.9200000000001 29935.2
746.4668750000001 29687.6
747.0137500000001 29415.6
747.5606250000001 29126.4
748.1075000000001 28843.2
748.6543750000001 28577.6
749.2012500000001 28316.0
749.7481250000001 28042.4
750.2950000000001 27768.0
750.8418750000001 27469.2
751.3887500000001 27162.4
751.9356250000001 26872.0
752.4825000000001 26627.6
753.0293750000001 26377.6
753.5762500000001 26084.0
754.1231250000001 25758.0
754.6700000000001 25435.2
755.2168750000001 25200.8
755.7637500000001 24897.6
756.3106250000001 24720.0
756.8575000000001 24442.4
757.4043750000001 24197.6
757.9512500000001 24044.8
758.4981250000001 23896.4
759.0450000000001 23815.6
759.5918750000001 23789.2
760.1387500000001 23732.4
760.6856250000001 23680.4
761.2325000000001 23590.8
761.7793750000001 23513.6
762.3262500000001 23472.0
762.8731250000001 23462.4
763.4200000000001 23299.6
763.9668750000001 23183.2
764.5137500000001 22998.4
765.0606250000001 22800.0
765.6075000000001 22627.2
766.1543750000001 22425.2
766.7012500000001 22322.0
767.2481250000001 22116.8
767.7950000000001 21985.6
768.3418750000001 21813.2
768.8887500000001 21644.8
769.4356250000001 21467.2
769.9825000000001 21334.8
770.5293750000001 21148.0
771.0762500000001 21023.2
771.6231250000001 20926.4
772.1700000000001 20739.6
772.7168750000001 20615.2
773.2637500000001 20422.4
773.8106250000001 20239.2
774.3575000000001 20086.0
774.9043750000001 19908.8
775.4512500000001 19765.2
775.9981250000001 19666.0
776.5450000000001 19548.8
777.0918750000001 19331.6
777.6387500000001 19153.6
778.1856250000001 19008.4
778.7325000000001 18876.4
779.2793750000001 18792.4
779.8262500000001 18719.2
780.3731250000001 18632.4
780.9200000000001 18509.2
781.4668750000001 18448.4
782.0137500000001 18379.2
782.5606250000001 18372.8
783.1075000000001 18376.4
783.6543750000001 18312.0
784.2012500000001 18318.8
784.7481250000001 18209.6
785.2950000000001 18150.4
785.8418750000001 18112.8
786.3887500000001 18064.4
786.9356250000001 17936.0
787.4825000000001 17772.0
788.0293750000001 17608.0
788.5762500000001 17481.6
789.1231250000001 17351.6
789.6700000000001 17205.2
790.2168750000001 17086.0
790.7637500000001 16921.2
791.3106250000001 16773.6
791.8575000000001 16575.6
792.4043750000001 16475.6
792.9512500000001 16332.4
793.4981250000001 16149.6
794.0450000000001 15962.0
794.5918750000001 15759.6
795.1387500000001 15574.8
795.6856250000001 15403.2
796.2325000000001 15230.4
796.7793750000001 15044.8
797.3262500000001 14888.8
797.8731250000001 14643.6
798.4200000000001 14494.0
798.9668750000001 14351.6
799.5137500000001 14248.0
800.0606250000001 14131.6
800.6075000000001 14006.8
801.1543750000001 13859.2
801.7012500000001 13776.4
802.2481250000001 13675.6
802.7950000000001 13547.2
803.3418750000001 13458.8
803.8887500000001 13324.4
804.4356250000001 13233.6
804.9825000000001 13089.2
805.5293750000001 13011.2
806.0762500000001 12882.8
806.6231250000001 12780.8
807.1700000000001 12626.8
807.7168750000001 12467.2
808.2637500000001 12361.2
808.8106250000001 12280.8
809.3575000000001 12184.4
809.9043750000001 12103.6
810.4512500000001 12026.0
810.9981250000001 11930.8
811.5450000000001 11884.0
812.0918750000001 11811.2
812.6387500000001 11751.2
813.1856250000001 11699.6
813.7325000000001 11638.8
814.2793750000001 11558.8
814.8262500000001 11493.6
815.3731250000001 11399.2
815.9200000000001 11340.0
816.4668750000001 11258.0
817.0137500000001 11158.0
817.5606250000001 11082.8
818.1075000000001 11020.8
818.6543750000001 10981.2
819.2012500000001 10976.0
819.7481250000001 10925.6
820.2950000000001 10890.8
820.8418750000001 10849.6
821.3887500000001 10807.2
821.9356250000001 10764.4
822.4825000000001 10719.6
823.0293750000001 10715.6
823.5762500000001 10673.6
824.1231250000001 10601.6
824.6700000000001 10545.2
825.2168750000001 10515.2
825.7637500000001 10428.8
826.3106250000001 10386.8
826.8575000000001 10354.0
827.4043750000001 10323.6
827.9512500000001 10290.0
828.4981250000001 10256.8
829.0450000000001 10249.6
829.5918750000001 10228.0
830.1387500000001 10154.8
830.6856250000001 10126.4
831.2325000000001 10114.8
831.7793750000001 10070.4
832.3262500000001 9987.6
832.8731250000001 9921.2
833.4200000000001 9832.0
833.9668750000001 9776.0
834.5137500000001 9668.0
835.0606250000001 9636.4
835.6075000000001 9594.0
836.1543750000001 9565.6
836.7012500000001 9535.6
837.2481250000001 9517.2
837.7950000000001 9493.6
838.3418750000001 9409.6
838.8887500000001 9407.6
839.4356250000001 9343.2
839.9825000000001 9332.0
840.5293750000001 9236.8
841.0762500000001 9177.2
841.6231250000001 9071.6
842.1700000000001 8998.0
842.7168750000001 8906.4
843.2637500000001 8831.6
843.8106250000001 8790.0
844.3575000000001 8728.4
844.9043750000001 8646.8
845.4512500000001 8564.0
845.9981250000001 8558.4
846.5450000000001 8485.2
847.0918750000001 8446.0
847.6387500000001 8392.8
848.1856250000001 8325.2
848.7325000000001 8254.0
849.2793750000001 8257.6
849.8262500000001 8181.6
850.3731250000001 8161.2
850.9200000000001 8125.6
851.4668750000001 8059.6
852.0137500000001 8029.6
852.5606250000001 7956.4
853.1075000000001 7935.6
853.6543750000001 7931.2
854.2012500000001 7946.0
854.7481250000001 7852.8
855.2950000000001 7826.0
855.8418750000001 7778.8
856.3887500000001 7742.8
856.9356250000001 7734.4
857.4825000000001 7708.4
858.0293750000001 7689.6
858.5762500000001 7634.4
859.1231250000001 7581.6
859.6700000000001 7575.6
860.2168750000001 7566.0
860.7637500000001 7586.0
861.3106250000001 7538.8
861.8575000000001 7490.4
862.4043750000001 7427.2
862.9512500000001 7383.6
863.4981250000001 7358.0
864.0450000000001 7354.4
864.5918750000001 7356.8
865.1387500000001 7305.2
865.6856250000001 7293.6
866.2325000000001 7240.0
866.7793750000001 7233.2
867.3262500000001 7233.2
867.8731250000001 7179.6
868.4200000000001 7172.4
868.9668750000001 7189.2
869.5137500000001 7154.4
870.0606250000001 7098.0
870.6075000000001 7055.2
871.1543750000001 7082.8
871.7012500000001 7094.4
872.2481250000001 7072.0
872.7950000000001 7069.6
873.3418750000001 7075.6
873.8887500000001 7058.4
874.4356250000001 7018.8
874.9825000000001 6995.2
875.5293750000001 7017.6
876.0762500000001 7000.8
876.6231250000001 6937.6
877.1700000000001 6861.2
877.7168750000001 6850.4
878.2637500000001 6793.6
878.8106250000001 6794.8
879.3575000000001 6776.4
879.9043750000001 6745.2
880.4512500000001 6708.8
880.9981250000001 6672.8
881.5450000000001 6626.0
882.0918750000001 6627.2
882.6387500000001 6642.4
883.1856250000001 6612.0
883.7325000000001 6612.4
884.2793750000001 6571.6
884.8262500000001 6542.0
885.3731250000001 6512.4
885.9200000000001 6488.0
886.4668750000001 6444.8
887.0137500000001 6411.2
887.5606250000001 6353.2
888.1075000000001 6314.0
888.6543750000001 6287.6
889.2012500000001 6269.6
889.7481250000001 6275.6
890.2950000000001 6264.4
890.8418750000001 6271.2
891.3887500000001 6284.0
891.9356250000001 6310.8
892.4825000000001 6348.8
893.0293750000001 6347.2
893.5762500000001 6332.8
894.1231250000001 6301.6
894.6700000000001 6307.2
895.2168750000001 6284.8
895.7637500000001 6264.0
896.3106250000001 6239.6
896.8575000000001 6229.2
897.4043750000001 6220.4
897.9512500000001 6215.6
898.4981250000001 6208.4
899.0450000000001 6194.8
899.5918750000001 6211.2
900.1387500000001 6173.2
900.6856250000001 6144.0
901.2325000000001 6128.0
901.7793750000001 6112.8
902.3262500000001 6068.4
902.8731250000001 6020.0
903.4200000000001 5976.4
903.9668750000001 5943.6
904.5137500000001 5916.8
905.0606250000001 5899.6
905.6075000000001 5904.0
906.1543750000001 5910.4
906.7012500000001 5918.0
907.2481250000001 5903.2
907.7950000000001 5856.4
908.3418750000001 5832.4
908.8887500000001 5818.8
909.4356250000001 5797.2
909.9825000000001 5786.8
910.5293750000001 5757.6
911.0762500000001 5734.8
911.6231250000001 5710.8
912.1700000000001 5705.6
912.7168750000001 5715.6
913.2637500000001 5742.4
913.8106250000001 5744.4
914.3575000000001 5716.0
914.9043750000001 5706.4
915.4512500000001 5702.0
915.9981250000001 5699.2
916.5450000000001 5639.2
917.0918750000001 5617.2
917.6387500000001 5557.6
918.1856250000001 5483.2
918.7325000000001 5462.0
919.2793750000001 5426.4
919.8262500000001 5416.0
920.3731250000001 5418.0
920.9200000000001 5374.4
921.4668750000001 5362.0
922.0137500000001 5357.6
922.5606250000001 5305.6
923.1075000000001 5292.4
923.6543750000001 5308.8
924.2012500000001 5292.8
924.7481250000001 5267.2
925.2950000000001 5243.2
925.8418750000001 5215.2
926.3887500000001 5204.8
926.9356250000001 5138.4
927.4825000000001 5115.2
928.0293750000001 5079.2
928.5762500000001 5067.2
929.1231250000001 4984.4
929.6700000000001 4952.8
930.2168750000001 4912.4
930.7637500000001 4872.0
931.3106250000001 4802.8
931.8575000000001 4751.2
932.4043750000001 4718.4
932.9512500000001 4676.0
933.4981250000001 4688.4
934.0450000000001 4647.6
934.5918750000001 4662.8
935.1387500000001 4612.0
935.6856250000001 4580.0
936.2325000000001 4574.0
936.7793750000001 4605.6
937.3262500000001 4595.6
937.8731250000001 4580.8
938.4200000000001 4562.4
938.9668750000001 4469.2
939.5137500000001 4454.0
940.0606250000001 4402.4
940.6075000000001 4410.8
941.1543750000001 4423.6
941.7012500000001 4357.2
942.2481250000001 4303.2
942.7950000000001 4288.4
943.3418750000001 4276.4
943.8887500000001 4252.0
944.4356250000001 4289.2
944.9825000000001 4253.2
945.5293750000001 4238.8
946.0762500000001 4178.4
946.6231250000001 4145.6
947.1700000000001 4163.2
947.7168750000001 4126.0
948.2637500000001 4109.2
948.8106250000001 4095.2
949.3575000000001 4107.2
949.9043750000001 4105.6
950.4512500000001 4107.6
950.9981250000001 4089.6
951.5450000000001 4101.2
952.0918750000001 4073.2
952.6387500000001 4028.4
953.1856250000001 4006.0
953.7325000000001 3988.4
954.2793750000001 3969.6
954.8262500000001 3915.2
955.3731250000001 3853.6
955.9200000000001 3803.2
956.4668750000001 3793.2
957.0137500000001 3750.4
957.5606250000001 3744.0
958.1075000000001 3743.6
958.6543750000001 3747.2
959.2012500000001 3714.0
959.7481250000001 3672.4
960.2950000000001 3682.8
960.8418750000001 3690.8
961.3887500000001 3658.4
961.9356250000001 3630.4
962.4825000000001 3658.4
963.0293750000001 3642.4
963.5762500000001 3608.0
964.1231250000001 3574.8
964.6700000000001 3552.0
965.2168750000001 3549.6
965.7637500000001 3526.8
966.3106250000001 3461.2
966.8575000000001 3490.4
967.4043750000001 3467.6
967.9512500000001 3427.2
968.4981250000001 3422.0
969.0450000000001 3419.6
969.5918750000001 3396.4
970.1387500000001 3379.6
970.6856250000001 3387.2
971.2325000000001 3338.4
971.7793750000001 3322.4
972.3262500000001 3306.4
972.8731250000001 3277.6
973.4200000000001 3240.4
973.9668750000001 3202.8
974.5137500000001 3158.0
975.0606250000001 3137.2
975.6075000000001 3101.6
976.1543750000001 3065.6
976.7012500000001 3056.4
977.2481250000001 3072.8
977.7950000000001 3041.6
978.3418750000001 3025.6
978.8887500000001 2994.0
979.4356250000001 2961.6
979.9825000000001 2961.6
980.5293750000001 2932.8
981.0762500000001 2924.0
981.6231250000001 2900.0
982.1700000000001 2900.0
982.7168750000001 2880.4
983.2637500000001 2841.2
983.8106250000001 2838.8
984.3575000000001 2817.2
984.9043750000001 2803.2
985.4512500000001 2792.0
985.9981250000001 2777.6
986.5450000000001 2740.0
987.0918750000001 2710.0
987.6387500000001 2680.4
988.1856250000001 2663.2
988.7325000000001 2634.4
989.2793750000001 2597.6
989.8262500000001 2590.8
990.3731250000001 2542.0
990.9200000000001 2509.6
991.4668750000001 2521.6
992.0137500000001 2527.2
992.5606250000001 2523.2
993.1075000000001 2508.8
993.6543750000001 2480.0
994.2012500000001 2473.2
994.7481250000001 2457.2
995.2950000000001 2433.2
995.8418750000001 2449.6
996.3887500000001 2414.8
996.9356250000001 2388.0
997.4825000000001 2340.8
998.0293750000001 2299.6
998.5762500000001 2251.6
999.1231250000001 2232.0
999.6700000000001 2176.0
1000.2168750000001 2172.4
1000.7637500000001 2162.4
1001.3106250000001 2103.6
1001.8575000000001 2090.8
1002.4043750000001 2058.0
1002.9512500000001 2045.2
1003.4981250000001 2013.2
1004.0450000000001 2002.4
1004.5918750000001 1986.8
1005.1387500000001 1978.4
1005.6856250000001 1936.0
1006.2325000000001 1889.2
1006.7793750000001 1890.0
1007.3262500000001 1868.8
1007.8731250000001 1837.6
1008.4200000000001 1797.6
1008.9668750000001 1778.0
1009.5137500000001 1765.2
1010.0606250000001 1719.2
1010.6075000000001 1725.2
1011.1543750000001 1708.4
1011.7012500000001 1688.0
1012.2481250000001 1656.8
1012.7950000000001 1630.0
1013.3418750000001 1601.6
1013.8887500000001 1628.0
1014.4356250000001 1615.6
1014.9825000000001 1578.0
1015.5293750000001 1576.4
1016.0762500000001 1523.6
1016.6231250000001 1500.0
1017.1700000000001 1499.2
1017.7168750000001 1479.6
1018.2637500000001 1450.8
1018.8106250000001 1423.6
1019.3575000000001 1375.6
1019.9043750000001 1358.0
1020.4512500000001 1330.4
1020.9981250000001 1300.0
1021.5450000000001 1285.6
1022.0918750000001 1267.6
1022.6387500000001 1237.2
1023.1856250000001 1226.0
1023.7325000000001 1206.4
1024.279375 1187.6
1024.82625 1181.2
1025.373125 1176.4
1025.92 1191.2
1026.466875 1174.8
1027.01375 1151.6
1027.560625 1133.6
1028.1075 1124.8
1028.654375 1110.0
1029.20125 1126.0
1029.748125 1110.8
1030.295 1096.0
1030.841875 1088.8
1031.38875 1071.6
1031.935625 1057.6
1032.4825 1080.8
1033.029375 1063.2
1033.57625 1079.2
1034.123125 1084.8
1034.67 1072.8
1035.216875 1088.0
1035.76375 1089.6
1036.310625 1069.6
1036.8575 1047.6
1037.404375 1055.2
1037.95125 1016.8
1038.498125 1026.0
1039.045 1000.0
1039.591875 966.0
1040.13875 930.8
1040.685625 922.8
1041.2325 900.8
1041.779375 888.4
1042.32625 884.8
1042.873125 882.4
1043.42 884.4
1043.966875 855.6
1044.51375 824.4
1045.060625 812.4
1045.6075 805.6
1046.154375 764.0
1046.70125 760.8
1047.248125 744.4
1047.795 730.8
1048.341875 697.6
1048.88875 658.0
1049.435625 661.2
1049.9825 635.2
1050.529375 631.2
1051.07625 653.2
1051.623125 668.8
1052.17 646.4
1052.716875 646.4
1053.26375 636.0
1053.810625 638.8
1054.3575 648.8
1054.904375 628.8
1055.45125 649.6
1055.998125 627.6
1056.545 580.8
1057.091875 547.6
1057.63875 540.8
1058.185625 525.6
1058.7325 521.6
1059.279375 492.8
1059.82625 516.8
1060.373125 505.2
1060.92 483.6
1061.466875 492.8
1062.01375 500.4
1062.560625 522.4
1063.1075 518.8
1063.654375 492.4
1064.20125 470.0
1064.748125 454.0
1065.295 422.0
1065.841875 422.8
1066.38875 430.8
1066.935625 426.8
1067.4825 428.0
1068.029375 388.8
1068.57625 393.2
1069.123125 410.4
1069.67 404.4
1070.216875 427.6
1070.76375 431.6
1071.310625 429.6
1071.8575 436.8
1072.404375 438.0
1072.95125 415.2
1073.498125 425.6
1074.045 395.6
1074.591875 379.6
1075.13875 380.4
1075.685625 372.8
1076.2325 360.8
1076.779375 345.2
1077.32625 318.8
1077.873125 295.6
1078.42 293.2
1078.966875 294.8
1079.51375 302.8
1080.060625 302.0
1080.6075 306.4
1081.154375 306.8
1081.70125 309.6
1082.248125 288.4
1082.795 286.4
1083.341875 280.4
1083.88875 278.0
1084.435625 289.2
1084.9825 288.8
1085.529375 290.0
1086.07625 268.8
1086.623125 242.8
1087.17 226.8
1087.716875 239.2
1088.26375 226.4
1088.810625 227.6
1089.3575 235.6
1089.904375 212.0
1090.45125 200.8
1090.998125 192.8
1091.545 192.8
1092.091875 205.2
1092.63875 197.6
1093.185625 192.0
1093.7325 212.4
1094.279375 197.2
1094.82625 192.4
1095.373125 189.6
1095.92 185.6
1096.466875 194.4
1097.01375 220.8
1097.560625 213.2
1098.1075 212.4
1098.654375 213.6
1099.20125 202.0
1099.748125 200.8
1100.295 195.6
1100.841875 175.2
1101.38875 179.6
1101.935625 164.4
1102.4825 140.0
1103.029375 129.6
1103.57625 138.8
1104.123125 121.2
1104.67 125.6
1105.216875 145.2
1105.76375 128.4
1106.310625 144.0
1106.8575 125.2
1107.404375 124.0
1107.95125 128.4
1108.498125 121.2
1109.045 129.6
1109.591875 142.8
1110.13875 131.6
1110.685625 125.2
1111.2325 127.2
1111.779375 139.2
1112.32625 158.8
1112.873125 152.4
1113.42 145.6
1113.966875 167.6
1114.51375 158.8
1115.060625 156.0
1115.6075 150.0
1116.154375 130.8
1116.70125 136.4
1117.248125 111.2
1117.795 114.4
1118.341875 102.4
1118.88875 85.2
1119.435625 60.8
1119.9825 70.8
1120.529375 65.2
1121.07625 78.0
1121.623125 76.4
1122.17 80.8
1122.716875 94.0
1123.26375 94.0
1123.810625 115.2
1124.3575 125.6
1124.904375 142.0
1125.45125 118.4
1125.998125 140.0
1126.545 132.0
1127.091875 132.8
1127.63875 124.0
1128.185625 144.8
1128.7325 140.0
1129.279375 115.2
1129.82625 120.0
1130.373125 99.2
1130.92 95.6
1131.466875 89.2
1132.01375 76.0
1132.560625 88.8
1133.1075 85.2
1133.654375 70.8
1134.20125 53.6
1134.748125 92.0
1135.295 95.2
1135.841875 105.2
1136.38875 107.2
1136.935625 114.4
1137.4825 115.2
1138.029375 105.2
1138.57625 108.0
1139.123125 83.2
1139.67 84.0
1140.216875 62.0
1140.76375 82.4
1141.310625 92.0
1141.8575 87.2
1142.404375 68.8
1142.95125 93.6
1143.498125 100.0
1144.045 93.2
1144.591875 90.4
1145.13875 82.4
1145.685625 66.4
1146.2325 29.6
1146.779375 18.8
1147.32625 20.0
1147.873125 16.0
1148.42 6.8
1148.966875 -14.0
1149.51375 -20.4
1150.060625 0.4
1150.6075 13.2
1151.154375 32.4
1151.70125 37.6
1152.248125 36.8
1152.795 65.6
1153.341875 88.0
1153.88875 71.2
1154.435625 84.8
1154.9825 90.0
1155.529375 80.8
1156.07625 60.0
1156.623125 44.8
1157.17 50.0
1157.716875 63.2
1158.26375 28.4
1158.810625 10.8
1159.3575 6.0
1159.904375 -1.6
1160.45125 28.8
1160.998125 25.2
1161.545 40.8
1162.091875 52.0
1162.63875 39.2
1163.185625 15.2
1163.7325 11.2
1164.279375 -2.4
1164.82625 -9.6
1165.373125 -3.6
1165.92 -18.0
1166.466875 2.4
1167.01375 26.0
1167.560625 11.2
1168.1075 15.2
1168.654375 30.8
1169.20125 50.0
1169.748125 60.0
1170.295 50.4
1170.841875 36.8
1171.38875 17.2
1171.935625 -9.2
1172.4825 -22.4
1173.029375 9.2
1173.57625 0.8
1174.123125 3.6
1174.67 -7.2
1175.216875 -7.2
1175.76375 18.4
1176.310625 27.2
1176.8575 34.8
1177.404375 48.0
1177.95125 47.2
1178.498125 18.8
1179.045 37.6
1179.591875 27.2
1180.13875 34.8
1180.685625 62.0
1181.2325 57.6
1181.779375 79.2
1182.32625 80.8
1182.873125 90.0
1183.42 97.2
1183.966875 107.2
1184.51375 120.8
1185.060625 123.6
1185.6075 130.4
1186.154375 107.6
1186.70125 136.0
1187.248125 136.8
1187.795 140.4
1188.341875 128.0
1188.88875 106.0
1189.435625 124.8
1189.9825 103.6
1190.529375 122.0
1191.07625 115.6
1191.623125 104.8
1192.17 101.6
1192.716875 94.0
1193.26375 105.2
1193.810625 142.0
1194.3575 157.6
1194.904375 148.0
1195.45125 143.6
1195.998125 118.4
1196.545 116.4
1197.091875 126.8
1197.63875 117.2
1198.185625 115.6
1198.7325 112.0
1199.279375 94.8
1199.82625 80.8
1200.373125 79.2
1200.92 78.4
1201.466875 86.4
1202.01375 94.4
1202.560625 115.6
1203.1075 105.2
1203.654375 120.4
1204.20125 130.4
1204.748125 116.0
1205.295 165.2
1205.841875 171.2
1206.38875 179.2
1206.935625 184.0
1207.4825 174.0
1208.029375 174.8
1208.57625 187.6
1209.123125 204.8
1209.67 194.8
1210.216875 223.6
1210.76375 196.8
1211.310625 203.2
1211.8575 230.4
1212.404375 234.4
1212.95125 269.2
1213.498125 273.2
1214.045 284.0
1214.591875 275.6
1215.13875 283.6
1215.685625 262.4
1216.2325 274.8
1216.779375 292.4
1217.32625 283.6
1217.873125 344.4
1218.42 344.4
1218.966875 348.8
1219.51375 379.6
1220.060625 408.8
1220.6075 434.0
1221.154375 466.4
1221.70125 482.4
1222.248125 508.8
1222.795 536.8
1223.341875 506.0
1223.88875 507.2
1224.435625 516.0
1224.9825 528.4
1225.529375 521.2
1226.07625 538.0
1226.623125 545.6
1227.17 553.2
1227.716875 545.6
1228.26375 557.6
1228.810625 573.6
1229.3575 622.4
1229.904375 646.0
1230.45125 652.8
1230.998125 654.4
1231.545 655.2
1232.091875 679.2
1232.63875 703.6
1233.185625 720.0
1233.7325 743.2
1234.279375 762.8
1234.82625 766.4
1235.373125 774.0
1235.92 782.4
1236.466875 800.8
1237.01375 811.6
1237.560625 808.0
1238.1075 804.0
1238.654375 806.8
1239.20125 798.0
1239.748125 803.6
1240.295 784.0
1240.841875 788.0
1241.38875 782.8
1241.935625 811.6
1242.4825 804.4
1243.029375 810.0
1243.57625 811.6
1244.123125 821.6
1244.67 816.4
1245.216875 816.0
1245.76375 820.8
1246.310625 820.8
1246.8575 805.6
1247.404375 761.6
1247.95125 748.0
1248.498125 730.8
1249.045 723.2
1249.591875 714.4
1250.13875 709.6
1250.685625 695.2
1251.2325 696.8
1251.779375 688.4
1252.32625 676.0
1252.873125 677.6
1253.42 704.0
1253.966875 710.4
1254.51375 714.4
1255.060625 705.6
1255.6075 714.4
1256.154375 691.6
1256.70125 673.2
1257.248125 645.2
1257.795 664.0
1258.341875 678.4
1258.88875 667.6
1259.435625 664.8
1259.9825 651.6
1260.529375 637.2
1261.07625 638.0
1261.623125 664.0
1262.17 691.2
1262.716875 716.8
1263.26375 723.6
1263.810625 701.2
1264.3575 694.0
1264.904375 673.2
1265.45125 677.6
1265.998125 689.6
1266.545 680.8
1267.091875 658.0
1267.63875 627.6
1268.185625 627.2
1268.7325 604.8
1269.279375 636.0
1269.82625 617.2
1270.373125 622.4
1270.92 619.6
1271.466875 610.0
1272.01375 598.8
1272.560625 607.2
1273.1075 610.0
1273.654375 598.4
1274.20125 608.4
1274.748125 599.6
1275.295 630.4
1275.841875 636.0
1276.38875 650.8
1276.935625 660.4
1277.4825 672.4
1278.029375 679.2
1278.57625 678.4
1279.123125 694.8
1279.67 693.6
1280.216875 681.2
1280.76375 666.0
1281.310625 663.2
1281.8575 647.2
1282.404375 656.0
1282.95125 652.4
1283.498125 652.0
1284.045 662.4
1284.591875 646.8
1285.13875 651.2
1285.685625 632.0
1286.2325 631.2
1286.779375 666.0
1287.32625 672.0
1287.873125 652.0
1288.42 656.0
1288.966875 626.4
1289.51375 632.8
1290.060625 634.8
1290.6075 649.2
1291.154375 663.2
1291.70125 649.2
1292.248125 622.8
1292.795 628.4
1293.341875 617.2
1293.88875 621.2
1294.435625 655.2
1294.9825 598.8
1295.529375 621.2
1296.07625 601.6
1296.623125 602.4
1297.17 621.6
1297.716875 629.6
1298.26375 624.8
1298.810625 657.2
1299.3575 658.0
1299.904375 671.6
1300.45125 714.8
1300.998125 685.2
1301.545 711.6
1302.091875 722.0
1302.63875 736.4
1303.185625 715.6
1303.7325 725.2
1304.279375 725.6
1304.82625 714.8
1305.373125 718.4
1305.92 719.2
1306.466875 730.4
1307.01375 709.2
1307.560625 724.8
1308.1075 716.4
1308.654375 739.6
1309.20125 760.4
1309.748125 754.0
1310.295 769.6
1310.841875 784.0
1311.38875 784.0
1311.935625 810.0
1312.4825 818.8
1313.029375 809.2
1313.57625 798.4
1314.123125 802.8
1314.67 772.8
1315.216875 761.2
1315.76375 754.8
1316.310625 742.4
1316.8575 747.6
1317.404375 734.0
1317.95125 721.2
1318.498125 706.4
1319.045 728.8
1319.591875 740.8
1320.13875 739.6
1320.685625 759.2
1321.2325 788.4
1321.779375 782.8
1322.32625 780.0
1322.873125 798.4
1323.42 842.8
1323.966875 844.4
1324.51375 845.6
1325.060625 850.0
1325.6075 873.6
1326.154375 875.2
1326.70125 828.8
1327.248125 835.2
1327.795 862.8
1328.341875 842.4
1328.88875 836.4
1329.435625 851.2
1329.9825 848.4
1330.529375 856.8
1331.07625 814.0
1331.623125 814.8
1332.17 870.0
1332.716875 876.0
1333.26375 858.4
1333.810625 882.0
1334.3575 871.2
1334.904375 900.8
1335.45125 909.2
1335.998125 870.8
1336.545 906.8
1337.091875 911.6
1337.63875 892.4
1338.185625 871.2
1338.7325 875.6
1339.279375 864.0
1339.82625 836.0
1340.373125 808.4
1340.92 796.8
1341.466875 827.6
1342.01375 822.4
1342.560625 842.0
1343.1075 828.0
1343.654375 836.8
1344.20125 842.8
1344.748125 856.8
1345.295 867.2
1345.841875 883.6
1346.38875 880.8
1346.935625 853.2
1347.4825 845.2
1348.029375 816.4
1348.57625 838.8
1349.123125 856.8
1349.67 871.2
1350.216875 863.2
1350.76375 894.0
1351.310625 908.0
1351.8575 924.4
1352.404375 948.0
1352.95125 951.6
1353.498125 980.8
1354.045 984.8
1354.591875 988.0
1355.13875 957.6
1355.685625 975.6
1356.2325 963.2
1356.779375 919.6
1357.32625 905.2
1357.873125 889.2
1358.42 889.6
1358.966875 847.6
1359.51375 831.2
1360.060625 795.6
1360.6075 801.6
1361.154375 764.4
1361.70125 745.2
1362.248125 747.2
1362.795 771.2
1363.341875 773.6
1363.88875 778.8
1364.435625 796.4
1364.9825 786.8
1365.529375 825.6
1366.07625 834.4
1366.623125 860.0
1367.17 886.8
1367.716875 927.6
1368.26375 920.0
1368.810625 935.6
1369.3575 917.2
1369.904375 915.6
1370.45125 926.0
1370.998125 902.8
1371.545 899.2
1372.091875 888.0
1372.63875 879.6
1373.185625 864.8
1373.7325 867.2
1374.279375 843.6
1374.82625 906.4
1375.373125 909.6
1375.92 907.2
1376.466875 902.8
1377.01375 888.4
1377.560625 873.2
1378.1075 868.0
1378.654375 864.4
1379.20125 861.2
1379.748125 895.2
1380.295 860.4
1380.841875 882.8
1381.38875 891.2
1381.935625 888.0
1382.4825 903.2
1383.029375 956.4
1383.57625 961.6
1384.123125 962.8
1384.67 1000.0
1385.216875 972.8
1385.76375 972.0
1386.310625 960.4
1386.8575 958.4
1387.404375 974.4
1387.95125 998.0
1388.498125 976.8
1389.045 999.6
1389.591875 970.0
1390.13875 919.2
1390.685625 917.2
1391.2325 922.4
1391.779375 939.2
1392.32625 946.0
1392.873125 952.4
1393.42 930.8
1393.966875 904.4
1394.51375 884.8
1395.060625 930.4
1395.6075 937.2
1396.154375 957.2
1396.70125 950.8
1397.248125 917.6
1397.795 912.0
1398.341875 912.4
1398.88875 926.0
1399.435625 967.2
1399.9825 952.8
1400.529375 940.8
1401.07625 941.6
1401.623125 926.4
1402.17 946.4
1402.716875 985.6
1403.26375 976.8
1403.810625 985.2
1404.3575 985.6
1404.904375 983.6
1405.45125 999.2
1405.998125 980.4
1406.545 968.4
1407.091875 964.8
1407.63875 942.0
1408.185625 924.8
1408.7325 909.2
1409.279375 906.4
1409.82625 900.8
1410.373125 880.4
1410.92 854.0
1411.466875 867.6
1412.01375 851.2
1412.560625 874.0
1413.1075 884.8
1413.654375 900.0
