299.67 2356
300.216875 1992
300.76375 2340
301.310625 3172
301.8575 2164
302.404375 2712
302.95125 1736
303.498125 2024
304.045 1620
304.591875 2232
305.13875 2652
305.685625 2108
306.2325 2680
306.779375 3176
307.32625 2780
307.873125 2652
308.42 3224
308.966875 2152
309.51375 2244
310.060625 1760
310.6075 2092
311.154375 2316
311.70125 2132
312.248125 2260
312.795 3616
313.341875 1812
313.88875 3744
314.435625 2052
314.9825 2928
315.529375 1408
316.07625 1496
316.623125 2476
317.17 1552
317.716875 2260
318.26375 2192
318.810625 2076
319.3575 1656
319.904375 1560
320.45125 1768
320.998125 2376
321.545 1624
322.091875 2360
322.63875 2000
323.185625 1872
323.7325 1716
324.279375 2704
324.82625 2172
325.373125 2268
325.92 1836
326.466875 1940
327.01375 2128
327.560625 3468
328.1075 2096
328.654375 2096
329.20125 1872
329.748125 1868
330.295 1700
330.841875 2108
331.38875 1512
331.935625 1716
332.4825 2652
333.029375 1584
333.57625 2164
334.123125 1684
334.67 2180
335.216875 2508
335.76375 1836
336.310625 2108
336.8575 1888
337.404375 1468
337.95125 2004
338.498125 2688
339.045 2744
339.591875 1544
340.13875 1992
340.685625 1684
341.2325 2412
341.779375 1768
342.32625 1400
342.873125 2940
343.42 2428
343.966875 1652
344.51375 2360
345.060625 2612
345.6075 2044
346.154375 2352
346.70125 2436
347.248125 2140
347.795 1444
348.341875 3308
348.88875 2028
349.435625 1840
349.9825 1524
350.529375 1728
351.07625 1832
351.623125 1912
352.17 1612
352.716875 1816
353.26375 2708
353.810625 1296
354.3575 1800
354.904375 1404
355.45125 2396
355.998125 2068
356.545 1404
357.091875 2800
357.63875 1460
358.185625 1776
358.7325 1944
359.279375 1620
359.82625 2000
360.373125 1804
360.92 1340
361.466875 2060
362.01375 1876
362.560625 2428
363.1075 1568
363.654375 1556
364.20125 2772
364.748125 2104
365.295 1652
365.841875 1740
366.38875 1400
366.935625 2092
367.4825 1688
368.029375 1372
368.57625 2112
369.123125 2140
369.67 1952
370.216875 1844
370.76375 1916
371.310625 1772
371.8575 1848
372.404375 1816
372.95125 3480
373.498125 2444
374.045 2112
374.591875 2036
375.13875 2500
375.685625 1500
376.2325 1680
376.779375 2124
377.32625 2944
377.873125 2072
378.42 2024
378.966875 2488
379.51375 1532
380.060625 1704
380.6075 2312
381.154375 2140
381.70125 1732
382.248125 2452
382.795 2088
383.341875 1784
383.88875 2292
384.435625 2032
384.9825 2016
385.529375 2680
386.07625 2340
386.623125 1916
387.17 1748
387.716875 1520
388.26375 1720
388.810625 2860
389.3575 1468
389.904375 1844
390.45125 1784
390.998125 1172
391.545 1844
392.091875 1772
392.63875 2192
393.185625 3056
393.7325 1748
394.279375 2616
394.82625 1304
395.373125 1780
395.92 1508
396.466875 2908
397.01375 1968
397.560625 1584
398.1075 1536
398.654375 1488
399.20125 1752
399.748125 2696
400.295 1968
400.841875 1420
401.38875 2396
401.935625 2872
402.4825 1856
403.029375 1712
403.57625 2060
404.123125 1904
404.67 2700
405.216875 2368
405.76375 2352
406.310625 2020
406.8575 1624
407.404375 2220
407.95125 1812
408.498125 3032
409.045 2336
409.591875 2200
410.13875 1956
410.685625 1480
411.2325 1940
411.779375 1768
412.32625 1640
412.873125 1656
413.42 1900
413.966875 2308
414.51375 1852
415.060625 2368
415.6075 2100
416.154375 1412
416.70125 1940
417.248125 2348
417.795 1916
418.341875 2088
418.88875 2356
419.435625 1320
419.9825 2352
420.529375 1896
421.07625 2156
421.623125 1724
422.17 2736
422.716875 1588
423.26375 1708
423.810625 2584
424.3575 2028
424.904375 1540
425.45125 2116
425.998125 1712
426.545 1680
427.091875 2120
427.63875 1520
428.185625 2412
428.7325 2040
429.279375 1868
429.82625 1572
430.373125 2772
430.92 1336
431.466875 2956
432.01375 2592
432.560625 2444
433.1075 1632
433.654375 1744
434.20125 1524
434.748125 1448
435.295 1660
435.841875 1448
436.38875 1812
436.935625 2376
437.4825 2340
438.029375 1848
438.57625 1808
439.123125 1688
439.67 2196
440.216875 1448
440.76375 1660
441.310625 1572
441.8575 2096
442.404375 2436
442.95125 1640
443.498125 1268
444.045 1528
444.591875 2432
445.13875 1920
445.685625 1332
446.2325 3856
446.779375 2444
447.32625 2364
447.873125 4544
448.42 1580
448.966875 3056
449.51375 1528
450.060625 1684
450.6075 1328
451.154375 1368
451.70125 1912
452.248125 1660
452.795 1112
453.341875 2292
453.88875 2396
454.435625 2240
454.9825 1660
455.529375 1708
456.07625 1456
456.623125 1296
457.17 1776
457.716875 1948
458.26375 1812
458.810625 1684
459.3575 2216
459.904375 2736
460.45125 1684
460.998125 1556
461.545 1596
462.091875 4308
462.63875 2080
463.185625 1852
463.7325 1948
464.279375 1712
464.82625 2248
465.373125 1512
465.92 1884
466.466875 1740
467.01375 1656
467.560625 1560
468.1075 2272
468.654375 1592
469.20125 1564
469.748125 1564
470.295 1844
470.841875 1920
471.38875 1360
471.935625 2240
472.4825 2404
473.029375 1752
473.57625 2108
474.123125 2204
474.67 1756
475.216875 2568
475.76375 1448
476.310625 1948
476.8575 2316
477.404375 2020
477.95125 1760
478.498125 1584
479.045 3652
479.591875 1824
480.13875 2088
480.685625 1888
481.2325 1980
481.779375 2336
482.32625 1860
482.873125 2088
483.42 2008
483.966875 1744
484.51375 1168
485.060625 1432
485.6075 1624
486.154375 1844
486.70125 1260
487.248125 1936
487.795 2892
488.341875 2248
488.88875 1644
489.435625 2116
489.9825 1584
490.529375 1812
491.07625 1892
491.623125 1644
492.17 1528
492.716875 1608
493.26375 2080
493.810625 1616
494.3575 1668
494.904375 1256
495.45125 1864
495.998125 1580
496.545 1828
497.091875 2172
497.63875 1832
498.185625 1708
498.7325 1184
499.279375 1836
499.82625 2504
500.373125 2048
500.92 2516
501.466875 2712
502.01375 1404
502.560625 2252
503.1075 1784
503.654375 1980
504.20125 1524
504.748125 1612
505.295 1936
505.841875 1860
506.38875 2624
506.935625 1604
507.4825 2148
508.029375 1392
508.57625 1600
509.123125 1916
509.67 2088
510.216875 2704
510.76375 1436
511.310625 1736
511.8575 1120
512.4043750000001 2320
512.9512500000001 1232
513.4981250000001 1192
514.0450000000001 1876
514.5918750000001 1964
515.1387500000001 1920
515.6856250000001 1824
516.2325000000001 1728
516.7793750000001 1480
517.3262500000001 1456
517.8731250000001 1836
518.4200000000001 1476
518.9668750000001 2064
519.5137500000001 2500
520.0606250000001 1924
520.6075000000001 2008
521.1543750000001 1668
521.7012500000001 1484
522.2481250000001 2100
522.7950000000001 1572
523.3418750000001 1784
523.8887500000001 1292
524.4356250000001 1212
524.9825000000001 2188
525.5293750000001 2068
526.0762500000001 1452
526.6231250000001 1996
527.1700000000001 2132
527.7168750000001 1412
528.2637500000001 1512
528.8106250000001 1964
529.3575000000001 1764
529.9043750000001 1620
530.4512500000001 1620
530.9981250000001 1596
531.5450000000001 1956
532.0918750000001 1980
532.6387500000001 2104
533.1856250000001 1792
533.7325000000001 1732
534.2793750000001 2328
534.8262500000001 1652
535.3731250000001 1608
535.9200000000001 2092
536.4668750000001 2704
537.0137500000001 1768
537.5606250000001 2188
538.1075000000001 1812
538.6543750000001 1496
539.2012500000001 2688
539.7481250000001 1592
540.2950000000001 1956
540.8418750000001 2256
541.3887500000001 1780
541.9356250000001 2196
542.4825000000001 1436
543.0293750000001 2336
543.5762500000001 2468
544.1231250000001 1668
544.6700000000001 1444
545.2168750000001 1928
545.7637500000001 2056
546.3106250000001 2112
546.8575000000001 2420
547.4043750000001 1952
547.9512500000001 1916
548.4981250000001 2044
549.0450000000001 1992
549.5918750000001 1528
550.1387500000001 1816
550.6856250000001 1496
551.2325000000001 2748
551.7793750000001 2044
552.3262500000001 2392
552.8731250000001 2720
553.4200000000001 1548
553.9668750000001 2308
554.5137500000001 1876
555.0606250000001 1396
555.6075000000001 2116
556.1543750000001 2296
556.7012500000001 1476
557.2481250000001 2628
557.7950000000001 1804
558.3418750000001 1692
558.8887500000001 1548
559.4356250000001 2008
559.9825000000001 1732
560.5293750000001 1300
561.0762500000001 3016
561.6231250000001 2596
562.1700000000001 2140
562.7168750000001 2844
563.2637500000001 1764
563.8106250000001 2172
564.3575000000001 1548
564.9043750000001 2600
565.4512500000001 2144
565.9981250000001 2176
566.5450000000001 1144
567.0918750000001 2196
567.6387500000001 1596
568.1856250000001 1640
568.7325000000001 1428
569.2793750000001 2552
569.8262500000001 1988
570.3731250000001 1792
570.9200000000001 1636
571.4668750000001 1840
572.0137500000001 1876
572.5606250000001 2320
573.1075000000001 2184
573.6543750000001 1432
574.2012500000001 1792
574.7481250000001 1464
575.2950000000001 2392
575.8418750000001 2044
576.3887500000001 1776
576.9356250000001 1516
577.4825000000001 2540
578.0293750000001 1640
578.5762500000001 1800
579.1231250000001 1172
579.6700000000001 1388
580.2168750000001 2088
580.7637500000001 1856
581.3106250000001 1536
581.8575000000001 1980
582.4043750000001 1588
582.9512500000001 1900
583.4981250000001 2452
584.0450000000001 1804
584.5918750000001 2324
585.1387500000001 2600
585.6856250000001 1816
586.2325000000001 2076
586.7793750000001 2048
587.3262500000001 2576
587.8731250000001 1956
588.4200000000001 1808
588.9668750000001 2276
589.5137500000001 1484
590.0606250000001 1936
590.6075000000001 1812
591.1543750000001 1804
591.7012500000001 1496
592.2481250000001 1752
592.7950000000001 1912
593.3418750000001 2060
593.8887500000001 2188
594.4356250000001 1396
594.9825000000001 3092
595.5293750000001 1788
596.0762500000001 1736
596.6231250000001 1648
597.1700000000001 2248
597.7168750000001 2480
598.2637500000001 1908
598.8106250000001 2464
599.3575000000001 1296
599.9043750000001 1484
600.4512500000001 1804
600.9981250000001 1432
601.5450000000001 1832
602.0918750000001 1540
602.6387500000001 2244
603.1856250000001 1956
603.7325000000001 1704
604.2793750000001 2032
604.8262500000001 2004
605.3731250000001 1264
605.9200000000001 1360
606.4668750000001 2484
607.0137500000001 1888
607.5606250000001 1960
608.1075000000001 2664
608.6543750000001 1892
609.2012500000001 1556
609.7481250000001 2212
610.2950000000001 1480
610.8418750000001 1968
611.3887500000001 2004
611.9356250000001 2368
612.4825000000001 1988
613.0293750000001 2260
613.5762500000001 2064
614.1231250000001 1896
614.6700000000001 3408
615.2168750000001 2512
615.7637500000001 2112
616.3106250000001 2096
616.8575000000001 2060
617.4043750000001 1968
617.9512500000001 2640
618.4981250000001 2188
619.0450000000001 2608
619.5918750000001 2220
620.1387500000001 2004
620.6856250000001 2988
621.2325000000001 2360
621.7793750000001 2324
622.3262500000001 2948
622.8731250000001 2580
623.4200000000001 4380
623.9668750000001 2816
624.5137500000001 2316
625.0606250000001 3056
625.6075000000001 2532
626.1543750000001 2824
626.7012500000001 2448
627.2481250000001 2732
627.7950000000001 2908
628.3418750000001 3116
628.8887500000001 3152
629.4356250000001 4504
629.9825000000001 3592
630.5293750000001 4020
631.0762500000001 3396
631.6231250000001 3408
632.1700000000001 4112
632.7168750000001 3616
633.2637500000001 4488
633.8106250000001 3868
634.3575000000001 3956
634.9043750000001 4560
635.4512500000001 4172
635.9981250000001 4732
636.5450000000001 4340
637.0918750000001 3764
637.6387500000001 3748
638.1856250000001 4676
638.7325000000001 4016
639.2793750000001 3616
639.8262500000001 3920
640.3731250000001 3540
640.9200000000001 2804
641.4668750000001 3088
642.0137500000001 3176
642.5606250000001 2708
643.1075000000001 2300
643.6543750000001 1784
644.2012500000001 2368
644.7481250000001 2428
645.2950000000001 2456
645.8418750000001 2236
646.3887500000001 2020
646.9356250000001 2476
647.4825000000001 1944
648.0293750000001 1760
648.5762500000001 1772
649.1231250000001 2128
649.6700000000001 2148
650.2168750000001 2076
650.7637500000001 1780
651.3106250000001 1936
651.8575000000001 1944
652.4043750000001 1520
652.9512500000001 2024
653.4981250000001 1372
654.0450000000001 1620
654.5918750000001 2220
655.1387500000001 2208
655.6856250000001 2876
656.2325000000001 2032
656.7793750000001 2268
657.3262500000001 2180
657.8731250000001 2308
658.4200000000001 2272
658.9668750000001 1840
659.5137500000001 1952
660.0606250000001 1748
660.6075000000001 2004
661.1543750000001 2264
661.7012500000001 2100
662.2481250000001 2148
662.7950000000001 2228
663.3418750000001 1468
663.8887500000001 1984
664.4356250000001 1620
664.9825000000001 1344
665.5293750000001 1220
666.0762500000001 1856
666.6231250000001 1824
667.1700000000001 2120
667.7168750000001 2348
668.2637500000001 2372
668.8106250000001 1452
669.3575000000001 2108
669.9043750000001 1792
670.4512500000001 2436
670.9981250000001 1760
671.5450000000001 1960
672.0918750000001 1824
672.6387500000001 1976
673.1856250000001 1884
673.7325000000001 1856
674.2793750000001 2360
674.8262500000001 2944
675.3731250000001 1332
675.9200000000001 2220
676.4668750000001 1692
677.0137500000001 2184
677.5606250000001 1628
678.1075000000001 1284
678.6543750000001 1732
679.2012500000001 1296
679.7481250000001 2188
680.2950000000001 2036
680.8418750000001 1936
681.3887500000001 1928
681.9356250000001 2036
682.4825000000001 2396
683.0293750000001 1724
683.5762500000001 1436
684.1231250000001 1824
684.6700000000001 2052
685.2168750000001 1720
685.7637500000001 2676
686.3106250000001 2088
686.8575000000001 1628
687.4043750000001 1712
687.9512500000001 1628
688.4981250000001 2268
689.0450000000001 2008
689.5918750000001 2016
690.1387500000001 1808
690.6856250000001 2640
691.2325000000001 1968
691.7793750000001 1644
692.3262500000001 1396
692.8731250000001 1852
693.4200000000001 1540
693.9668750000001 2160
694.5137500000001 1228
695.0606250000001 1848
695.6075000000001 1664
696.1543750000001 2436
696.7012500000001 1904
697.2481250000001 1748
697.7950000000001 2156
698.3418750000001 2312
698.8887500000001 1288
699.4356250000001 2256
699.9825000000001 1992
700.5293750000001 1708
701.0762500000001 2160
701.6231250000001 1904
702.1700000000001 1904
702.7168750000001 2388
703.2637500000001 1620
703.8106250000001 1904
704.3575000000001 2064
704.9043750000001 2488
705.4512500000001 2216
705.9981250000001 2148
706.5450000000001 1672
707.0918750000001 1972
707.6387500000001 1760
708.1856250000001 1492
708.7325000000001 1588
709.2793750000001 1924
709.8262500000001 2808
710.3731250000001 1604
710.9200000000001 1584
711.4668750000001 1816
712.0137500000001 2068
712.5606250000001 1536
713.1075000000001 1680
713.6543750000001 2248
714.2012500000001 1768
714.7481250000001 2212
715.2950000000001 1628
715.8418750000001 1872
716.3887500000001 2012
716.9356250000001 2092
717.4825000000001 2268
718.0293750000001 1844
718.5762500000001 2188
719.1231250000001 2420
719.6700000000001 2112
720.2168750000001 1840
720.7637500000001 1944
721.3106250000001 1728
721.8575000000001 1400
722.4043750000001 2516
722.9512500000001 2076
723.4981250000001 1528
724.0450000000001 2084
724.5918750000001 1772
725.1387500000001 2128
725.6856250000001 2272
726.2325000000001 1812
726.7793750000001 2068
727.3262500000001 1692
727.8731250000001 2116
728.4200000000001 1260
728.9668750000001 4004
729.5137500000001 1588
730.0606250000001 2232
730.6075000000001 2164
731.1543750000001 1632
731.7012500000001 1660
732.2481250000001 1644
732.7950000000001 2216
733.3418750000001 2372
733.8887500000001 2252
734.4356250000001 1432
734.9825000000001 1548
735.5293750000001 1920
736.0762500000001 1932
736.6231250000001 2112
737.1700000000001 1852
737.7168750000001 2480
738.2637500000001 2248
738.8106250000001 1696
739.3575000000001 2928
739.9043750000001 1860
740.4512500000001 1800
740.9981250000001 1596
741.5450000000001 1600
742.0918750000001 1392
742.6387500000001 2116
743.1856250000001 1992
743.7325000000001 1732
744.2793750000001 1928
744.8262500000001 1880
745.3731250000001 2320
745.9200000000001 3424
746.4668750000001 2064
747.0137500000001 2488
747.5606250000001 1460
748.1075000000001 1520
748.6543750000001 1964
749.2012500000001 2128
749.7481250000001 1904
750.2950000000001 1496
750.8418750000001 2008
751.3887500000001 1808
751.9356250000001 1892
752.4825000000001 1628
753.0293750000001 1504
753.5762500000001 1720
754.1231250000001 1432
754.6700000000001 1756
755.2168750000001 2868
755.7637500000001 1608
756.3106250000001 1084
756.8575000000001 2320
757.4043750000001 2036
757.9512500000001 1268
758.4981250000001 1456
759.0450000000001 2144
759.5918750000001 2144
760.1387500000001 2092
760.6856250000001 1140
761.2325000000001 2916
761.7793750000001 1780
762.3262500000001 2536
762.8731250000001 1960
763.4200000000001 1560
763.9668750000001 2224
764.5137500000001 1900
765.0606250000001 1836
765.6075000000001 2044
766.1543750000001 1920
766.7012500000001 2228
767.2481250000001 1716
767.7950000000001 1896
768.3418750000001 1548
768.8887500000001 2096
769.4356250000001 2024
769.9825000000001 1376
770.5293750000001 1560
771.0762500000001 2112
771.6231250000001 2224
772.1700000000001 1740
772.7168750000001 2036
773.2637500000001 2164
773.8106250000001 1904
774.3575000000001 1428
774.9043750000001 1364
775.4512500000001 2312
775.9981250000001 1768
776.5450000000001 1768
777.0918750000001 1972
777.6387500000001 1748
778.1856250000001 1792
778.7325000000001 2064
779.2793750000001 1744
779.8262500000001 2216
780.3731250000001 1876
780.9200000000001 2100
781.4668750000001 2324
782.0137500000001 1496
782.5606250000001 1564
783.1075000000001 2112
783.6543750000001 2008
784.2012500000001 2056
784.7481250000001 2196
785.2950000000001 1516
785.8418750000001 1888
786.3887500000001 1644
786.9356250000001 1600
787.4825000000001 1964
788.0293750000001 2072
788.5762500000001 2272
789.1231250000001 1752
789.6700000000001 1728
790.2168750000001 2044
790.7637500000001 1956
791.3106250000001 1716
791.8575000000001 1232
792.4043750000001 2208
792.9512500000001 1352
793.4981250000001 2152
794.0450000000001 2132
794.5918750000001 2020
795.1387500000001 1752
795.6856250000001 1884
796.2325000000001 2416
796.7793750000001 1656
797.3262500000001 1512
797.8731250000001 2224
798.4200000000001 1748
798.9668750000001 1680
799.5137500000001 1412
800.0606250000001 1992
800.6075000000001 1928
801.1543750000001 1356
801.7012500000001 2344
802.2481250000001 1452
802.7950000000001 2388
803.3418750000001 1956
803.8887500000001 1244
804.4356250000001 1820
804.9825000000001 2532
805.5293750000001 2444
806.0762500000001 1800
806.6231250000001 1448
807.1700000000001 2188
807.7168750000001 1800
808.2637500000001 2400
808.8106250000001 1976
809.3575000000001 1848
809.9043750000001 1876
810.4512500000001 1504
810.9981250000001 2204
811.5450000000001 2108
812.0918750000001 3616
812.6387500000001 1784
813.1856250000001 1640
813.7325000000001 3060
814.2793750000001 1948
814.8262500000001 1896
815.3731250000001 2516
815.9200000000001 2132
816.4668750000001 2232
817.0137500000001 2228
817.5606250000001 1488
818.1075000000001 2628
818.6543750000001 2256
819.2012500000001 2048
819.7481250000001 1544
820.2950000000001 1732
820.8418750000001 1456
821.3887500000001 2492
821.9356250000001 1416
822.4825000000001 1972
823.0293750000001 2192
823.5762500000001 2088
824.1231250000001 1496
824.6700000000001 1636
825.2168750000001 1560
825.7637500000001 1316
826.3106250000001 2676
826.8575000000001 1828
827.4043750000001 1536
827.9512500000001 1408
828.4981250000001 1776
829.0450000000001 2240
829.5918750000001 2216
830.1387500000001 1788
830.6856250000001 2444
831.2325000000001 2064
831.7793750000001 2068
832.3262500000001 3024
832.8731250000001 1972
833.4200000000001 1448
833.9668750000001 2128
834.5137500000001 2188
835.0606250000001 2292
835.6075000000001 1492
836.1543750000001 2316
836.7012500000001 2324
837.2481250000001 1612
837.7950000000001 1692
838.3418750000001 2820
838.8887500000001 1828
839.4356250000001 2420
839.9825000000001 2280
840.5293750000001 1784
841.0762500000001 1164
841.6231250000001 1880
842.1700000000001 1340
842.7168750000001 1860
843.2637500000001 1684
843.8106250000001 1796
844.3575000000001 1716
844.9043750000001 2016
845.4512500000001 2648
845.9981250000001 1960
846.5450000000001 1448
847.0918750000001 1548
847.6387500000001 2892
848.1856250000001 1724
848.7325000000001 2564
849.2793750000001 1912
849.8262500000001 1696
850.3731250000001 1252
850.9200000000001 2380
851.4668750000001 1528
852.0137500000001 1644
852.5606250000001 1744
853.1075000000001 2748
853.6543750000001 2040
854.2012500000001 1444
854.7481250000001 1832
855.2950000000001 1784
855.8418750000001 1976
856.3887500000001 1740
856.9356250000001 1856
857.4825000000001 1480
858.0293750000001 2092
858.5762500000001 1780
859.1231250000001 1748
859.6700000000001 3064
860.2168750000001 2364
860.7637500000001 1620
861.3106250000001 1860
861.8575000000001 2180
862.4043750000001 1432
862.9512500000001 2468
863.4981250000001 1788
864.0450000000001 2288
864.5918750000001 2436
865.1387500000001 2116
865.6856250000001 8176
866.2325000000001 1452
866.7793750000001 1660
867.3262500000001 1476
867.8731250000001 2132
868.4200000000001 1560
868.9668750000001 2372
869.5137500000001 1732
870.0606250000001 1912
870.6075000000001 1640
871.1543750000001 2024
871.7012500000001 1760
872.2481250000001 1736
872.7950000000001 1540
873.3418750000001 2652
873.8887500000001 2148
874.4356250000001 2416
874.9825000000001 2780
875.5293750000001 1876
876.0762500000001 2060
876.6231250000001 1492
877.1700000000001 1880
877.7168750000001 1604
878.2637500000001 2548
878.8106250000001 2020
879.3575000000001 1976
879.9043750000001 1688
880.4512500000001 2188
880.9981250000001 2928
881.5450000000001 1572
882.0918750000001 2908
882.6387500000001 1604
883.1856250000001 2244
883.7325000000001 1480
884.2793750000001 1588
884.8262500000001 2600
885.3731250000001 1536
885.9200000000001 2028
886.4668750000001 2044
887.0137500000001 2272
887.5606250000001 1816
888.1075000000001 1768
888.6543750000001 2028
889.2012500000001 1580
889.7481250000001 1656
890.2950000000001 1728
890.8418750000001 1772
891.3887500000001 2160
891.9356250000001 2548
892.4825000000001 1900
893.0293750000001 2016
893.5762500000001 1576
894.1231250000001 2484
894.6700000000001 1424
895.2168750000001 1780
895.7637500000001 2264
896.3106250000001 2392
896.8575000000001 1592
897.4043750000001 1720
897.9512500000001 1828
898.4981250000001 1780
899.0450000000001 1984
899.5918750000001 1372
900.1387500000001 2204
900.6856250000001 1284
901.2325000000001 2404
901.7793750000001 1880
902.3262500000001 2032
902.8731250000001 1852
903.4200000000001 1872
903.9668750000001 1764
904.5137500000001 1780
905.0606250000001 1860
905.6075000000001 2728
906.1543750000001 2228
906.7012500000001 1324
907.2481250000001 1468
907.7950000000001 2900
908.3418750000001 1912
908.8887500000001 1796
909.4356250000001 1416
909.9825000000001 1900
910.5293750000001 2268
911.0762500000001 1852
911.6231250000001 2128
912.1700000000001 2100
912.7168750000001 2072
913.2637500000001 1932
913.8106250000001 2140
914.3575000000001 1508
914.9043750000001 1784
915.4512500000001 2720
915.9981250000001 1360
916.5450000000001 2328
917.0918750000001 2068
917.6387500000001 1536
918.1856250000001 2508
918.7325000000001 2004
919.2793750000001 1628
919.8262500000001 2180
920.3731250000001 1800
920.9200000000001 1320
921.4668750000001 2124
922.0137500000001 2160
922.5606250000001 1572
923.1075000000001 2336
923.6543750000001 1908
924.2012500000001 1652
924.7481250000001 1620
925.2950000000001 1624
925.8418750000001 1500
926.3887500000001 2008
926.9356250000001 2516
927.4825000000001 1372
928.0293750000001 1884
928.5762500000001 1824
929.1231250000001 1892
929.6700000000001 1104
930.2168750000001 1540
930.7637500000001 2528
931.3106250000001 2480
931.8575000000001 1740
932.4043750000001 1304
932.9512500000001 1784
933.4981250000001 1720
934.0450000000001 2248
934.5918750000001 1288
935.1387500000001 1804
935.6856250000001 2712
936.2325000000001 1828
936.7793750000001 1756
937.3262500000001 1752
937.8731250000001 1688
938.4200000000001 936
938.9668750000001 1532
939.5137500000001 1472
940.0606250000001 2128
940.6075000000001 2256
941.1543750000001 1816
941.7012500000001 1568
942.2481250000001 1692
942.7950000000001 2012
943.3418750000001 1720
943.8887500000001 3500
944.4356250000001 1372
944.9825000000001 1944
945.5293750000001 2060
946.0762500000001 1816
946.6231250000001 1960
947.1700000000001 1556
947.7168750000001 2796
948.2637500000001 1596
948.8106250000001 1592
949.3575000000001 1612
949.9043750000001 2024
950.4512500000001 1552
950.9981250000001 1444
951.5450000000001 1536
952.0918750000001 3576
952.6387500000001 1328
953.1856250000001 2084
953.7325000000001 2460
954.2793750000001 2036
954.8262500000001 2588
955.3731250000001 2200
955.9200000000001 1548
956.4668750000001 1396
957.0137500000001 1616
957.5606250000001 1160
958.1075000000001 1528
958.6543750000001 2000
959.2012500000001 1796
959.7481250000001 1668
960.2950000000001 2704
960.8418750000001 2092
961.3887500000001 1844
961.9356250000001 1792
962.4825000000001 2364
963.0293750000001 1708
963.5762500000001 1648
964.1231250000001 2324
964.6700000000001 1424
965.2168750000001 3256
965.7637500000001 1492
966.3106250000001 2384
966.8575000000001 1392
967.4043750000001 1728
967.9512500000001 1524
968.4981250000001 2052
969.0450000000001 2436
969.5918750000001 2320
970.1387500000001 3008
970.6856250000001 2300
971.2325000000001 1728
971.7793750000001 1880
972.3262500000001 1360
972.8731250000001 2064
973.4200000000001 1868
973.9668750000001 2768
974.5137500000001 1972
975.0606250000001 1988
975.6075000000001 2384
976.1543750000001 2172
976.7012500000001 2696
977.2481250000001 1812
977.7950000000001 1732
978.3418750000001 1628
978.8887500000001 1616
979.4356250000001 1824
979.9825000000001 1968
980.5293750000001 1568
981.0762500000001 1632
981.6231250000001 2036
982.1700000000001 1624
982.7168750000001 2096
983.2637500000001 2284
983.8106250000001 1568
984.3575000000001 1856
984.9043750000001 1736
985.4512500000001 1612
985.9981250000001 1600
986.5450000000001 1796
987.0918750000001 1876
987.6387500000001 1612
988.1856250000001 2284
988.7325000000001 1748
989.2793750000001 2208
989.8262500000001 2280
990.3731250000001 1372
990.9200000000001 1360
991.4668750000001 2392
992.0137500000001 1848
992.5606250000001 1648
993.1075000000001 2340
993.6543750000001 1896
994.2012500000001 1464
994.7481250000001 2312
995.2950000000001 1644
995.8418750000001 2260
996.3887500000001 1404
996.9356250000001 1980
997.4825000000001 1752
998.0293750000001 2052
998.5762500000001 1780
999.1231250000001 1356
999.6700000000001 1640
1000.2168750000001 1908
1000.7637500000001 1716
1001.3106250000001 1752
1001.8575000000001 1912
1002.4043750000001 2796
1002.9512500000001 1904
1003.4981250000001 1744
1004.0450000000001 1412
1004.5918750000001 2668
1005.1387500000001 2272
1005.6856250000001 1392
1006.2325000000001 1760
1006.7793750000001 1548
1007.3262500000001 2712
1007.8731250000001 1624
1008.4200000000001 1428
1008.9668750000001 2656
1009.5137500000001 1828
1010.0606250000001 1652
1010.6075000000001 1664
1011.1543750000001 1960
1011.7012500000001 2564
1012.2481250000001 1804
1012.7950000000001 1404
1013.3418750000001 1452
1013.8887500000001 2288
1014.4356250000001 1868
1014.9825000000001 1856
1015.5293750000001 2228
1016.0762500000001 2588
1016.6231250000001 2200
1017.1700000000001 1720
1017.7168750000001 2336
1018.2637500000001 2100
1018.8106250000001 1720
1019.3575000000001 1372
1019.9043750000001 2332
1020.4512500000001 1744
1020.9981250000001 1744
1021.5450000000001 1464
1022.0918750000001 2004
1022.6387500000001 1976
1023.1856250000001 1608
1023.7325000000001 2016
1024.279375 2172
1024.82625 1492
1025.373125 2692
1025.92 1652
1026.466875 1616
1027.01375 1800
1027.560625 2040
1028.1075 1612
1028.654375 1484
1029.20125 1424
1029.748125 1792
1030.295 1452
1030.841875 1404
1031.38875 1192
1031.935625 1692
1032.4825 1732
1033.029375 2244
1033.57625 1636
1034.123125 1740
1034.67 2532
1035.216875 1928
1035.76375 2728
1036.310625 2236
1036.8575 2152
1037.404375 2448
1037.95125 2248
1038.498125 2572
1039.045 2260
1039.591875 1592
1040.13875 2000
1040.685625 2084
1041.2325 3208
1041.779375 2152
1042.32625 1884
1042.873125 1988
1043.42 1940
1043.966875 1684
1044.51375 2092
1045.060625 1884
1045.6075 1636
1046.154375 1960
1046.70125 2460
1047.248125 1764
1047.795 1456
1048.341875 2160
1048.88875 1528
1049.435625 1532
1049.9825 1716
1050.529375 1548
1051.07625 1996
1051.623125 2332
1052.17 1196
1052.716875 1712
1053.26375 1408
1053.810625 3060
1054.3575 1900
1054.904375 1792
1055.45125 2012
1055.998125 1840
1056.545 1968
1057.091875 1444
1057.63875 1664
1058.185625 1948
1058.7325 2240
1059.279375 1808
1059.82625 1560
1060.373125 2588
1060.92 1788
1061.466875 2224
1062.01375 1568
1062.560625 2912
1063.1075 2684
1063.654375 1824
1064.20125 2292
1064.748125 1568
1065.295 1900
1065.841875 2000
1066.38875 1952
1066.935625 1764
1067.4825 1980
1068.029375 2300
1068.57625 2036
1069.123125 2164
1069.67 2372
1070.216875 1228
1070.76375 2256
1071.310625 2424
1071.8575 2732
1072.404375 1900
1072.95125 1620
1073.498125 2768
1074.045 2008
1074.591875 2024
1075.13875 2016
1075.685625 3212
1076.2325 1660
1076.779375 2352
1077.32625 2480
1077.873125 2224
1078.42 1888
1078.966875 1616
1079.51375 2644
1080.060625 1904
1080.6075 1300
1081.154375 1572
1081.70125 1360
1082.248125 2364
1082.795 2712
1083.341875 1376
1083.88875 2420
1084.435625 2468
1084.9825 1764
1085.529375 1824
1086.07625 2264
1086.623125 1796
1087.17 2196
1087.716875 1464
1088.26375 1668
1088.810625 2336
1089.3575 2320
1089.904375 2376
1090.45125 1984
1090.998125 1412
1091.545 1692
1092.091875 1272
1092.63875 2892
1093.185625 1972
1093.7325 1364
1094.279375 2276
1094.82625 1844
1095.373125 1612
1095.92 2092
1096.466875 1792
1097.01375 1456
1097.560625 1844
1098.1075 1968
1098.654375 1280
1099.20125 1728
1099.748125 1532
1100.295 1944
1100.841875 1796
1101.38875 2160
1101.935625 2240
1102.4825 1904
1103.029375 2240
1103.57625 1672
1104.123125 1620
1104.67 2036
1105.216875 2280
1105.76375 1844
1106.310625 1592
1106.8575 2316
1107.404375 1912
1107.95125 2160
1108.498125 1992
1109.045 2072
1109.591875 2652
1110.13875 1844
1110.685625 1892
1111.2325 1936
1111.779375 2868
1112.32625 1756
1112.873125 2336
1113.42 2200
1113.966875 2216
1114.51375 1580
1115.060625 2016
1115.6075 1444
1116.154375 1808
1116.70125 2024
1117.248125 3984
1117.795 1780
1118.341875 1860
1118.88875 1200
1119.435625 1864
1119.9825 2944
1120.529375 1724
1121.07625 1404
1121.623125 1808
1122.17 2452
1122.716875 1820
1123.26375 1840
1123.810625 3028
1124.3575 1880
1124.904375 1756
1125.45125 1500
1125.998125 2108
1126.545 1328
1127.091875 1596
1127.63875 1904
1128.185625 1964
1128.7325 2332
1129.279375 2396
1129.82625 1892
1130.373125 1848
1130.92 3104
1131.466875 2496
1132.01375 2176
1132.560625 1784
1133.1075 2444
1133.654375 2424
1134.20125 2136
1134.748125 2320
1135.295 2712
1135.841875 1888
1136.38875 1224
1136.935625 1848
1137.4825 1580
1138.029375 2748
1138.57625 2120
1139.123125 1756
1139.67 1572
1140.216875 1724
1140.76375 1716
1141.310625 1868
1141.8575 1888
1142.404375 1972
1142.95125 1736
1143.498125 1784
1144.045 2224
1144.591875 2432
1145.13875 1800
1145.685625 2536
1146.2325 2128
1146.779375 1676
1147.32625 2640
1147.873125 2448
1148.42 2420
1148.966875 1540
1149.51375 2216
1150.060625 2380
1150.6075 2320
1151.154375 1788
1151.70125 1524
1152.248125 1560
1152.795 1228
1153.341875 1984
1153.88875 2436
1154.435625 2380
1154.9825 1744
1155.529375 2308
1156.07625 1984
1156.623125 1560
1157.17 1744
1157.716875 2012
1158.26375 1556
1158.810625 1612
1159.3575 2260
1159.904375 2052
1160.45125 2084
1160.998125 1820
1161.545 2124
1162.091875 1564
1162.63875 2548
1163.185625 1976
1163.7325 3036
1164.279375 1680
1164.82625 1844
1165.373125 1928
1165.92 1616
1166.466875 2464
1167.01375 1636
1167.560625 1684
1168.1075 2072
1168.654375 2808
1169.20125 1616
1169.748125 2052
1170.295 1572
1170.841875 1560
1171.38875 1840
1171.935625 1612
1172.4825 2308
1173.029375 1800
1173.57625 1788
1174.123125 2496
1174.67 2396
1175.216875 2764
1175.76375 1800
1176.310625 2456
1176.8575 1892
1177.404375 2176
1177.95125 2788
1178.498125 2032
1179.045 1924
1179.591875 1700
1180.13875 1772
1180.685625 2884
1181.2325 1496
1181.779375 2496
1182.32625 1592
1182.873125 1888
1183.42 1712
1183.966875 1684
1184.51375 2284
1185.060625 1544
1185.6075 2060
1186.154375 1992
1186.70125 1468
1187.248125 2348
1187.795 1404
1188.341875 2524
1188.88875 1640
1189.435625 1788
1189.9825 1924
1190.529375 1972
1191.07625 1724
1191.623125 2564
1192.17 1884
1192.716875 1552
1193.26375 2036
1193.810625 1872
1194.3575 1300
1194.904375 2248
1195.45125 2088
1195.998125 2272
1196.545 1628
1197.091875 1608
1197.63875 1592
1198.185625 1612
1198.7325 2148
1199.279375 1296
1199.82625 2600
1200.373125 2244
1200.92 2620
1201.466875 1940
1202.01375 2216
1202.560625 1764
1203.1075 1764
1203.654375 1884
1204.20125 1508
1204.748125 1804
1205.295 1840
1205.841875 1956
1206.38875 1576
1206.935625 1900
1207.4825 2120
1208.029375 2024
1208.57625 1572
1209.123125 1232
1209.67 2232
1210.216875 2624
1210.76375 2108
1211.310625 2952
1211.8575 2072
1212.404375 1612
1212.95125 2136
1213.498125 1392
1214.045 1788
1214.591875 1604
1215.13875 2220
1215.685625 2108
1216.2325 1972
1216.779375 2276
1217.32625 2680
1217.873125 2120
1218.42 2412
1218.966875 2336
1219.51375 1404
1220.060625 2132
1220.6075 2176
1221.154375 1568
1221.70125 2268
1222.248125 1660
1222.795 2212
1223.341875 1892
1223.88875 2272
1224.435625 2036
1224.9825 2060
1225.529375 2708
1226.07625 1836
1226.623125 2076
1227.17 2404
1227.716875 2192
1228.26375 2552
1228.810625 2320
1229.3575 2248
1229.904375 2860
1230.45125 2260
1230.998125 2052
1231.545 2540
1232.091875 1744
1232.63875 1892
1233.185625 1876
1233.7325 3048
1234.279375 1808
1234.82625 1704
1235.373125 1836
1235.92 2152
1236.466875 2396
1237.01375 1488
1237.560625 1812
1238.1075 1944
1238.654375 2324
1239.20125 2376
1239.748125 2044
1240.295 1660
1240.841875 1644
1241.38875 1940
1241.935625 1632
1242.4825 2204
1243.029375 2176
1243.57625 1484
1244.123125 1892
1244.67 2964
1245.216875 1796
1245.76375 2412
1246.310625 2644
1246.8575 1920
1247.404375 1824
1247.95125 2432
1248.498125 2788
1249.045 2596
1249.591875 2124
1250.13875 1936
1250.685625 1688
1251.2325 2064
1251.779375 2424
1252.32625 1936
1252.873125 2472
1253.42 2084
1253.966875 1564
1254.51375 1980
1255.060625 2432
1255.6075 1252
1256.154375 1768
1256.70125 1448
1257.248125 1972
1257.795 2280
1258.341875 2712
1258.88875 2580
1259.435625 1996
1259.9825 1808
1260.529375 2784
1261.07625 2228
1261.623125 2236
1262.17 2240
1262.716875 1752
1263.26375 2508
1263.810625 3132
1264.3575 2660
1264.904375 1860
1265.45125 1612
1265.998125 1824
1266.545 1772
1267.091875 2112
1267.63875 2408
1268.185625 1604
1268.7325 2468
1269.279375 3044
1269.82625 2352
1270.373125 1828
1270.92 1692
1271.466875 2676
1272.01375 2060
1272.560625 1948
1273.1075 1716
1273.654375 1752
1274.20125 2324
1274.748125 1616
1275.295 2032
1275.841875 2020
1276.38875 2376
1276.935625 2312
1277.4825 1420
1278.029375 2500
1278.57625 2484
1279.123125 2108
1279.67 2048
1280.216875 1572
1280.76375 1808
1281.310625 1852
1281.8575 2060
1282.404375 1848
1282.95125 2020
1283.498125 1848
1284.045 1868
1284.591875 2216
1285.13875 1900
1285.685625 1880
1286.2325 1860
1286.779375 1552
1287.32625 2284
1287.873125 1760
1288.42 2044
1288.966875 1768
1289.51375 2884
1290.060625 1500
1290.6075 3420
1291.154375 2300
1291.70125 2404
1292.248125 1872
1292.795 2332
1293.341875 2864
1293.88875 2472
1294.435625 1964
1294.9825 2120
1295.529375 2052
1296.07625 1644
1296.623125 1976
1297.17 2316
1297.716875 3020
1298.26375 2564
1298.810625 2236
1299.3575 2804
1299.904375 2080
1300.45125 1748
1300.998125 2092
1301.545 2504
1302.091875 1900
1302.63875 2288
1303.185625 2128
1303.7325 1804
1304.279375 2208
1304.82625 2536
1305.373125 2300
1305.92 2396
1306.466875 2468
1307.01375 2428
1307.560625 1912
1308.1075 3280
1308.654375 2300
1309.20125 2512
1309.748125 2592
1310.295 1644
1310.841875 2012
1311.38875 2592
1311.935625 2916
1312.4825 1924
1313.029375 2024
1313.57625 2460
1314.123125 2468
1314.67 2208
1315.216875 2004
1315.76375 1560
1316.310625 1852
1316.8575 1828
1317.404375 2696
1317.95125 2424
1318.498125 1856
1319.045 2712
1319.591875 2340
1320.13875 1784
1320.685625 1924
1321.2325 2824
1321.779375 2112
1322.32625 2064
1322.873125 1816
1323.42 2336
1323.966875 1872
1324.51375 1804
1325.060625 2544
1325.6075 2076
1326.154375 2364
1326.70125 2740
1327.248125 1960
1327.795 2628
1328.341875 2264
1328.88875 2060
1329.435625 1992
1329.9825 2260
1330.529375 2164
1331.07625 1968
1331.623125 2740
1332.17 1612
1332.716875 1692
1333.26375 1640
1333.810625 2276
1334.3575 2692
1334.904375 2284
1335.45125 2076
1335.998125 2944
1336.545 2648
1337.091875 2024
1337.63875 2404
1338.185625 2096
1338.7325 2076
1339.279375 2372
1339.82625 2140
1340.373125 1396
1340.92 2496
1341.466875 1804
1342.01375 2000
1342.560625 2392
1343.1075 2316
1343.654375 2224
1344.20125 2080
1344.748125 2460
1345.295 2788
1345.841875 2124
1346.38875 2184
1346.935625 1892
1347.4825 2564
1348.029375 2192
1348.57625 2312
1349.123125 2252
1349.67 2276
1350.216875 2796
1350.76375 1984
1351.310625 2212
1351.8575 1992
1352.404375 2624
1352.95125 2120
1353.498125 1992
1354.045 3260
1354.591875 2448
1355.13875 2052
1355.685625 2292
1356.2325 1792
1356.779375 2312
1357.32625 2416
1357.873125 2656
1358.42 2104
1358.966875 2916
1359.51375 2412
1360.060625 2692
1360.6075 3000
1361.154375 2480
1361.70125 2484
1362.248125 2084
1362.795 2480
1363.341875 2900
1363.88875 2388
1364.435625 2404
1364.9825 2952
1365.529375 2400
1366.07625 3480
1366.623125 2540
1367.17 2660
1367.716875 2196
1368.26375 2168
1368.810625 2312
1369.3575 2968
1369.904375 2832
1370.45125 2484
1370.998125 2324
1371.545 2656
1372.091875 4092
1372.63875 2508
1373.185625 3576
1373.7325 2424
1374.279375 2208
1374.82625 2580
1375.373125 2936
1375.92 2884
1376.466875 2500
1377.01375 2644
1377.560625 2764
1378.1075 2772
1378.654375 2852
1379.20125 2536
1379.748125 2792
1380.295 2612
1380.841875 3120
1381.38875 2592
1381.935625 2540
1382.4825 3108
1383.029375 2184
1383.57625 2860
1384.123125 2648
1384.67 2672
1385.216875 2828
1385.76375 2640
1386.310625 3068
1386.8575 3072
1387.404375 2880
1387.95125 3340
1388.498125 2560
1389.045 3148
1389.591875 3060
1390.13875 3264
1390.685625 2444
1391.2325 3796
1391.779375 3104
1392.32625 3116
1392.873125 3304
1393.42 3252
1393.966875 3536
1394.51375 2936
1395.060625 4532
1395.6075 3924
1396.154375 2860
1396.70125 3148
1397.248125 3060
1397.795 3660
1398.341875 2680
1398.88875 3652
1399.435625 3236
1399.9825 3488
1400.529375 3024
1401.07625 3344
1401.623125 4188
1402.17 3376
1402.716875 3380
1403.26375 3996
1403.810625 3228
1404.3575 3480
1404.904375 3536
1405.45125 4020
1405.998125 3656
1406.545 3736
1407.091875 3452
1407.63875 3692
1408.185625 4572
1408.7325 3852
1409.279375 4236
1409.82625 3612
1410.373125 3888
1410.92 4312
1411.466875 4640
1412.01375 3440
1412.560625 4476
1413.1075 4792
1413.654375 3992
1414.20125 5412
1414.748125 4332
1415.295 4348
1415.841875 5208
1416.38875 4716
1416.935625 5692
1417.4825 5308
1418.029375 5272
1418.57625 5904
1419.123125 5264
