299.67 -15.2
300.216875 -10.0
300.76375 -32.0
301.310625 -25.6
301.8575 -28.8
302.404375 -15.6
302.95125 -16.4
303.498125 -19.2
304.045 -9.6
304.591875 -5.2
305.13875 10.0
305.685625 24.8
306.2325 9.6
306.779375 -3.6
307.32625 18.8
307.873125 1.6
308.42 6.4
308.966875 12.4
309.51375 -8.4
310.060625 -35.2
310.6075 -22.4
311.154375 -37.2
311.70125 -10.0
312.248125 8.4
312.795 -2.0
313.341875 -2.4
313.88875 10.8
314.435625 23.6
314.9825 36.8
315.529375 52.8
316.07625 44.0
316.623125 39.6
317.17 30.4
317.716875 18.4
318.26375 2.8
318.810625 -7.6
319.3575 -1.2
319.904375 -10.8
320.45125 -18.8
320.998125 -1.2
321.545 10.0
322.091875 10.8
322.63875 3.6
323.185625 -2.8
323.7325 8.0
324.279375 21.2
324.82625 -10.8
325.373125 -6.0
325.92 -2.4
326.466875 -14.4
327.01375 -29.2
327.560625 -30.8
328.1075 -6.8
328.654375 11.6
329.20125 1.2
329.748125 -5.6
330.295 20.8
330.841875 35.6
331.38875 42.0
331.935625 41.6
332.4825 47.2
333.029375 51.6
333.57625 26.4
334.123125 9.2
334.67 21.2
335.216875 31.2
335.76375 32.0
336.310625 -0.8
336.8575 3.6
337.404375 2.8
337.95125 13.2
338.498125 9.6
339.045 44.0
339.591875 37.2
340.13875 57.2
340.685625 50.0
341.2325 19.2
341.779375 20.4
342.32625 18.8
342.873125 20.4
343.42 19.2
343.966875 25.2
344.51375 14.8
345.060625 31.6
345.6075 20.0
346.154375 34.0
346.70125 54.8
347.248125 65.2
347.795 52.0
348.341875 55.6
348.88875 42.8
349.435625 49.2
349.9825 38.8
350.529375 46.4
351.07625 40.8
351.623125 21.6
352.17 3.6
352.716875 6.8
353.26375 9.6
353.810625 14.0
354.3575 12.4
354.904375 2.0
355.45125 16.8
355.998125 0.0
356.545 -12.4
357.091875 3.6
357.63875 12.8
358.185625 -2.8
358.7325 -13.6
359.279375 -17.6
359.82625 -12.8
360.373125 -20.8
360.92 -38.0
361.466875 -36.4
362.01375 -28.4
362.560625 -45.2
363.1075 -29.6
363.654375 -12.4
364.20125 -5.2
364.748125 -3.6
365.295 0.8
365.841875 4.0
366.38875 13.2
366.935625 5.2
367.4825 18.8
368.029375 3.2
368.57625 -25.6
369.123125 -30.0
369.67 -24.4
370.216875 -20.8
370.76375 -32.8
371.310625 -22.0
371.8575 -28.4
372.404375 -12.4
372.95125 -16.4
373.498125 13.6
374.045 36.0
374.591875 36.4
375.13875 48.0
375.685625 49.2
376.2325 64.4
376.779375 53.2
377.32625 47.6
377.873125 45.2
378.42 30.4
378.966875 20.8
379.51375 18.4
380.060625 7.6
380.6075 -7.2
381.154375 -0.8
381.70125 -14.0
382.248125 3.6
382.795 24.4
383.341875 37.6
383.88875 59.2
384.435625 58.4
384.9825 48.8
385.529375 54.0
386.07625 70.4
386.623125 44.0
387.17 47.6
387.716875 46.4
388.26375 43.2
388.810625 31.2
389.3575 0.0
389.904375 -3.2
390.45125 5.6
390.998125 5.6
391.545 11.6
392.091875 36.8
392.63875 48.8
393.185625 41.6
393.7325 30.0
394.279375 30.8
394.82625 47.6
395.373125 41.6
395.92 56.4
396.466875 30.4
397.01375 24.4
397.560625 7.2
398.1075 -1.2
398.654375 -14.0
399.20125 -30.0
399.748125 -44.0
400.295 -26.4
400.841875 -18.4
401.38875 -30.0
401.935625 -3.6
402.4825 -27.2
403.029375 -19.2
403.57625 -19.2
404.123125 -23.6
404.67 -8.0
405.216875 24.4
405.76375 2.4
406.310625 -6.4
406.8575 -20.8
407.404375 -12.4
407.95125 3.6
408.498125 -8.8
409.045 -10.0
409.591875 0.4
410.13875 0.4
410.685625 -23.2
411.2325 -4.4
411.779375 13.6
412.32625 33.6
412.873125 16.0
413.42 15.2
413.966875 12.0
414.51375 3.6
415.060625 14.4
415.6075 9.2
416.154375 1.2
416.70125 -2.0
417.248125 -3.2
417.795 0.0
418.341875 -6.4
418.88875 -0.4
419.435625 13.6
419.9825 12.0
420.529375 -7.2
421.07625 12.4
421.623125 35.6
422.17 4.4
422.716875 13.2
423.26375 -6.4
423.810625 2.4
424.3575 -5.6
424.904375 -3.6
425.45125 -13.2
425.998125 1.6
426.545 6.8
427.091875 3.2
427.63875 32.0
428.185625 16.8
428.7325 20.0
429.279375 40.4
429.82625 39.2
430.373125 48.0
430.92 62.0
431.466875 62.8
432.01375 48.8
432.560625 29.6
433.1075 11.2
433.654375 22.4
434.20125 10.8
434.748125 7.2
435.295 6.4
435.841875 -13.6
436.38875 -26.0
436.935625 -24.0
437.4825 -18.8
438.029375 0.8
438.57625 19.2
439.123125 17.6
439.67 12.0
440.216875 -5.2
440.76375 2.0
441.310625 -52.0
441.8575 -58.4
442.404375 -58.0
442.95125 -57.2
443.498125 -51.2
444.045 -42.4
444.591875 -49.6
445.13875 -20.0
445.685625 -2.0
446.2325 8.0
446.779375 42.0
447.32625 58.0
447.873125 46.8
448.42 57.2
448.966875 54.8
449.51375 32.4
450.060625 27.6
450.6075 14.0
451.154375 15.6
451.70125 -3.2
452.248125 22.0
452.795 10.8
453.341875 2.4
453.88875 -14.8
454.435625 -27.6
454.9825 -36.0
455.529375 -37.2
456.07625 -34.8
456.623125 -40.4
457.17 -48.4
457.716875 -39.2
458.26375 -15.2
458.810625 4.4
459.3575 21.2
459.904375 35.2
460.45125 39.2
460.998125 35.2
461.545 35.6
462.091875 20.8
462.63875 52.4
463.185625 41.6
463.7325 23.2
464.279375 18.8
464.82625 0.8
465.373125 -15.6
465.92 -25.2
466.466875 -10.4
467.01375 -22.0
467.560625 -4.4
468.1075 -24.4
468.654375 -27.2
469.20125 -22.8
469.748125 -21.2
470.295 -31.6
470.841875 -37.6
471.38875 -16.0
471.935625 -17.6
472.4825 -0.8
473.029375 1.6
473.57625 -7.2
474.123125 -0.8
474.67 17.6
475.216875 0.0
475.76375 26.8
476.310625 26.4
476.8575 13.2
477.404375 12.4
477.95125 1.6
478.498125 -15.2
479.045 -12.4
479.591875 -10.0
480.13875 -32.4
480.685625 -12.8
481.2325 -29.2
481.779375 -9.2
482.32625 -15.6
482.873125 -6.0
483.42 -6.8
483.966875 8.8
484.51375 19.6
485.060625 14.8
485.6075 17.6
486.154375 11.2
486.70125 10.0
487.248125 10.8
487.795 36.4
488.341875 41.2
488.88875 57.6
489.435625 55.2
489.9825 76.4
490.529375 69.2
491.07625 72.4
491.623125 81.2
492.17 89.2
492.716875 78.0
493.26375 62.0
493.810625 46.0
494.3575 27.2
494.904375 24.0
495.45125 -15.6
495.998125 -1.2
496.545 9.2
497.091875 -9.2
497.63875 -16.0
498.185625 -16.8
498.7325 -18.4
499.279375 -31.2
499.82625 -27.6
500.373125 -40.0
500.92 -22.4
501.466875 -38.0
502.01375 -40.0
502.560625 -30.8
503.1075 -42.4
503.654375 -39.6
504.20125 -43.2
504.748125 -40.8
505.295 -55.2
505.841875 -42.8
506.38875 -41.2
506.935625 -22.4
507.4825 -24.4
508.029375 -16.8
508.57625 1.6
509.123125 5.2
509.67 15.6
510.216875 25.2
510.76375 41.6
511.310625 38.8
511.8575 41.6
512.4043750000001 40.0
512.9512500000001 34.4
513.4981250000001 30.0
514.0450000000001 34.4
514.5918750000001 -8.8
515.1387500000001 3.2
515.6856250000001 8.8
516.2325000000001 13.2
516.7793750000001 5.6
517.3262500000001 -2.4
517.8731250000001 -10.4
518.4200000000001 -6.0
518.9668750000001 -5.2
519.5137500000001 -14.0
520.0606250000001 26.0
520.6075000000001 11.2
521.1543750000001 12.4
521.7012500000001 5.2
522.2481250000001 1.2
522.7950000000001 10.0
523.3418750000001 22.0
523.8887500000001 22.4
524.4356250000001 32.0
524.9825000000001 36.8
525.5293750000001 36.8
526.0762500000001 30.0
526.6231250000001 37.6
527.1700000000001 40.0
527.7168750000001 46.4
528.2637500000001 30.0
528.8106250000001 13.6
529.3575000000001 10.8
529.9043750000001 12.4
530.4512500000001 14.4
530.9981250000001 -7.2
531.5450000000001 1.2
532.0918750000001 -20.0
532.6387500000001 -10.4
533.1856250000001 8.8
533.7325000000001 13.6
534.2793750000001 26.4
534.8262500000001 42.8
535.3731250000001 31.2
535.9200000000001 11.6
536.4668750000001 17.2
537.0137500000001 27.2
537.5606250000001 35.2
538.1075000000001 42.0
538.6543750000001 49.6
539.2012500000001 69.6
539.7481250000001 55.2
540.2950000000001 40.4
540.8418750000001 42.0
541.3887500000001 40.8
541.9356250000001 46.8
542.4825000000001 50.0
543.0293750000001 50.0
543.5762500000001 36.4
544.1231250000001 16.8
544.6700000000001 0.0
545.2168750000001 -15.6
545.7637500000001 0.0
546.3106250000001 -10.4
546.8575000000001 3.2
547.4043750000001 -0.4
547.9512500000001 -16.4
548.4981250000001 -2.4
549.0450000000001 20.8
549.5918750000001 26.0
550.1387500000001 27.2
550.6856250000001 66.8
551.2325000000001 47.2
551.7793750000001 50.0
552.3262500000001 36.4
552.8731250000001 57.2
553.4200000000001 70.4
553.9668750000001 61.6
554.5137500000001 41.2
555.0606250000001 32.0
555.6075000000001 23.2
556.1543750000001 39.2
556.7012500000001 40.8
557.2481250000001 57.2
557.7950000000001 76.0
558.3418750000001 65.2
558.8887500000001 67.6
559.4356250000001 73.2
559.9825000000001 81.6
560.5293750000001 72.8
561.0762500000001 88.0
561.6231250000001 60.4
562.1700000000001 51.6
562.7168750000001 45.2
563.2637500000001 61.6
563.8106250000001 67.6
564.3575000000001 66.4
564.9043750000001 54.0
565.4512500000001 37.2
565.9981250000001 43.2
566.5450000000001 50.0
567.0918750000001 31.6
567.6387500000001 35.2
568.1856250000001 29.2
568.7325000000001 9.6
569.2793750000001 11.2
569.8262500000001 26.8
570.3731250000001 26.0
570.9200000000001 26.0
571.4668750000001 44.4
572.0137500000001 25.6
572.5606250000001 30.4
573.1075000000001 36.8
573.6543750000001 56.0
574.2012500000001 71.6
574.7481250000001 68.4
575.2950000000001 35.6
575.8418750000001 14.8
576.3887500000001 18.8
576.9356250000001 18.4
577.4825000000001 26.8
578.0293750000001 16.8
578.5762500000001 -1.6
579.1231250000001 -28.0
579.6700000000001 -54.0
580.2168750000001 -67.2
580.7637500000001 -62.0
581.3106250000001 -36.8
581.8575000000001 -15.2
582.4043750000001 -18.0
582.9512500000001 -30.4
583.4981250000001 -0.8
584.0450000000001 21.6
584.5918750000001 19.6
585.1387500000001 35.6
585.6856250000001 48.8
586.2325000000001 49.6
586.7793750000001 48.8
587.3262500000001 39.2
587.8731250000001 32.4
588.4200000000001 52.8
588.9668750000001 42.8
589.5137500000001 37.6
590.0606250000001 56.0
590.6075000000001 41.6
591.1543750000001 38.0
591.7012500000001 54.0
592.2481250000001 57.2
592.7950000000001 30.0
593.3418750000001 24.4
593.8887500000001 18.4
594.4356250000001 22.0
594.9825000000001 11.6
595.5293750000001 -8.4
596.0762500000001 4.4
596.6231250000001 10.0
597.1700000000001 -13.6
597.7168750000001 -34.0
598.2637500000001 -6.0
598.8106250000001 -8.8
599.3575000000001 -20.4
599.9043750000001 -26.0
600.4512500000001 -22.4
600.9981250000001 -14.4
601.5450000000001 -38.4
602.0918750000001 -52.0
602.6387500000001 -48.8
603.1856250000001 -30.8
603.7325000000001 -48.4
604.2793750000001 -44.8
604.8262500000001 -43.6
605.3731250000001 -64.4
605.9200000000001 -43.2
606.4668750000001 -35.6
607.0137500000001 -24.4
607.5606250000001 -6.4
608.1075000000001 1.6
608.6543750000001 12.0
609.2012500000001 36.4
609.7481250000001 51.6
610.2950000000001 38.0
610.8418750000001 46.4
611.3887500000001 29.6
611.9356250000001 38.0
612.4825000000001 38.4
613.0293750000001 12.8
613.5762500000001 20.8
614.1231250000001 -5.2
614.6700000000001 -34.8
615.2168750000001 -42.8
615.7637500000001 -29.6
616.3106250000001 -18.0
616.8575000000001 -44.0
617.4043750000001 -28.8
617.9512500000001 -28.0
618.4981250000001 -28.8
619.0450000000001 -19.2
619.5918750000001 -5.2
620.1387500000001 27.2
620.6856250000001 32.4
621.2325000000001 47.2
621.7793750000001 49.6
622.3262500000001 64.0
622.8731250000001 35.2
623.4200000000001 30.0
623.9668750000001 51.2
624.5137500000001 4.4
625.0606250000001 -5.6
625.6075000000001 -25.6
626.1543750000001 -29.6
626.7012500000001 -27.2
627.2481250000001 -58.8
627.7950000000001 -74.8
628.3418750000001 -89.2
628.8887500000001 -82.0
629.4356250000001 -91.6
629.9825000000001 -52.0
630.5293750000001 -49.2
631.0762500000001 -52.4
631.6231250000001 -44.8
632.1700000000001 -49.2
632.7168750000001 -14.8
633.2637500000001 13.2
633.8106250000001 46.8
634.3575000000001 46.0
634.9043750000001 42.4
635.4512500000001 64.8
635.9981250000001 58.0
636.5450000000001 50.8
637.0918750000001 25.2
637.6387500000001 29.2
638.1856250000001 29.6
638.7325000000001 44.0
639.2793750000001 32.0
639.8262500000001 29.6
640.3731250000001 38.8
640.9200000000001 2.4
641.4668750000001 50.8
642.0137500000001 65.2
642.5606250000001 89.6
643.1075000000001 70.4
643.6543750000001 51.6
644.2012500000001 42.8
644.7481250000001 54.0
645.2950000000001 66.8
645.8418750000001 72.0
646.3887500000001 88.4
646.9356250000001 55.6
647.4825000000001 49.2
648.0293750000001 30.4
648.5762500000001 34.8
649.1231250000001 43.2
649.6700000000001 39.6
650.2168750000001 16.4
650.7637500000001 3.2
651.3106250000001 12.4
651.8575000000001 -7.6
652.4043750000001 -11.6
652.9512500000001 -20.8
653.4981250000001 -21.2
654.0450000000001 -16.8
654.5918750000001 -28.4
655.1387500000001 -16.4
655.6856250000001 -22.0
656.2325000000001 -35.2
656.7793750000001 -46.0
657.3262500000001 -23.6
657.8731250000001 -26.8
658.4200000000001 -13.2
658.9668750000001 -16.4
659.5137500000001 -6.8
660.0606250000001 9.2
660.6075000000001 -13.6
661.1543750000001 1.6
661.7012500000001 41.2
662.2481250000001 41.6
662.7950000000001 25.2
663.3418750000001 36.8
663.8887500000001 56.0
664.4356250000001 60.0
664.9825000000001 50.0
665.5293750000001 44.4
666.0762500000001 43.6
666.6231250000001 42.8
667.1700000000001 37.6
667.7168750000001 29.6
668.2637500000001 29.6
668.8106250000001 47.2
669.3575000000001 36.0
669.9043750000001 60.0
670.4512500000001 72.0
670.9981250000001 71.2
671.5450000000001 85.6
672.0918750000001 79.6
672.6387500000001 67.2
673.1856250000001 84.8
673.7325000000001 86.4
674.2793750000001 64.0
674.8262500000001 78.8
675.3731250000001 57.6
675.9200000000001 50.8
676.4668750000001 52.0
677.0137500000001 59.6
677.5606250000001 70.8
678.1075000000001 89.2
678.6543750000001 58.0
679.2012500000001 69.2
679.7481250000001 74.0
680.2950000000001 46.4
680.8418750000001 72.0
681.3887500000001 84.4
681.9356250000001 86.4
682.4825000000001 84.4
683.0293750000001 76.8
683.5762500000001 78.0
684.1231250000001 98.4
684.6700000000001 106.4
685.2168750000001 105.2
685.7637500000001 140.8
686.3106250000001 140.0
686.8575000000001 120.8
687.4043750000001 138.8
687.9512500000001 160.0
688.4981250000001 177.6
689.0450000000001 180.4
689.5918750000001 214.4
690.1387500000001 228.8
690.6856250000001 248.0
691.2325000000001 252.8
691.7793750000001 253.6
692.3262500000001 283.6
692.8731250000001 304.0
693.4200000000001 309.2
693.9668750000001 337.6
694.5137500000001 328.8
695.0606250000001 326.0
695.6075000000001 324.0
696.1543750000001 333.6
696.7012500000001 356.4
697.2481250000001 375.2
697.7950000000001 384.4
698.3418750000001 390.4
698.8887500000001 424.8
699.4356250000001 446.0
699.9825000000001 475.2
700.5293750000001 488.8
701.0762500000001 514.0
701.6231250000001 530.0
702.1700000000001 552.4
702.7168750000001 586.4
703.2637500000001 602.0
703.8106250000001 645.6
704.3575000000001 675.2
704.9043750000001 702.0
705.4512500000001 768.4
705.9981250000001 809.2
706.5450000000001 846.8
707.0918750000001 888.8
707.6387500000001 933.6
708.1856250000001 960.8
708.7325000000001 1007.6
709.2793750000001 1061.6
709.8262500000001 1091.6
710.3731250000001 1120.8
710.9200000000001 1167.6
711.4668750000001 1231.6
712.0137500000001 1276.0
712.5606250000001 1350.4
713.1075000000001 1396.4
713.6543750000001 1495.2
714.2012500000001 1609.2
714.7481250000001 1692.0
715.2950000000001 1799.2
715.8418750000001 1906.4
716.3887500000001 1987.6
716.9356250000001 2064.8
717.4825000000001 2200.8
718.0293750000001 2316.8
718.5762500000001 2425.6
719.1231250000001 2524.8
719.6700000000001 2608.4
720.2168750000001 2706.0
720.7637500000001 2843.2
721.3106250000001 2990.4
721.8575000000001 3117.6
722.4043750000001 3286.4
722.9512500000001 3422.8
723.4981250000001 3567.2
724.0450000000001 3760.4
724.5918750000001 3930.4
725.1387500000001 4131.2
725.6856250000001 4323.6
726.2325000000001 4510.4
726.7793750000001 4677.6
727.3262500000001 4901.6
727.8731250000001 5104.0
728.4200000000001 5296.4
728.9668750000001 5506.4
729.5137500000001 5672.8
730.0606250000001 5898.8
730.6075000000001 6111.6
731.1543750000001 6363.2
731.7012500000001 6610.8
732.2481250000001 6867.6
732.7950000000001 7147.2
733.3418750000001 7432.8
733.8887500000001 7741.6
734.4356250000001 8080.4
734.9825000000001 8423.6
735.5293750000001 8692.4
736.0762500000001 8992.4
736.6231250000001 9224.8
737.1700000000001 9440.4
737.7168750000001 9599.6
738.2637500000001 9644.4
738.8106250000001 9614.0
739.3575000000001 9536.4
739.9043750000001 9316.8
740.4512500000001 9025.2
740.9981250000001 8660.0
741.5450000000001 8229.2
742.0918750000001 7709.2
742.6387500000001 7117.2
743.1856250000001 6536.0
743.7325000000001 5926.8
744.2793750000001 5367.2
744.8262500000001 4791.6
745.3731250000001 4270.8
745.9200000000001 3792.8
746.4668750000001 3380.0
747.0137500000001 2952.4
747.5606250000001 2606.4
748.1075000000001 2310.8
748.6543750000001 2041.2
749.2012500000001 1830.0
749.7481250000001 1602.8
750.2950000000001 1408.0
750.8418750000001 1256.8
751.3887500000001 1117.6
751.9356250000001 969.2
752.4825000000001 848.0
753.0293750000001 769.2
753.5762500000001 676.8
754.1231250000001 589.2
754.6700000000001 518.8
755.2168750000001 497.2
755.7637500000001 481.2
756.3106250000001 424.4
756.8575000000001 380.4
757.4043750000001 341.2
757.9512500000001 304.8
758.4981250000001 262.4
759.0450000000001 230.0
759.5918750000001 216.0
760.1387500000001 215.2
760.6856250000001 184.4
761.2325000000001 138.4
761.7793750000001 126.8
762.3262500000001 107.2
762.8731250000001 117.6
763.4200000000001 128.8
763.9668750000001 125.6
764.5137500000001 119.6
765.0606250000001 126.8
765.6075000000001 119.6
766.1543750000001 104.4
766.7012500000001 79.2
767.2481250000001 80.0
767.7950000000001 91.6
768.3418750000001 80.8
768.8887500000001 86.8
769.4356250000001 92.0
769.9825000000001 90.0
770.5293750000001 80.8
771.0762500000001 72.4
771.6231250000001 66.8
772.1700000000001 89.6
772.7168750000001 69.2
773.2637500000001 60.0
773.8106250000001 77.6
774.3575000000001 52.4
774.9043750000001 31.6
775.4512500000001 33.2
775.9981250000001 39.6
776.5450000000001 45.6
777.0918750000001 58.8
777.6387500000001 72.0
778.1856250000001 61.6
778.7325000000001 51.2
779.2793750000001 34.0
779.8262500000001 46.0
780.3731250000001 34.0
780.9200000000001 36.0
781.4668750000001 5.2
782.0137500000001 -9.2
782.5606250000001 -21.2
783.1075000000001 -24.8
783.6543750000001 -12.4
784.2012500000001 -16.0
784.7481250000001 -4.4
785.2950000000001 0.4
785.8418750000001 2.4
786.3887500000001 2.0
786.9356250000001 23.2
787.4825000000001 43.6
788.0293750000001 49.6
788.5762500000001 43.2
789.1231250000001 46.0
789.6700000000001 40.8
790.2168750000001 30.0
790.7637500000001 32.8
791.3106250000001 65.6
791.8575000000001 62.8
792.4043750000001 71.2
792.9512500000001 48.4
793.4981250000001 29.6
794.0450000000001 24.4
794.5918750000001 42.0
795.1387500000001 38.0
795.6856250000001 32.8
796.2325000000001 30.0
796.7793750000001 30.0
797.3262500000001 41.2
797.8731250000001 22.4
798.4200000000001 30.4
798.9668750000001 46.4
799.5137500000001 57.6
800.0606250000001 30.8
800.6075000000001 52.8
801.1543750000001 60.0
801.7012500000001 59.2
802.2481250000001 54.8
802.7950000000001 52.0
803.3418750000001 47.2
803.8887500000001 56.4
804.4356250000001 66.0
804.9825000000001 58.4
805.5293750000001 77.6
806.0762500000001 55.2
806.6231250000001 32.8
807.1700000000001 43.6
807.7168750000001 31.2
808.2637500000001 17.6
808.8106250000001 47.6
809.3575000000001 27.6
809.9043750000001 45.2
810.4512500000001 40.8
810.9981250000001 24.4
811.5450000000001 24.0
812.0918750000001 30.0
812.6387500000001 26.8
813.1856250000001 19.6
813.7325000000001 32.8
814.2793750000001 26.4
814.8262500000001 33.2
815.3731250000001 14.4
815.9200000000001 27.6
816.4668750000001 12.4
817.0137500000001 30.0
817.5606250000001 44.0
818.1075000000001 26.8
818.6543750000001 34.4
819.2012500000001 36.8
819.7481250000001 28.4
820.2950000000001 26.8
820.8418750000001 12.0
821.3887500000001 0.0
821.9356250000001 24.8
822.4825000000001 8.4
823.0293750000001 22.8
823.5762500000001 19.6
824.1231250000001 16.4
824.6700000000001 -14.4
825.2168750000001 -15.2
825.7637500000001 -17.6
826.3106250000001 -24.0
826.8575000000001 -17.2
827.4043750000001 -49.6
827.9512500000001 -34.8
828.4981250000001 -55.2
829.0450000000001 -36.8
829.5918750000001 -14.8
830.1387500000001 6.0
830.6856250000001 4.0
831.2325000000001 -10.8
831.7793750000001 -2.8
832.3262500000001 -26.4
832.8731250000001 4.0
833.4200000000001 2.0
833.9668750000001 14.4
834.5137500000001 6.4
835.0606250000001 1.2
835.6075000000001 2.0
836.1543750000001 -3.6
836.7012500000001 21.2
837.2481250000001 13.2
837.7950000000001 38.8
838.3418750000001 31.2
838.8887500000001 39.6
839.4356250000001 31.2
839.9825000000001 35.6
840.5293750000001 24.8
841.0762500000001 11.6
841.6231250000001 11.6
842.1700000000001 -7.2
842.7168750000001 18.8
843.2637500000001 10.4
843.8106250000001 0.8
844.3575000000001 -9.2
844.9043750000001 -18.0
845.4512500000001 -36.0
845.9981250000001 -29.6
846.5450000000001 -12.4
847.0918750000001 1.2
847.6387500000001 16.0
848.1856250000001 6.8
848.7325000000001 14.0
849.2793750000001 26.8
849.8262500000001 32.0
850.3731250000001 39.2
850.9200000000001 46.8
851.4668750000001 28.0
852.0137500000001 15.2
852.5606250000001 3.2
853.1075000000001 16.4
853.6543750000001 6.8
854.2012500000001 8.8
854.7481250000001 4.0
855.2950000000001 0.4
855.8418750000001 10.8
856.3887500000001 8.0
856.9356250000001 9.6
857.4825000000001 19.6
858.0293750000001 6.8
858.5762500000001 -13.2
859.1231250000001 -21.2
859.6700000000001 -23.2
860.2168750000001 -10.0
860.7637500000001 -38.0
861.3106250000001 -47.2
861.8575000000001 -33.2
862.4043750000001 -26.8
862.9512500000001 -4.0
863.4981250000001 15.2
864.0450000000001 11.6
864.5918750000001 11.2
865.1387500000001 9.6
865.6856250000001 -1.2
866.2325000000001 5.6
866.7793750000001 12.4
867.3262500000001 -2.0
867.8731250000001 2.0
868.4200000000001 -16.0
868.9668750000001 -21.6
869.5137500000001 3.2
870.0606250000001 2.4
870.6075000000001 -4.0
871.1543750000001 -11.6
871.7012500000001 16.8
872.2481250000001 26.8
872.7950000000001 36.0
873.3418750000001 20.0
873.8887500000001 14.0
874.4356250000001 10.8
874.9825000000001 -12.0
875.5293750000001 -0.4
876.0762500000001 14.8
876.6231250000001 24.8
877.1700000000001 3.6
877.7168750000001 -3.2
878.2637500000001 7.6
878.8106250000001 31.6
879.3575000000001 30.8
879.9043750000001 24.0
880.4512500000001 29.2
880.9981250000001 31.2
881.5450000000001 13.2
882.0918750000001 18.8
882.6387500000001 18.4
883.1856250000001 5.6
883.7325000000001 5.2
884.2793750000001 -4.4
884.8262500000001 -4.8
885.3731250000001 4.8
885.9200000000001 0.8
886.4668750000001 2.0
887.0137500000001 4.8
887.5606250000001 1.6
888.1075000000001 8.8
888.6543750000001 22.0
889.2012500000001 20.8
889.7481250000001 24.0
890.2950000000001 39.6
890.8418750000001 31.2
891.3887500000001 48.0
891.9356250000001 40.8
892.4825000000001 36.4
893.0293750000001 39.6
893.5762500000001 36.8
894.1231250000001 36.8
894.6700000000001 23.6
895.2168750000001 21.2
895.7637500000001 -0.8
896.3106250000001 5.2
896.8575000000001 -6.8
897.4043750000001 -10.0
897.9512500000001 -9.2
898.4981250000001 -6.8
899.0450000000001 -6.4
899.5918750000001 5.2
900.1387500000001 0.0
900.6856250000001 1.2
901.2325000000001 -7.6
901.7793750000001 -14.8
902.3262500000001 -12.8
902.8731250000001 -7.2
903.4200000000001 -5.6
903.9668750000001 -11.6
904.5137500000001 3.2
905.0606250000001 -18.4
905.6075000000001 1.2
906.1543750000001 10.0
906.7012500000001 27.2
907.2481250000001 51.2
907.7950000000001 48.0
908.3418750000001 47.2
908.8887500000001 50.4
909.4356250000001 43.2
909.9825000000001 42.4
910.5293750000001 34.4
911.0762500000001 14.0
911.6231250000001 -4.0
912.1700000000001 -2.0
912.7168750000001 -2.8
913.2637500000001 -22.0
913.8106250000001 -12.8
914.3575000000001 -4.0
914.9043750000001 -3.2
915.4512500000001 -12.8
915.9981250000001 2.0
916.5450000000001 -1.2
917.0918750000001 7.2
917.6387500000001 18.8
918.1856250000001 8.4
918.7325000000001 36.4
919.2793750000001 30.4
919.8262500000001 32.8
920.3731250000001 52.4
920.9200000000001 70.4
921.4668750000001 76.4
922.0137500000001 86.0
922.5606250000001 95.2
923.1075000000001 74.0
923.6543750000001 83.6
924.2012500000001 68.4
924.7481250000001 79.6
925.2950000000001 73.6
925.8418750000001 42.0
926.3887500000001 31.2
926.9356250000001 28.8
927.4825000000001 37.2
928.0293750000001 24.4
928.5762500000001 38.0
929.1231250000001 24.0
929.6700000000001 48.8
930.2168750000001 43.2
930.7637500000001 37.6
931.3106250000001 60.4
931.8575000000001 62.4
932.4043750000001 52.0
932.9512500000001 63.6
933.4981250000001 91.6
934.0450000000001 90.4
934.5918750000001 100.4
935.1387500000001 96.4
935.6856250000001 79.2
936.2325000000001 76.8
936.7793750000001 68.8
937.3262500000001 68.8
937.8731250000001 71.2
938.4200000000001 66.0
938.9668750000001 37.6
939.5137500000001 26.4
940.0606250000001 6.0
940.6075000000001 -24.8
941.1543750000001 -14.4
941.7012500000001 -33.6
942.2481250000001 -31.2
942.7950000000001 -55.6
943.3418750000001 -74.0
943.8887500000001 -103.2
944.4356250000001 -102.4
944.9825000000001 -108.4
945.5293750000001 -95.6
946.0762500000001 -74.8
946.6231250000001 -89.2
947.1700000000001 -94.4
947.7168750000001 -103.6
948.2637500000001 -80.0
948.8106250000001 -72.0
949.3575000000001 -60.0
949.9043750000001 -70.8
950.4512500000001 -59.2
950.9981250000001 -49.6
951.5450000000001 -52.8
952.0918750000001 -48.0
952.6387500000001 -22.4
953.1856250000001 -8.8
953.7325000000001 -41.6
954.2793750000001 -45.6
954.8262500000001 -24.8
955.3731250000001 -14.0
955.9200000000001 -27.2
956.4668750000001 -54.0
957.0137500000001 -59.6
957.5606250000001 -53.2
958.1075000000001 -41.6
958.6543750000001 -42.4
959.2012500000001 -19.6
959.7481250000001 8.8
960.2950000000001 -8.8
960.8418750000001 -8.0
961.3887500000001 9.6
961.9356250000001 32.0
962.4825000000001 22.0
963.0293750000001 20.8
963.5762500000001 6.4
964.1231250000001 -2.4
964.6700000000001 22.4
965.2168750000001 -3.6
965.7637500000001 -8.0
966.3106250000001 -22.8
966.8575000000001 -10.8
967.4043750000001 -15.2
967.9512500000001 -1.2
968.4981250000001 4.8
969.0450000000001 10.4
969.5918750000001 -0.4
970.1387500000001 -24.0
970.6856250000001 -11.6
971.2325000000001 2.4
971.7793750000001 20.4
972.3262500000001 -11.2
972.8731250000001 -17.2
973.4200000000001 -1.6
973.9668750000001 8.0
974.5137500000001 12.4
975.0606250000001 23.6
975.6075000000001 38.4
976.1543750000001 24.8
976.7012500000001 15.6
977.2481250000001 17.6
977.7950000000001 37.2
978.3418750000001 34.0
978.8887500000001 19.2
979.4356250000001 -4.4
979.9825000000001 -12.4
980.5293750000001 -14.8
981.0762500000001 -23.2
981.6231250000001 -5.6
982.1700000000001 -21.2
982.7168750000001 -11.2
983.2637500000001 -10.4
983.8106250000001 -13.2
984.3575000000001 -2.4
984.9043750000001 7.2
985.4512500000001 8.4
985.9981250000001 26.8
986.5450000000001 13.6
987.0918750000001 -0.4
987.6387500000001 12.4
988.1856250000001 -5.2
988.7325000000001 -0.8
989.2793750000001 16.4
989.8262500000001 8.8
990.3731250000001 18.0
990.9200000000001 15.2
991.4668750000001 6.4
992.0137500000001 12.0
992.5606250000001 14.4
993.1075000000001 14.0
993.6543750000001 16.4
994.2012500000001 9.2
994.7481250000001 3.6
995.2950000000001 6.4
995.8418750000001 7.6
996.3887500000001 7.6
996.9356250000001 10.0
997.4825000000001 -6.4
998.0293750000001 10.4
998.5762500000001 18.0
999.1231250000001 19.2
999.6700000000001 32.4
1000.2168750000001 38.0
1000.7637500000001 42.4
1001.3106250000001 33.6
1001.8575000000001 33.6
1002.4043750000001 27.6
1002.9512500000001 55.2
1003.4981250000001 58.8
1004.0450000000001 36.4
1004.5918750000001 15.2
1005.1387500000001 -0.8
1005.6856250000001 3.6
1006.2325000000001 -11.6
1006.7793750000001 2.0
1007.3262500000001 11.6
1007.8731250000001 21.2
1008.4200000000001 19.6
1008.9668750000001 0.0
1009.5137500000001 8.0
1010.0606250000001 29.2
1010.6075000000001 36.4
1011.1543750000001 11.6
1011.7012500000001 31.6
1012.2481250000001 26.0
1012.7950000000001 13.6
1013.3418750000001 8.8
1013.8887500000001 25.6
1014.4356250000001 42.8
1014.9825000000001 54.0
1015.5293750000001 62.0
1016.0762500000001 62.4
1016.6231250000001 85.6
1017.1700000000001 87.6
1017.7168750000001 98.4
1018.2637500000001 97.6
1018.8106250000001 98.0
1019.3575000000001 64.8
1019.9043750000001 45.6
1020.4512500000001 44.0
1020.9981250000001 25.6
1021.5450000000001 10.8
1022.0918750000001 -7.6
1022.6387500000001 -33.6
1023.1856250000001 -52.8
1023.7325000000001 -44.4
1024.279375 -47.2
1024.82625 -44.0
1025.373125 -25.6
1025.92 -17.6
1026.466875 0.0
1027.01375 -3.6
1027.560625 11.6
1028.1075 18.8
1028.654375 4.8
1029.20125 28.0
1029.748125 26.8
1030.295 53.2
1030.841875 30.4
1031.38875 22.0
1031.935625 18.4
1032.4825 40.8
1033.029375 57.6
1033.57625 65.2
1034.123125 81.2
1034.67 52.4
1035.216875 34.4
1035.76375 10.4
1036.310625 8.0
1036.8575 -22.8
1037.404375 -32.0
1037.95125 -50.4
1038.498125 -74.8
1039.045 -77.6
1039.591875 -86.4
1040.13875 -72.0
1040.685625 -40.0
1041.2325 -18.8
1041.779375 9.6
1042.32625 22.4
1042.873125 28.8
1043.42 42.4
1043.966875 44.8
1044.51375 57.2
1045.060625 65.6
1045.6075 46.0
1046.154375 43.6
1046.70125 50.4
1047.248125 29.2
1047.795 49.2
1048.341875 64.0
1048.88875 62.0
1049.435625 54.8
1049.9825 46.0
1050.529375 52.8
1051.07625 65.6
1051.623125 52.4
1052.17 36.4
1052.716875 46.4
1053.26375 45.6
1053.810625 29.2
1054.3575 29.6
1054.904375 30.4
1055.45125 6.4
1055.998125 5.2
1056.545 -14.8
1057.091875 -23.6
1057.63875 -26.8
1058.185625 -28.4
1058.7325 -39.2
1059.279375 -46.4
1059.82625 -63.2
1060.373125 -55.6
1060.92 -44.0
1061.466875 -44.8
1062.01375 -27.2
1062.560625 -22.4
1063.1075 -49.2
1063.654375 -63.2
1064.20125 -47.2
1064.748125 -40.8
1065.295 -40.4
1065.841875 -57.6
1066.38875 -53.2
1066.935625 -76.4
1067.4825 -70.0
1068.029375 -53.2
1068.57625 -26.4
1069.123125 -11.6
1069.67 -20.0
1070.216875 -22.8
1070.76375 -15.6
1071.310625 -9.6
1071.8575 7.6
1072.404375 35.6
1072.95125 12.8
1073.498125 -13.2
1074.045 -6.4
1074.591875 -26.0
1075.13875 -17.6
1075.685625 -13.6
1076.2325 -1.2
1076.779375 30.4
1077.32625 36.8
1077.873125 11.6
1078.42 33.2
1078.966875 51.6
1079.51375 63.2
1080.060625 70.4
1080.6075 64.4
1081.154375 74.8
1081.70125 58.4
1082.248125 30.0
1082.795 14.4
1083.341875 12.4
1083.88875 -2.0
1084.435625 12.4
1084.9825 -15.6
1085.529375 -16.4
1086.07625 -8.8
1086.623125 -22.0
1087.17 2.0
1087.716875 6.8
1088.26375 6.0
1088.810625 7.2
1089.3575 18.8
1089.904375 2.8
1090.45125 7.2
1090.998125 20.8
1091.545 17.6
1092.091875 41.2
1092.63875 16.8
1093.185625 23.2
1093.7325 29.6
1094.279375 51.6
1094.82625 40.8
1095.373125 35.6
1095.92 29.6
1096.466875 12.4
1097.01375 -4.4
1097.560625 -31.6
1098.1075 -15.2
1098.654375 -22.8
1099.20125 -41.2
1099.748125 -18.8
1100.295 -20.4
1100.841875 -16.8
1101.38875 -10.4
1101.935625 -14.8
1102.4825 -10.8
1103.029375 0.8
1103.57625 -4.0
1104.123125 10.4
1104.67 -0.8
1105.216875 -16.0
1105.76375 10.4
1106.310625 8.0
1106.8575 8.0
1107.404375 13.2
1107.95125 2.8
1108.498125 -14.0
1109.045 -19.2
1109.591875 -42.4
1110.13875 -34.4
1110.685625 -49.6
1111.2325 -63.6
1111.779375 -46.4
1112.32625 -35.6
1112.873125 -16.4
1113.42 4.0
1113.966875 28.8
1114.51375 22.8
1115.060625 16.4
1115.6075 19.2
1116.154375 12.8
1116.70125 -1.6
1117.248125 -7.2
1117.795 -18.4
1118.341875 -29.2
1118.88875 -38.4
1119.435625 -44.4
1119.9825 -41.2
1120.529375 -39.2
1121.07625 -28.4
1121.623125 -28.0
1122.17 -10.4
1122.716875 -23.2
1123.26375 -32.4
1123.810625 -17.6
1124.3575 -4.4
1124.904375 -8.0
1125.45125 -4.8
1125.998125 -4.8
1126.545 -2.0
1127.091875 14.0
1127.63875 2.8
1128.185625 34.4
1128.7325 44.4
1129.279375 24.0
1129.82625 -8.8
1130.373125 -8.4
1130.92 -25.6
1131.466875 3.2
1132.01375 -2.4
1132.560625 -7.6
1133.1075 -12.4
1133.654375 -42.0
1134.20125 -42.4
1134.748125 -7.6
1135.295 26.0
1135.841875 26.0
1136.38875 42.8
1136.935625 34.0
1137.4825 32.4
1138.029375 28.4
1138.57625 26.0
1139.123125 34.8
1139.67 40.8
1140.216875 21.2
1140.76375 21.2
1141.310625 11.2
1141.8575 13.6
1142.404375 13.2
1142.95125 21.2
1143.498125 30.8
1144.045 51.6
1144.591875 26.8
1145.13875 28.8
1145.685625 22.4
1146.2325 1.2
1146.779375 21.2
1147.32625 18.4
1147.873125 22.4
1148.42 17.2
1148.966875 16.0
1149.51375 12.0
1150.060625 38.0
1150.6075 31.2
1151.154375 22.8
1151.70125 12.0
1152.248125 20.8
1152.795 18.8
1153.341875 13.2
1153.88875 7.2
1154.435625 -20.4
1154.9825 -25.2
1155.529375 -46.8
1156.07625 -48.8
1156.623125 -31.2
1157.17 2.4
1157.716875 2.0
1158.26375 -2.4
1158.810625 -7.2
1159.3575 8.8
1159.904375 24.4
1160.45125 18.8
1160.998125 38.0
1161.545 47.6
1162.091875 43.6
1162.63875 40.0
1163.185625 4.0
1163.7325 12.4
1164.279375 6.4
1164.82625 -4.0
1165.373125 4.0
1165.92 18.8
1166.466875 8.0
1167.01375 -1.6
1167.560625 -7.6
1168.1075 -14.8
1168.654375 -3.6
1169.20125 12.8
1169.748125 32.8
1170.295 27.2
1170.841875 28.8
1171.38875 6.4
1171.935625 1.6
1172.4825 12.4
1173.029375 11.6
1173.57625 -4.0
1174.123125 -5.6
1174.67 -13.2
1175.216875 -22.4
1175.76375 -0.4
1176.310625 -16.8
1176.8575 -9.2
1177.404375 -8.4
1177.95125 -23.2
1178.498125 -17.6
1179.045 2.0
1179.591875 1.6
1180.13875 -10.8
1180.685625 -18.0
1181.2325 -34.4
1181.779375 -23.2
1182.32625 -20.8
1182.873125 -12.0
1183.42 -13.6
1183.966875 -11.2
1184.51375 -13.2
1185.060625 -8.4
1185.6075 3.2
1186.154375 8.4
1186.70125 -6.0
1187.248125 -0.4
1187.795 11.2
1188.341875 17.2
1188.88875 7.6
1189.435625 10.4
1189.9825 8.8
1190.529375 6.0
1191.07625 3.6
1191.623125 13.2
1192.17 16.8
1192.716875 12.0
1193.26375 11.2
1193.810625 9.2
1194.3575 28.4
1194.904375 24.0
1195.45125 25.2
1195.998125 17.6
1196.545 3.2
1197.091875 -25.6
1197.63875 -19.2
1198.185625 -14.0
1198.7325 -0.4
1199.279375 1.2
1199.82625 9.2
1200.373125 28.4
1200.92 37.6
1201.466875 57.2
1202.01375 54.0
1202.560625 76.0
1203.1075 73.2
1203.654375 68.0
1204.20125 50.8
1204.748125 27.2
1205.295 18.8
1205.841875 -2.0
1206.38875 -20.8
1206.935625 -39.2
1207.4825 -13.6
1208.029375 -12.8
1208.57625 -10.0
1209.123125 -2.8
1209.67 -12.0
1210.216875 -6.8
1210.76375 -18.4
1211.310625 -28.8
1211.8575 -14.0
1212.404375 -12.0
1212.95125 -21.6
1213.498125 -20.4
1214.045 -7.6
1214.591875 2.0
1215.13875 -15.6
1215.685625 -11.2
1216.2325 7.2
1216.779375 10.8
1217.32625 7.6
1217.873125 14.8
1218.42 15.2
1218.966875 4.0
1219.51375 5.6
1220.060625 -15.6
1220.6075 -0.8
1221.154375 3.2
1221.70125 0.8
1222.248125 12.4
1222.795 9.6
1223.341875 -2.4
1223.88875 -34.8
1224.435625 -18.0
1224.9825 -18.0
1225.529375 -16.4
1226.07625 -17.2
1226.623125 -13.6
1227.17 -22.8
1227.716875 -18.8
1228.26375 -16.4
1228.810625 -1.6
1229.3575 18.8
1229.904375 14.8
1230.45125 5.2
1230.998125 11.6
1231.545 37.6
1232.091875 47.2
1232.63875 45.6
1233.185625 32.0
1233.7325 43.6
1234.279375 42.8
1234.82625 38.4
1235.373125 34.0
1235.92 29.2
1236.466875 29.6
1237.01375 21.6
1237.560625 19.2
1238.1075 18.4
1238.654375 25.6
1239.20125 35.6
1239.748125 38.0
1240.295 54.4
1240.841875 52.4
1241.38875 41.6
1241.935625 32.8
1242.4825 17.2
1243.029375 5.2
1243.57625 17.6
1244.123125 30.4
1244.67 -6.0
1245.216875 -13.2
1245.76375 -22.4
1246.310625 -32.8
1246.8575 -27.6
1247.404375 -1.2
1247.95125 11.2
1248.498125 13.2
1249.045 7.2
1249.591875 -3.2
1250.13875 14.4
1250.685625 14.8
1251.2325 18.4
1251.779375 33.2
1252.32625 36.8
1252.873125 26.0
1253.42 19.2
1253.966875 -0.8
1254.51375 -6.0
1255.060625 -16.4
1255.6075 -30.8
1256.154375 -34.8
1256.70125 -23.6
1257.248125 -22.8
1257.795 -20.8
1258.341875 -20.8
1258.88875 -18.4
1259.435625 15.6
1259.9825 44.0
1260.529375 57.6
1261.07625 65.2
1261.623125 66.8
1262.17 59.6
1262.716875 73.6
1263.26375 82.4
1263.810625 58.8
1264.3575 66.0
1264.904375 75.6
1265.45125 61.2
1265.998125 60.4
1266.545 52.4
1267.091875 58.4
1267.63875 56.8
1268.185625 48.8
1268.7325 38.0
1269.279375 55.2
1269.82625 51.6
1270.373125 23.2
1270.92 0.4
1271.466875 7.2
1272.01375 18.0
1272.560625 34.8
1273.1075 8.4
1273.654375 11.2
1274.20125 16.8
1274.748125 13.6
1275.295 16.0
1275.841875 29.2
1276.38875 41.6
1276.935625 27.2
1277.4825 35.2
1278.029375 21.6
1278.57625 48.0
1279.123125 54.8
1279.67 66.8
1280.216875 61.6
1280.76375 64.8
1281.310625 47.6
1281.8575 42.0
1282.404375 24.8
1282.95125 13.2
1283.498125 5.6
1284.045 3.6
1284.591875 -20.4
1285.13875 -43.2
1285.685625 -61.6
1286.2325 -61.2
1286.779375 -43.6
1287.32625 -22.0
1287.873125 -8.8
1288.42 -6.8
1288.966875 -17.6
1289.51375 -17.2
1290.060625 -17.2
1290.6075 -3.2
1291.154375 29.2
1291.70125 17.2
1292.248125 11.6
1292.795 -2.4
1293.341875 6.0
1293.88875 -6.8
1294.435625 -1.2
1294.9825 -15.2
1295.529375 -14.8
1296.07625 -13.2
1296.623125 -18.8
1297.17 -22.0
1297.716875 -25.2
1298.26375 -44.4
1298.810625 -45.2
1299.3575 -14.4
1299.904375 -7.6
1300.45125 -10.0
1300.998125 -7.6
1301.545 -20.8
1302.091875 -31.6
1302.63875 -28.8
1303.185625 -39.6
1303.7325 -2.8
1304.279375 -22.0
1304.82625 -48.0
1305.373125 -48.4
1305.92 -37.2
1306.466875 -40.4
1307.01375 -32.4
1307.560625 -13.6
1308.1075 -15.2
1308.654375 -6.0
1309.20125 -21.2
1309.748125 11.2
1310.295 28.4
1310.841875 46.8
1311.38875 40.8
1311.935625 37.6
1312.4825 22.0
1313.029375 -2.0
1313.57625 14.0
1314.123125 0.0
1314.67 -17.6
1315.216875 -40.0
1315.76375 -43.6
1316.310625 -63.6
1316.8575 -49.2
1317.404375 -39.6
1317.95125 -12.4
1318.498125 13.2
1319.045 1.6
1319.591875 28.4
1320.13875 23.6
1320.685625 39.2
1321.2325 35.6
1321.779375 26.8
1322.32625 13.6
1322.873125 12.0
1323.42 8.4
1323.966875 8.4
1324.51375 23.2
1325.060625 17.6
1325.6075 27.2
1326.154375 3.2
1326.70125 1.6
1327.248125 15.2
1327.795 38.8
1328.341875 42.0
1328.88875 16.0
1329.435625 5.2
1329.9825 -1.6
1330.529375 -8.4
1331.07625 -13.6
1331.623125 -19.2
1332.17 -34.4
1332.716875 -42.4
1333.26375 -56.8
1333.810625 -47.6
1334.3575 -40.8
1334.904375 -38.8
1335.45125 -39.2
1335.998125 -26.4
1336.545 -8.4
1337.091875 18.0
1337.63875 31.6
1338.185625 40.0
1338.7325 48.8
1339.279375 39.2
1339.82625 41.6
1340.373125 48.0
1340.92 20.8
1341.466875 34.0
1342.01375 21.2
1342.560625 15.2
1343.1075 3.2
1343.654375 -23.6
1344.20125 -34.4
1344.748125 -40.0
1345.295 -47.6
1345.841875 -63.6
1346.38875 -36.4
1346.935625 -57.2
1347.4825 -54.8
1348.029375 -60.8
1348.57625 -40.8
1349.123125 -2.8
1349.67 12.0
1350.216875 37.6
1350.76375 64.8
1351.310625 94.0
1351.8575 96.0
1352.404375 100.8
1352.95125 83.2
1353.498125 93.6
1354.045 79.2
1354.591875 69.2
1355.13875 60.8
1355.685625 40.4
1356.2325 32.4
1356.779375 26.4
1357.32625 7.2
1357.873125 8.0
1358.42 34.8
1358.966875 22.8
1359.51375 39.2
1360.060625 36.0
1360.6075 32.4
1361.154375 28.8
1361.70125 34.0
1362.248125 30.8
1362.795 47.6
1363.341875 59.6
1363.88875 55.6
1364.435625 67.2
1364.9825 42.8
1365.529375 30.0
1366.07625 39.6
1366.623125 54.0
1367.17 43.6
1367.716875 32.0
1368.26375 12.8
1368.810625 -12.4
1369.3575 -13.2
1369.904375 -29.6
1370.45125 -24.4
1370.998125 8.8
1371.545 6.4
1372.091875 2.4
1372.63875 -17.2
1373.185625 -12.8
1373.7325 -11.6
1374.279375 -7.6
1374.82625 -6.4
1375.373125 23.6
1375.92 44.8
1376.466875 24.0
1377.01375 7.2
1377.560625 -2.4
1378.1075 28.8
1378.654375 26.8
1379.20125 31.2
1379.748125 53.2
1380.295 56.4
1380.841875 26.4
1381.38875 1.2
1381.935625 2.0
1382.4825 13.2
1383.029375 6.4
1383.57625 -5.6
1384.123125 -26.0
1384.67 -26.0
1385.216875 -48.8
1385.76375 -40.8
1386.310625 -31.2
1386.8575 -34.8
1387.404375 -9.6
1387.95125 -4.4
1388.498125 10.8
1389.045 -5.6
1389.591875 3.2
1390.13875 31.6
1390.685625 48.0
1391.2325 28.4
1391.779375 28.4
1392.32625 79.2
1392.873125 65.6
1393.42 76.0
1393.966875 37.6
1394.51375 73.6
1395.060625 82.8
1395.6075 65.2
1396.154375 64.8
1396.70125 46.4
1397.248125 51.6
1397.795 0.0
1398.341875 -15.2
1398.88875 -34.0
1399.435625 8.4
1399.9825 12.0
1400.529375 -35.2
1401.07625 -63.6
1401.623125 -87.6
1402.17 -72.4
1402.716875 -76.4
1403.26375 -55.2
1403.810625 -35.6
1404.3575 -20.4
1404.904375 -49.2
1405.45125 -87.2
1405.998125 -32.8
1406.545 -2.0
1407.091875 35.6
1407.63875 58.0
1408.185625 54.4
1408.7325 42.8
1409.279375 -7.6
1409.82625 -22.8
1410.373125 -15.6
1410.92 8.8
1411.466875 5.6
1412.01375 -6.4
1412.560625 -24.4
1413.1075 -44.0
1413.654375 -54.8
