299.67 2324
300.216875 2076
300.76375 2336
301.310625 3120
301.8575 2224
302.404375 2668
302.95125 1700
303.498125 2036
304.045 1644
304.591875 2068
305.13875 2672
305.685625 1972
306.2325 2740
306.779375 3092
307.32625 2972
307.873125 2600
308.42 3160
308.966875 2260
309.51375 2312
310.060625 1748
310.6075 2260
311.154375 2028
311.70125 2060
312.248125 2400
312.795 3636
313.341875 1808
313.88875 3740
314.435625 1952
314.9825 2728
315.529375 1524
316.07625 1516
316.623125 2460
317.17 1664
317.716875 2296
318.26375 2208
318.810625 2204
319.3575 1780
319.904375 1592
320.45125 1728
320.998125 2404
321.545 1600
322.091875 2252
322.63875 1992
323.185625 1752
323.7325 1628
324.279375 2896
324.82625 2200
325.373125 2220
325.92 1972
326.466875 2080
327.01375 2112
327.560625 3288
328.1075 2024
328.654375 2084
329.20125 1916
329.748125 1740
330.295 1776
330.841875 2096
331.38875 1528
331.935625 1708
332.4825 2620
333.029375 1644
333.57625 2276
334.123125 1568
334.67 2156
335.216875 2644
335.76375 2060
336.310625 2160
336.8575 1900
337.404375 1516
337.95125 2016
338.498125 2496
339.045 2684
339.591875 1548
340.13875 2068
340.685625 1828
341.2325 2308
341.779375 1864
342.32625 1404
342.873125 3092
343.42 2404
343.966875 1804
344.51375 2232
345.060625 2816
345.6075 2048
346.154375 2188
346.70125 2344
347.248125 2220
347.795 1464
348.341875 3448
348.88875 2064
349.435625 1888
349.9825 1564
350.529375 1816
351.07625 1976
351.623125 1956
352.17 1624
352.716875 1764
353.26375 2764
353.810625 1308
354.3575 1900
354.904375 1348
355.45125 2512
355.998125 2100
356.545 1356
357.091875 2664
357.63875 1504
358.185625 1752
358.7325 2044
359.279375 1616
359.82625 1996
360.373125 1896
360.92 1288
361.466875 1968
362.01375 1988
362.560625 2384
363.1075 1456
363.654375 1424
364.20125 2832
364.748125 2148
365.295 1568
365.841875 1660
366.38875 1364
366.935625 2080
367.4825 1632
368.029375 1484
368.57625 2172
369.123125 2080
369.67 2028
370.216875 1932
370.76375 1864
371.310625 1784
371.8575 1732
372.404375 1940
372.95125 3268
373.498125 2268
374.045 2128
374.591875 2032
375.13875 2612
375.685625 1468
376.2325 1736
376.779375 2072
377.32625 2988
377.873125 2156
378.42 2112
378.966875 2536
379.51375 1552
380.060625 1816
380.6075 2436
381.154375 2260
381.70125 1676
382.248125 2344
382.795 2108
383.341875 1720
383.88875 2284
384.435625 2056
384.9825 1928
385.529375 2644
386.07625 2528
386.623125 1904
387.17 1868
387.716875 1620
388.26375 1872
388.810625 3012
389.3575 1452
389.904375 1772
390.45125 1748
390.998125 1300
391.545 1768
392.091875 1796
392.63875 2300
393.185625 3124
393.7325 1780
394.279375 2456
394.82625 1256
395.373125 1796
395.92 1472
396.466875 3096
397.01375 2144
397.560625 1728
398.1075 1572
398.654375 1440
399.20125 1792
399.748125 2704
400.295 1860
400.841875 1584
401.38875 2100
401.935625 3000
402.4825 1860
403.029375 1772
403.57625 1968
404.123125 1696
404.67 2600
405.216875 2552
405.76375 2324
406.310625 2068
406.8575 1592
407.404375 2112
407.95125 1896
408.498125 3092
409.045 2200
409.591875 2148
410.13875 2180
410.685625 1444
411.2325 1824
411.779375 1672
412.32625 1692
412.873125 1708
413.42 1860
413.966875 2356
414.51375 1820
415.060625 2316
415.6075 2088
416.154375 1564
416.70125 2004
417.248125 2452
417.795 1792
418.341875 2132
418.88875 2284
419.435625 1284
419.9825 2428
420.529375 1792
421.07625 2064
421.623125 1844
422.17 2788
422.716875 1724
423.26375 1520
423.810625 2688
424.3575 2096
424.904375 1488
425.45125 2000
425.998125 1804
426.545 1820
427.091875 1928
427.63875 1660
428.185625 2352
428.7325 1940
429.279375 1892
429.82625 1660
430.373125 2624
430.92 1368
431.466875 3100
432.01375 2696
432.560625 2540
433.1075 1620
433.654375 1716
434.20125 1628
434.748125 1460
435.295 1836
435.841875 1440
436.38875 1852
436.935625 2380
437.4825 2252
438.029375 1760
438.57625 1908
439.123125 1544
439.67 2264
440.216875 1452
440.76375 1636
441.310625 1440
441.8575 2156
442.404375 2492
442.95125 1748
443.498125 1364
444.045 1612
444.591875 2232
445.13875 1816
445.685625 1408
446.2325 3292
446.779375 2248
447.32625 2428
447.873125 4608
448.42 1748
448.966875 3240
449.51375 1540
450.060625 1780
450.6075 1404
451.154375 1544
451.70125 1688
452.248125 1624
452.795 1064
453.341875 2460
453.88875 2540
454.435625 2200
454.9825 1624
455.529375 1668
456.07625 1548
456.623125 1284
457.17 1804
457.716875 1800
458.26375 1680
458.810625 1680
459.3575 2232
459.904375 2612
460.45125 1636
460.998125 1540
461.545 1632
462.091875 4216
462.63875 2200
463.185625 1944
463.7325 2012
464.279375 1876
464.82625 2404
465.373125 1428
465.92 1796
466.466875 1728
467.01375 1544
467.560625 1784
468.1075 2284
468.654375 1500
469.20125 1584
469.748125 1548
470.295 1836
470.841875 1740
471.38875 1420
471.935625 2112
472.4825 2468
473.029375 1776
473.57625 2092
474.123125 2156
474.67 1792
475.216875 2448
475.76375 1380
476.310625 1984
476.8575 2360
477.404375 2060
477.95125 1848
478.498125 1520
479.045 3700
479.591875 1960
480.13875 1948
480.685625 2036
481.2325 1908
481.779375 2240
482.32625 1896
482.873125 2020
483.42 1928
483.966875 1708
484.51375 1240
485.060625 1344
485.6075 1680
486.154375 1828
486.70125 1388
487.248125 1776
487.795 3024
488.341875 2172
488.88875 1720
489.435625 2188
489.9825 1608
490.529375 1752
491.07625 1884
491.623125 1616
492.17 1664
492.716875 1704
493.26375 2260
493.810625 1704
494.3575 1720
494.904375 1540
495.45125 1816
495.998125 1552
496.545 1908
497.091875 2224
497.63875 1856
498.185625 1644
498.7325 1204
499.279375 1736
499.82625 2524
500.373125 1936
500.92 2612
501.466875 2788
502.01375 1300
502.560625 2236
503.1075 1800
503.654375 1900
504.20125 1416
504.748125 1548
505.295 1832
505.841875 1924
506.38875 2564
506.935625 1660
507.4825 2136
508.029375 1260
508.57625 1644
509.123125 1800
509.67 2004
510.216875 2496
510.76375 1456
511.310625 1816
511.8575 1248
512.4043750000001 2356
512.9512500000001 1296
513.4981250000001 1244
514.0450000000001 1956
514.5918750000001 1952
515.1387500000001 1932
515.6856250000001 1780
516.2325000000001 1720
516.7793750000001 1588
517.3262500000001 1568
517.8731250000001 1816
518.4200000000001 1496
518.9668750000001 2160
519.5137500000001 2148
520.0606250000001 2032
520.6075000000001 2076
521.1543750000001 1668
521.7012500000001 1400
522.2481250000001 2128
522.7950000000001 1604
523.3418750000001 1808
523.8887500000001 1320
524.4356250000001 1220
524.9825000000001 2236
525.5293750000001 2028
526.0762500000001 1532
526.6231250000001 1924
527.1700000000001 2008
527.7168750000001 1528
528.2637500000001 1664
528.8106250000001 1992
529.3575000000001 1888
529.9043750000001 1676
530.4512500000001 1668
530.9981250000001 1488
531.5450000000001 2112
532.0918750000001 1932
532.6387500000001 2044
533.1856250000001 1744
533.7325000000001 1720
534.2793750000001 2328
534.8262500000001 1792
535.3731250000001 1684
535.9200000000001 1924
536.4668750000001 2680
537.0137500000001 1712
537.5606250000001 2236
538.1075000000001 1944
538.6543750000001 1496
539.2012500000001 2804
539.7481250000001 1756
540.2950000000001 1980
540.8418750000001 2136
541.3887500000001 1668
541.9356250000001 2272
542.4825000000001 1460
543.0293750000001 2452
543.5762500000001 2676
544.1231250000001 1868
544.6700000000001 1416
545.2168750000001 1944
545.7637500000001 2096
546.3106250000001 1980
546.8575000000001 2368
547.4043750000001 2060
547.9512500000001 1940
548.4981250000001 2024
549.0450000000001 2004
549.5918750000001 1560
550.1387500000001 1632
550.6856250000001 1668
551.2325000000001 2684
551.7793750000001 2048
552.3262500000001 2304
552.8731250000001 2668
553.4200000000001 1712
553.9668750000001 2520
554.5137500000001 1940
555.0606250000001 1440
555.6075000000001 2328
556.1543750000001 2272
556.7012500000001 1440
557.2481250000001 2496
557.7950000000001 1924
558.3418750000001 1772
558.8887500000001 1624
559.4356250000001 2016
559.9825000000001 1704
560.5293750000001 1256
561.0762500000001 3388
561.6231250000001 2588
562.1700000000001 2268
562.7168750000001 2900
563.2637500000001 1776
563.8106250000001 2276
564.3575000000001 1680
564.9043750000001 2692
565.4512500000001 2028
565.9981250000001 2284
566.5450000000001 1240
567.0918750000001 2100
567.6387500000001 1660
568.1856250000001 1860
568.7325000000001 1500
569.2793750000001 2644
569.8262500000001 1996
570.3731250000001 1716
570.9200000000001 1580
571.4668750000001 2016
572.0137500000001 1788
572.5606250000001 2260
573.1075000000001 2188
573.6543750000001 1456
574.2012500000001 1880
574.7481250000001 1712
575.2950000000001 2392
575.8418750000001 1968
576.3887500000001 1904
576.9356250000001 1504
577.4825000000001 2500
578.0293750000001 1644
578.5762500000001 1996
579.1231250000001 1352
579.6700000000001 1444
580.2168750000001 2008
580.7637500000001 1648
581.3106250000001 1500
581.8575000000001 2104
582.4043750000001 1660
582.9512500000001 1760
583.4981250000001 2272
584.0450000000001 1736
584.5918750000001 2244
585.1387500000001 2524
585.6856250000001 1788
586.2325000000001 2120
586.7793750000001 2228
587.3262500000001 2672
587.8731250000001 1904
588.4200000000001 1964
588.9668750000001 2320
589.5137500000001 1396
590.0606250000001 2016
590.6075000000001 1868
591.1543750000001 1784
591.7012500000001 1532
592.2481250000001 1836
592.7950000000001 1940
593.3418750000001 2212
593.8887500000001 2244
594.4356250000001 1388
594.9825000000001 3188
595.5293750000001 1724
596.0762500000001 1756
596.6231250000001 1788
597.1700000000001 2316
597.7168750000001 2292
598.2637500000001 1880
598.8106250000001 2556
599.3575000000001 1388
599.9043750000001 1372
600.4512500000001 1700
600.9981250000001 1496
601.5450000000001 1908
602.0918750000001 1444
602.6387500000001 2108
603.1856250000001 2048
603.7325000000001 1648
604.2793750000001 2008
604.8262500000001 2040
605.3731250000001 1188
605.9200000000001 1336
606.4668750000001 2308
607.0137500000001 1828
607.5606250000001 1896
608.1075000000001 2708
608.6543750000001 1808
609.2012500000001 1536
609.7481250000001 2200
610.2950000000001 1308
610.8418750000001 2104
611.3887500000001 2056
611.9356250000001 2304
612.4825000000001 2108
613.0293750000001 2276
613.5762500000001 2212
614.1231250000001 2056
614.6700000000001 3540
615.2168750000001 2364
615.7637500000001 2024
616.3106250000001 2064
616.8575000000001 2196
617.4043750000001 1908
617.9512500000001 2504
618.4981250000001 2284
619.0450000000001 2496
619.5918750000001 2084
620.1387500000001 2056
620.6856250000001 2972
621.2325000000001 2388
621.7793750000001 2032
622.3262500000001 3236
622.8731250000001 2528
623.4200000000001 4236
623.9668750000001 3008
624.5137500000001 2344
625.0606250000001 3244
625.6075000000001 2636
626.1543750000001 2956
626.7012500000001 2500
627.2481250000001 2584
627.7950000000001 2908
628.3418750000001 3012
628.8887500000001 3220
629.4356250000001 4228
629.9825000000001 3520
630.5293750000001 4008
631.0762500000001 3460
631.6231250000001 3564
632.1700000000001 3848
632.7168750000001 3308
633.2637500000001 4344
633.8106250000001 3836
634.3575000000001 3928
634.9043750000001 4680
635.4512500000001 4128
635.9981250000001 4688
636.5450000000001 4480
637.0918750000001 3876
637.6387500000001 3828
638.1856250000001 4648
638.7325000000001 4208
639.2793750000001 3576
639.8262500000001 3856
640.3731250000001 3884
640.9200000000001 2692
641.4668750000001 2972
642.0137500000001 3060
642.5606250000001 2860
643.1075000000001 2384
643.6543750000001 1900
644.2012500000001 2440
644.7481250000001 2364
645.2950000000001 2484
645.8418750000001 2216
646.3887500000001 2392
646.9356250000001 2504
647.4825000000001 2072
648.0293750000001 1720
648.5762500000001 1668
649.1231250000001 2156
649.6700000000001 2332
650.2168750000001 2140
650.7637500000001 1860
651.3106250000001 2080
651.8575000000001 1988
652.4043750000001 1484
652.9512500000001 1964
653.4981250000001 1376
654.0450000000001 1600
654.5918750000001 2212
655.1387500000001 2160
655.6856250000001 2808
656.2325000000001 2204
656.7793750000001 2212
657.3262500000001 2184
657.8731250000001 2180
658.4200000000001 2208
658.9668750000001 1888
659.5137500000001 1816
660.0606250000001 1860
660.6075000000001 1900
661.1543750000001 2064
661.7012500000001 2164
662.2481250000001 2316
662.7950000000001 2200
663.3418750000001 1476
663.8887500000001 1888
664.4356250000001 1764
664.9825000000001 1368
665.5293750000001 1104
666.0762500000001 1904
666.6231250000001 2020
667.1700000000001 2188
667.7168750000001 2352
668.2637500000001 2460
668.8106250000001 1652
669.3575000000001 2052
669.9043750000001 1836
670.4512500000001 2404
670.9981250000001 1636
671.5450000000001 2000
672.0918750000001 1968
672.6387500000001 1964
673.1856250000001 1888
673.7325000000001 2120
674.2793750000001 2448
674.8262500000001 3128
675.3731250000001 1496
675.9200000000001 2180
676.4668750000001 1712
677.0137500000001 2164
677.5606250000001 1648
678.1075000000001 1448
678.6543750000001 1752
679.2012500000001 1336
679.7481250000001 2424
680.2950000000001 2008
680.8418750000001 2032
681.3887500000001 1900
681.9356250000001 2132
682.4825000000001 2488
683.0293750000001 1928
683.5762500000001 1288
684.1231250000001 1956
684.6700000000001 2140
685.2168750000001 1680
685.7637500000001 2904
686.3106250000001 2308
686.8575000000001 1620
687.4043750000001 1788
687.9512500000001 1644
688.4981250000001 2484
689.0450000000001 2064
689.5918750000001 2228
690.1387500000001 1884
690.6856250000001 2956
691.2325000000001 2188
691.7793750000001 1672
692.3262500000001 1568
692.8731250000001 2140
693.4200000000001 1732
693.9668750000001 2404
694.5137500000001 1624
695.0606250000001 2204
695.6075000000001 1932
696.1543750000001 2800
696.7012500000001 2132
697.2481250000001 2076
697.7950000000001 2532
698.3418750000001 2652
698.8887500000001 1764
699.4356250000001 2412
699.9825000000001 2360
700.5293750000001 2044
701.0762500000001 2524
701.6231250000001 2496
702.1700000000001 2320
702.7168750000001 2808
703.2637500000001 2056
703.8106250000001 2588
704.3575000000001 2752
704.9043750000001 2936
705.4512500000001 2720
705.9981250000001 2736
706.5450000000001 2196
707.0918750000001 2788
707.6387500000001 2516
708.1856250000001 2068
708.7325000000001 2460
709.2793750000001 2904
709.8262500000001 3764
710.3731250000001 2716
710.9200000000001 2496
711.4668750000001 2780
712.0137500000001 3012
712.5606250000001 2800
713.1075000000001 2708
713.6543750000001 3292
714.2012500000001 3180
714.7481250000001 3492
715.2950000000001 2876
715.8418750000001 3452
716.3887500000001 3564
716.9356250000001 3500
717.4825000000001 3956
718.0293750000001 3568
718.5762500000001 4204
719.1231250000001 4604
719.6700000000001 4352
720.2168750000001 4192
720.7637500000001 4264
721.3106250000001 4120
721.8575000000001 3724
722.4043750000001 5284
722.9512500000001 4924
723.4981250000001 4340
724.0450000000001 5092
724.5918750000001 4792
725.1387500000001 5344
725.6856250000001 5996
726.2325000000001 5604
726.7793750000001 5732
727.3262500000001 5704
727.8731250000001 6248
728.4200000000001 5552
728.9668750000001 8748
729.5137500000001 6296
730.0606250000001 7260
730.6075000000001 7304
731.1543750000001 7224
731.7012500000001 7124
732.2481250000001 7548
732.7950000000001 8252
733.3418750000001 8428
733.8887500000001 8644
734.4356250000001 7840
734.9825000000001 8516
735.5293750000001 9076
736.0762500000001 9588
736.6231250000001 10180
737.1700000000001 9884
737.7168750000001 11180
738.2637500000001 11140
738.8106250000001 10840
739.3575000000001 12708
739.9043750000001 11700
740.4512500000001 11456
740.9981250000001 11752
741.5450000000001 11580
742.0918750000001 11616
742.6387500000001 11740
743.1856250000001 11140
743.7325000000001 10320
744.2793750000001 10296
744.8262500000001 9464
745.3731250000001 9244
745.9200000000001 9428
746.4668750000001 7912
747.0137500000001 7268
747.5606250000001 5764
748.1075000000001 5332
748.6543750000001 5020
749.2012500000001 5120
749.7481250000001 4516
750.2950000000001 3872
750.8418750000001 4152
751.3887500000001 3684
751.9356250000001 3464
752.4825000000001 2948
753.0293750000001 2852
753.5762500000001 2836
754.1231250000001 2376
754.6700000000001 2476
755.2168750000001 3532
755.7637500000001 2472
756.3106250000001 1836
756.8575000000001 2712
757.4043750000001 2396
757.9512500000001 1800
758.4981250000001 1880
759.0450000000001 2384
759.5918750000001 2384
760.1387500000001 2596
760.6856250000001 1644
761.2325000000001 3212
761.7793750000001 2092
762.3262500000001 2536
762.8731250000001 1956
763.4200000000001 1668
763.9668750000001 2324
764.5137500000001 2000
765.0606250000001 2068
765.6075000000001 2240
766.1543750000001 1964
766.7012500000001 2408
767.2481250000001 1832
767.7950000000001 2000
768.3418750000001 1656
768.8887500000001 2172
769.4356250000001 2064
769.9825000000001 1548
770.5293750000001 1720
771.0762500000001 2156
771.6231250000001 2016
772.1700000000001 1928
772.7168750000001 2268
773.2637500000001 2160
773.8106250000001 2072
774.3575000000001 1556
774.9043750000001 1384
775.4512500000001 2392
775.9981250000001 1844
776.5450000000001 1756
777.0918750000001 1992
777.6387500000001 1732
778.1856250000001 1932
778.7325000000001 2236
779.2793750000001 1660
779.8262500000001 2136
780.3731250000001 1912
780.9200000000001 2244
781.4668750000001 2460
782.0137500000001 1616
782.5606250000001 1716
783.1075000000001 1992
783.6543750000001 2044
784.2012500000001 2056
784.7481250000001 2232
785.2950000000001 1316
785.8418750000001 1944
786.3887500000001 1480
786.9356250000001 1592
787.4825000000001 1964
788.0293750000001 2188
788.5762500000001 2276
789.1231250000001 1752
789.6700000000001 1844
790.2168750000001 2128
790.7637500000001 1776
791.3106250000001 1768
791.8575000000001 1280
792.4043750000001 2404
792.9512500000001 1412
793.4981250000001 2204
794.0450000000001 2164
794.5918750000001 1968
795.1387500000001 1760
795.6856250000001 1996
796.2325000000001 2564
796.7793750000001 1680
797.3262500000001 1644
797.8731250000001 2192
798.4200000000001 1620
798.9668750000001 1680
799.5137500000001 1620
800.0606250000001 1900
800.6075000000001 1884
801.1543750000001 1440
801.7012500000001 2492
802.2481250000001 1588
802.7950000000001 2332
803.3418750000001 2004
803.8887500000001 1276
804.4356250000001 1932
804.9825000000001 2472
805.5293750000001 2572
806.0762500000001 1828
806.6231250000001 1524
807.1700000000001 2292
807.7168750000001 1908
808.2637500000001 2296
808.8106250000001 2116
809.3575000000001 1976
809.9043750000001 1912
810.4512500000001 1636
810.9981250000001 2108
811.5450000000001 1912
812.0918750000001 3800
812.6387500000001 1764
813.1856250000001 1612
813.7325000000001 3256
814.2793750000001 1888
814.8262500000001 2200
815.3731250000001 2508
815.9200000000001 2100
816.4668750000001 2132
817.0137500000001 2092
817.5606250000001 1640
818.1075000000001 2536
818.6543750000001 2360
819.2012500000001 2180
819.7481250000001 1552
820.2950000000001 1848
820.8418750000001 1580
821.3887500000001 2308
821.9356250000001 1492
822.4825000000001 1976
823.0293750000001 2172
823.5762500000001 2072
824.1231250000001 1624
824.6700000000001 1684
825.2168750000001 1552
825.7637500000001 1284
826.3106250000001 2680
826.8575000000001 1892
827.4043750000001 1448
827.9512500000001 1556
828.4981250000001 1724
829.0450000000001 2192
829.5918750000001 2036
830.1387500000001 1828
830.6856250000001 2412
831.2325000000001 1968
831.7793750000001 2140
832.3262500000001 2764
832.8731250000001 2032
833.4200000000001 1392
833.9668750000001 2260
834.5137500000001 2360
835.0606250000001 2320
835.6075000000001 1512
836.1543750000001 2136
836.7012500000001 2308
837.2481250000001 1448
837.7950000000001 1736
838.3418750000001 2860
838.8887500000001 1896
839.4356250000001 2472
839.9825000000001 2400
840.5293750000001 1820
841.0762500000001 1128
841.6231250000001 1948
842.1700000000001 1244
842.7168750000001 1952
843.2637500000001 1652
843.8106250000001 1920
844.3575000000001 1700
844.9043750000001 2112
845.4512500000001 2660
845.9981250000001 1864
846.5450000000001 1412
847.0918750000001 1428
847.6387500000001 3056
848.1856250000001 1732
848.7325000000001 2436
849.2793750000001 1936
849.8262500000001 1592
850.3731250000001 1168
850.9200000000001 2456
851.4668750000001 1604
852.0137500000001 1744
852.5606250000001 1772
853.1075000000001 2820
853.6543750000001 2120
854.2012500000001 1444
854.7481250000001 1908
855.2950000000001 1752
855.8418750000001 1968
856.3887500000001 1628
856.9356250000001 1804
857.4825000000001 1460
858.0293750000001 2252
858.5762500000001 1756
859.1231250000001 1848
859.6700000000001 3016
860.2168750000001 2404
860.7637500000001 1692
861.3106250000001 1824
861.8575000000001 2084
862.4043750000001 1480
862.9512500000001 2320
863.4981250000001 1748
864.0450000000001 2184
864.5918750000001 2516
865.1387500000001 2200
865.6856250000001 7936
866.2325000000001 1432
866.7793750000001 1764
867.3262500000001 1444
867.8731250000001 2408
868.4200000000001 1604
868.9668750000001 2296
869.5137500000001 1624
870.0606250000001 1976
870.6075000000001 1616
871.1543750000001 1852
871.7012500000001 1808
872.2481250000001 1696
872.7950000000001 1548
873.3418750000001 2748
873.8887500000001 2136
874.4356250000001 2588
874.9825000000001 2664
875.5293750000001 1876
876.0762500000001 1960
876.6231250000001 1604
877.1700000000001 2028
877.7168750000001 1656
878.2637500000001 2396
878.8106250000001 2056
879.3575000000001 1932
879.9043750000001 1632
880.4512500000001 2188
880.9981250000001 3080
881.5450000000001 1572
882.0918750000001 2808
882.6387500000001 1684
883.1856250000001 2404
883.7325000000001 1568
884.2793750000001 1616
884.8262500000001 2488
885.3731250000001 1532
885.9200000000001 2048
886.4668750000001 2016
887.0137500000001 2328
887.5606250000001 1712
888.1075000000001 1720
888.6543750000001 2184
889.2012500000001 1572
889.7481250000001 1680
890.2950000000001 1712
890.8418750000001 1728
891.3887500000001 2192
891.9356250000001 2548
892.4825000000001 1924
893.0293750000001 1984
893.5762500000001 1660
894.1231250000001 2628
894.6700000000001 1448
895.2168750000001 1960
895.7637500000001 2164
896.3106250000001 2516
896.8575000000001 1552
897.4043750000001 1676
897.9512500000001 1884
898.4981250000001 1720
899.0450000000001 2068
899.5918750000001 1384
900.1387500000001 2204
900.6856250000001 1244
901.2325000000001 2364
901.7793750000001 1884
902.3262500000001 1960
902.8731250000001 1816
903.4200000000001 1952
903.9668750000001 1708
904.5137500000001 1980
905.0606250000001 1820
905.6075000000001 2740
906.1543750000001 2100
906.7012500000001 1212
907.2481250000001 1492
907.7950000000001 2884
908.3418750000001 1892
908.8887500000001 1816
909.4356250000001 1508
909.9825000000001 1884
910.5293750000001 2424
911.0762500000001 1952
911.6231250000001 2172
912.1700000000001 2228
912.7168750000001 2064
913.2637500000001 1908
913.8106250000001 2152
914.3575000000001 1456
914.9043750000001 1868
915.4512500000001 2624
915.9981250000001 1312
916.5450000000001 2248
917.0918750000001 2132
917.6387500000001 1656
918.1856250000001 2308
918.7325000000001 2072
919.2793750000001 1728
919.8262500000001 2136
920.3731250000001 1788
920.9200000000001 1372
921.4668750000001 2044
922.0137500000001 2164
922.5606250000001 1752
923.1075000000001 2352
923.6543750000001 1988
924.2012500000001 1660
924.7481250000001 1744
925.2950000000001 1776
925.8418750000001 1668
926.3887500000001 2120
926.9356250000001 2532
927.4825000000001 1468
928.0293750000001 1852
928.5762500000001 1936
929.1231250000001 1820
929.6700000000001 1224
930.2168750000001 1604
930.7637500000001 2364
931.3106250000001 2540
931.8575000000001 1828
932.4043750000001 1404
932.9512500000001 1752
933.4981250000001 1824
934.0450000000001 2220
934.5918750000001 1464
935.1387500000001 1868
935.6856250000001 2720
936.2325000000001 1892
936.7793750000001 1836
937.3262500000001 1736
937.8731250000001 1904
938.4200000000001 1184
938.9668750000001 1624
939.5137500000001 1544
940.0606250000001 2264
940.6075000000001 2148
941.1543750000001 1800
941.7012500000001 1552
942.2481250000001 1772
942.7950000000001 2020
943.3418750000001 1884
943.8887500000001 3464
944.4356250000001 1352
944.9825000000001 1812
945.5293750000001 1888
946.0762500000001 1812
946.6231250000001 1752
947.1700000000001 1564
947.7168750000001 2632
948.2637500000001 1420
948.8106250000001 1464
949.3575000000001 1584
949.9043750000001 1944
950.4512500000001 1548
950.9981250000001 1480
951.5450000000001 1388
952.0918750000001 3316
952.6387500000001 1244
953.1856250000001 2156
953.7325000000001 2364
954.2793750000001 2028
954.8262500000001 2452
955.3731250000001 2236
955.9200000000001 1640
956.4668750000001 1400
957.0137500000001 1516
957.5606250000001 1156
958.1075000000001 1580
958.6543750000001 1744
959.2012500000001 1660
959.7481250000001 1868
960.2950000000001 2676
960.8418750000001 1996
961.3887500000001 1668
961.9356250000001 1740
962.4825000000001 2328
963.0293750000001 1820
963.5762500000001 1692
964.1231250000001 2296
964.6700000000001 1572
965.2168750000001 3280
965.7637500000001 1472
966.3106250000001 2464
966.8575000000001 1440
967.4043750000001 1576
967.9512500000001 1476
968.4981250000001 2020
969.0450000000001 2392
969.5918750000001 2540
970.1387500000001 2896
970.6856250000001 2280
971.2325000000001 1560
971.7793750000001 2080
972.3262500000001 1364
972.8731250000001 2052
973.4200000000001 1880
973.9668750000001 2792
974.5137500000001 1820
975.0606250000001 1972
975.6075000000001 2396
976.1543750000001 2292
976.7012500000001 2708
977.2481250000001 1696
977.7950000000001 1676
978.3418750000001 1772
978.8887500000001 1724
979.4356250000001 1892
979.9825000000001 1928
980.5293750000001 1700
981.0762500000001 1508
981.6231250000001 2064
982.1700000000001 1656
982.7168750000001 2176
983.2637500000001 2196
983.8106250000001 1564
984.3575000000001 1728
984.9043750000001 1724
985.4512500000001 1548
985.9981250000001 1648
986.5450000000001 1848
987.0918750000001 1748
987.6387500000001 1744
988.1856250000001 2372
988.7325000000001 1632
989.2793750000001 2312
989.8262500000001 2248
990.3731250000001 1372
990.9200000000001 1480
991.4668750000001 2308
992.0137500000001 1760
992.5606250000001 1648
993.1075000000001 2296
993.6543750000001 2028
994.2012500000001 1520
994.7481250000001 2340
995.2950000000001 1704
995.8418750000001 2232
996.3887500000001 1436
996.9356250000001 1952
997.4825000000001 1688
998.0293750000001 2048
998.5762500000001 1760
999.1231250000001 1416
999.6700000000001 1640
1000.2168750000001 1964
1000.7637500000001 1788
1001.3106250000001 1724
1001.8575000000001 1968
1002.4043750000001 2604
1002.9512500000001 2008
1003.4981250000001 1816
1004.0450000000001 1404
1004.5918750000001 2860
1005.1387500000001 2328
1005.6856250000001 1492
1006.2325000000001 1744
1006.7793750000001 1520
1007.3262500000001 2708
1007.8731250000001 1708
1008.4200000000001 1568
1008.9668750000001 2504
1009.5137500000001 1608
1010.0606250000001 1684
1010.6075000000001 1764
1011.1543750000001 1908
1011.7012500000001 2684
1012.2481250000001 1872
1012.7950000000001 1496
1013.3418750000001 1520
1013.8887500000001 2232
1014.4356250000001 1796
1014.9825000000001 1848
1015.5293750000001 2332
1016.0762500000001 2440
1016.6231250000001 2348
1017.1700000000001 1784
1017.7168750000001 2280
1018.2637500000001 2144
1018.8106250000001 1956
1019.3575000000001 1488
1019.9043750000001 2372
1020.4512500000001 1816
1020.9981250000001 1852
1021.5450000000001 1548
1022.0918750000001 2172
1022.6387500000001 2148
1023.1856250000001 1544
1023.7325000000001 2064
1024.279375 2076
1024.82625 1416
1025.373125 2716
1025.92 1540
1026.466875 1576
1027.01375 1700
1027.560625 1948
1028.1075 1592
1028.654375 1504
1029.20125 1444
1029.748125 1728
1030.295 1560
1030.841875 1508
1031.38875 1256
1031.935625 1616
1032.4825 1784
1033.029375 2224
1033.57625 1476
1034.123125 1992
1034.67 2540
1035.216875 2128
1035.76375 2608
1036.310625 2256
1036.8575 2180
1037.404375 2596
1037.95125 2468
1038.498125 2628
1039.045 2260
1039.591875 1556
1040.13875 1828
1040.685625 2044
1041.2325 3064
1041.779375 1864
1042.32625 1820
1042.873125 1952
1043.42 1916
1043.966875 1712
1044.51375 2004
1045.060625 1992
1045.6075 1784
1046.154375 2132
1046.70125 2600
1047.248125 1604
1047.795 1456
1048.341875 2260
1048.88875 1528
1049.435625 1684
1049.9825 1712
1050.529375 1460
1051.07625 2120
1051.623125 2572
1052.17 1124
1052.716875 1752
1053.26375 1556
1053.810625 3140
1054.3575 1828
1054.904375 1856
1055.45125 2076
1055.998125 1880
1056.545 1960
1057.091875 1524
1057.63875 1692
1058.185625 1980
1058.7325 2224
1059.279375 1892
1059.82625 1496
1060.373125 2412
1060.92 1840
1061.466875 2064
1062.01375 1472
1062.560625 2960
1063.1075 2696
1063.654375 1748
1064.20125 2204
1064.748125 1484
1065.295 1912
1065.841875 1940
1066.38875 1996
1066.935625 1780
1067.4825 1932
1068.029375 2080
1068.57625 1908
1069.123125 2248
1069.67 2348
1070.216875 1148
1070.76375 2096
1071.310625 2408
1071.8575 2544
1072.404375 1980
1072.95125 1740
1073.498125 2816
1074.045 2028
1074.591875 2024
1075.13875 1964
1075.685625 3204
1076.2325 1560
1076.779375 2508
1077.32625 2572
1077.873125 2076
1078.42 1748
1078.966875 1732
1079.51375 2468
1080.060625 1988
1080.6075 1288
1081.154375 1688
1081.70125 1576
1082.248125 2584
1082.795 2552
1083.341875 1444
1083.88875 2464
1084.435625 2700
1084.9825 1660
1085.529375 1848
1086.07625 2356
1086.623125 1748
1087.17 2128
1087.716875 1528
1088.26375 1488
1088.810625 2260
1089.3575 2508
1089.904375 2328
1090.45125 1872
1090.998125 1512
1091.545 1652
1092.091875 1464
1092.63875 2872
1093.185625 2028
1093.7325 1196
1094.279375 2316
1094.82625 1872
1095.373125 1608
1095.92 2116
1096.466875 1860
1097.01375 1652
1097.560625 1792
1098.1075 2012
1098.654375 1400
1099.20125 1780
1099.748125 1464
1100.295 1920
1100.841875 1732
1101.38875 2012
1101.935625 2140
1102.4825 1828
1103.029375 2352
1103.57625 1640
1104.123125 1556
1104.67 2312
1105.216875 2196
1105.76375 1856
1106.310625 1592
1106.8575 2124
1107.404375 1852
1107.95125 2200
1108.498125 2056
1109.045 2184
1109.591875 2476
1110.13875 1968
1110.685625 2072
1111.2325 1924
1111.779375 2868
1112.32625 1616
1112.873125 2172
1113.42 2072
1113.966875 2228
1114.51375 1460
1115.060625 1920
1115.6075 1416
1116.154375 1848
1116.70125 2184
1117.248125 4092
1117.795 1832
1118.341875 1900
1118.88875 1320
1119.435625 1816
1119.9825 2760
1120.529375 1656
1121.07625 1312
1121.623125 1704
1122.17 2556
1122.716875 1816
1123.26375 1784
1123.810625 2976
1124.3575 1940
1124.904375 1740
1125.45125 1336
1125.998125 2148
1126.545 1240
1127.091875 1668
1127.63875 1880
1128.185625 1868
1128.7325 2424
1129.279375 2476
1129.82625 1916
1130.373125 1864
1130.92 2940
1131.466875 2564
1132.01375 2248
1132.560625 1744
1133.1075 2736
1133.654375 2428
1134.20125 2024
1134.748125 2072
1135.295 2740
1135.841875 1732
1136.38875 1348
1136.935625 1860
1137.4825 1600
1138.029375 2660
1138.57625 2116
1139.123125 1756
1139.67 1808
1140.216875 1812
1140.76375 1744
1141.310625 1880
1141.8575 1924
1142.404375 1968
1142.95125 1716
1143.498125 1672
1144.045 2308
1144.591875 2492
1145.13875 1840
1145.685625 2624
1146.2325 2056
1146.779375 1712
1147.32625 2672
1147.873125 2524
1148.42 2496
1148.966875 1636
1149.51375 2052
1150.060625 2460
1150.6075 2296
1151.154375 1664
1151.70125 1652
1152.248125 1568
1152.795 1300
1153.341875 2008
1153.88875 2500
1154.435625 2436
1154.9825 1840
1155.529375 2320
1156.07625 1876
1156.623125 1328
1157.17 1960
1157.716875 2000
1158.26375 1572
1158.810625 1576
1159.3575 2048
1159.904375 2060
1160.45125 1964
1160.998125 1812
1161.545 2192
1162.091875 1668
1162.63875 2760
1163.185625 1920
1163.7325 3004
1164.279375 1804
1164.82625 1788
1165.373125 1880
1165.92 1688
1166.466875 2552
1167.01375 1664
1167.560625 1752
1168.1075 1924
1168.654375 2836
1169.20125 1524
1169.748125 2072
1170.295 1596
1170.841875 1660
1171.38875 1804
1171.935625 1604
1172.4825 2276
1173.029375 1796
1173.57625 1752
1174.123125 2688
1174.67 2504
1175.216875 2728
1175.76375 1840
1176.310625 2332
1176.8575 1808
1177.404375 2276
1177.95125 2748
1178.498125 1872
1179.045 1872
1179.591875 1816
1180.13875 1788
1180.685625 3068
1181.2325 1372
1181.779375 2448
1182.32625 1516
1182.873125 1840
1183.42 1728
1183.966875 1720
1184.51375 2228
1185.060625 1536
1185.6075 2004
1186.154375 2012
1186.70125 1456
1187.248125 2324
1187.795 1416
1188.341875 2460
1188.88875 1680
1189.435625 1804
1189.9825 1916
1190.529375 2080
1191.07625 1720
1191.623125 2440
1192.17 1928
1192.716875 1644
1193.26375 2108
1193.810625 1712
1194.3575 1368
1194.904375 2248
1195.45125 2052
1195.998125 2356
1196.545 1720
1197.091875 1520
1197.63875 1588
1198.185625 1696
1198.7325 2200
1199.279375 1328
1199.82625 2624
1200.373125 2256
1200.92 2508
1201.466875 1880
1202.01375 2020
1202.560625 1740
1203.1075 1812
1203.654375 2104
1204.20125 1576
1204.748125 1916
1205.295 2056
1205.841875 2060
1206.38875 1660
1206.935625 1808
1207.4825 2144
1208.029375 1972
1208.57625 1568
1209.123125 1280
1209.67 2064
1210.216875 2652
1210.76375 2116
1211.310625 2868
1211.8575 1972
1212.404375 1776
1212.95125 2168
1213.498125 1368
1214.045 1856
1214.591875 1560
1215.13875 2104
1215.685625 2020
1216.2325 1876
1216.779375 2340
1217.32625 2600
1217.873125 2188
1218.42 2456
1218.966875 2440
1219.51375 1568
1220.060625 1912
1220.6075 2104
1221.154375 1664
1221.70125 2208
1222.248125 1692
1222.795 2204
1223.341875 1964
1223.88875 2204
1224.435625 2156
1224.9825 2012
1225.529375 2636
1226.07625 1804
1226.623125 2148
1227.17 2460
1227.716875 2196
1228.26375 2424
1228.810625 2068
1229.3575 2348
1229.904375 2980
1230.45125 2228
1230.998125 1972
1231.545 2544
1232.091875 1724
1232.63875 1988
1233.185625 1904
1233.7325 3068
1234.279375 1760
1234.82625 1764
1235.373125 1860
1235.92 2184
1236.466875 2576
1237.01375 1588
1237.560625 1776
1238.1075 1904
1238.654375 2468
1239.20125 2388
1239.748125 1952
1240.295 1676
1240.841875 1620
1241.38875 1976
1241.935625 1732
1242.4825 2280
1243.029375 2132
1243.57625 1516
1244.123125 2136
1244.67 3000
1245.216875 1868
1245.76375 2408
1246.310625 2512
1246.8575 1868
1247.404375 1768
1247.95125 2388
1248.498125 2868
1249.045 2756
1249.591875 2004
1250.13875 1900
1250.685625 1668
1251.2325 1956
1251.779375 2344
1252.32625 2148
1252.873125 2540
1253.42 2060
1253.966875 1584
1254.51375 2036
1255.060625 2488
1255.6075 1220
1256.154375 1784
1256.70125 1488
1257.248125 1928
1257.795 2384
1258.341875 2712
1258.88875 2356
1259.435625 1964
1259.9825 1760
1260.529375 2696
1261.07625 2156
1261.623125 2364
1262.17 2288
1262.716875 1728
1263.26375 2612
1263.810625 3156
1264.3575 2776
1264.904375 2112
1265.45125 1700
1265.998125 1812
1266.545 1716
1267.091875 2168
1267.63875 2596
1268.185625 1668
1268.7325 2336
1269.279375 3140
1269.82625 2564
1270.373125 1936
1270.92 1772
1271.466875 2584
1272.01375 2064
1272.560625 1988
1273.1075 1824
1273.654375 1708
1274.20125 2364
1274.748125 1676
1275.295 1960
1275.841875 1900
1276.38875 2524
1276.935625 2328
1277.4825 1592
1278.029375 2276
1278.57625 2620
1279.123125 2120
1279.67 2056
1280.216875 1656
1280.76375 1868
1281.310625 1856
1281.8575 2064
1282.404375 1944
1282.95125 2056
1283.498125 1888
1284.045 2072
1284.591875 2348
1285.13875 1856
1285.685625 1996
1286.2325 1748
1286.779375 1500
1287.32625 2116
1287.873125 1740
1288.42 2004
1288.966875 1788
1289.51375 2848
1290.060625 1404
1290.6075 3192
1291.154375 2420
1291.70125 2468
1292.248125 2036
1292.795 2296
1293.341875 2864
1293.88875 2324
1294.435625 1988
1294.9825 2084
1295.529375 2096
1296.07625 1740
1296.623125 1976
1297.17 2324
1297.716875 3044
1298.26375 2612
1298.810625 2108
1299.3575 2712
1299.904375 1964
1300.45125 1716
1300.998125 2152
1301.545 2544
1302.091875 1868
1302.63875 2264
1303.185625 1960
1303.7325 1844
1304.279375 2388
1304.82625 2512
1305.373125 2160
1305.92 2388
1306.466875 2396
1307.01375 2360
1307.560625 1908
1308.1075 3148
1308.654375 2500
1309.20125 2360
1309.748125 2512
1310.295 1616
1310.841875 1984
1311.38875 2552
1311.935625 2924
1312.4825 2044
1313.029375 2004
1313.57625 2420
1314.123125 2516
1314.67 2380
1315.216875 2096
1315.76375 1716
1316.310625 1764
1316.8575 1756
1317.404375 2548
1317.95125 2304
1318.498125 1996
1319.045 2532
1319.591875 2212
1320.13875 1732
1320.685625 1980
1321.2325 2780
1321.779375 2168
1322.32625 2088
1322.873125 1940
1323.42 2472
1323.966875 1896
1324.51375 1892
1325.060625 2368
1325.6075 2180
1326.154375 2384
1326.70125 2608
1327.248125 1884
1327.795 2636
1328.341875 2352
1328.88875 2196
1329.435625 2164
1329.9825 2292
1330.529375 2084
1331.07625 1832
1331.623125 2744
1332.17 1616
1332.716875 1852
1333.26375 1680
1333.810625 2104
1334.3575 2720
1334.904375 2388
1335.45125 2040
1335.998125 2812
1336.545 2456
1337.091875 1876
1337.63875 2328
1338.185625 2112
1338.7325 2208
1339.279375 2268
1339.82625 2188
1340.373125 1496
1340.92 2588
1341.466875 1852
1342.01375 2072
1342.560625 2380
1343.1075 2324
1343.654375 2328
1344.20125 2116
1344.748125 2380
1345.295 2900
1345.841875 1952
1346.38875 2408
1346.935625 1812
1347.4825 2576
1348.029375 2060
1348.57625 2052
1349.123125 2248
1349.67 2256
1350.216875 2640
1350.76375 1936
1351.310625 2312
1351.8575 2008
1352.404375 2568
1352.95125 2072
1353.498125 2060
1354.045 3380
1354.591875 2592
1355.13875 2288
1355.685625 2408
1356.2325 2036
1356.779375 2432
1357.32625 2480
1357.873125 2424
1358.42 2160
1358.966875 2840
1359.51375 2432
1360.060625 2752
1360.6075 3032
1361.154375 2516
1361.70125 2668
1362.248125 2012
1362.795 2552
1363.341875 2936
1363.88875 2324
1364.435625 2492
1364.9825 2940
1365.529375 2424
1366.07625 3476
1366.623125 2628
1367.17 2812
1367.716875 2292
1368.26375 2360
1368.810625 2308
1369.3575 3020
1369.904375 2676
1370.45125 2344
1370.998125 2444
1371.545 2796
1372.091875 4076
1372.63875 2544
1373.185625 3480
1373.7325 2364
1374.279375 2196
1374.82625 2468
1375.373125 2832
1375.92 3076
1376.466875 2596
1377.01375 2744
1377.560625 2552
1378.1075 2852
1378.654375 2768
1379.20125 2516
1379.748125 2792
1380.295 2800
1380.841875 3228
1381.38875 2576
1381.935625 2468
1382.4825 3112
1383.029375 2284
1383.57625 2920
1384.123125 2608
1384.67 2872
1385.216875 2860
1385.76375 2528
1386.310625 2924
1386.8575 3064
1387.404375 2920
1387.95125 3276
1388.498125 2540
1389.045 3004
1389.591875 3020
1390.13875 3236
1390.685625 2556
1391.2325 3780
1391.779375 2924
1392.32625 3360
1392.873125 3396
1393.42 3340
1393.966875 3352
1394.51375 2880
1395.060625 4776
1395.6075 4060
1396.154375 2776
1396.70125 3132
1397.248125 3388
1397.795 3768
1398.341875 2876
1398.88875 3356
1399.435625 3412
1399.9825 3524
1400.529375 3092
1401.07625 3476
1401.623125 3920
1402.17 3412
1402.716875 3192
1403.26375 3952
1403.810625 3236
1404.3575 3608
1404.904375 3748
1405.45125 3584
1405.998125 3440
1406.545 3628
1407.091875 3336
1407.63875 3688
1408.185625 4596
1408.7325 4004
1409.279375 4396
1409.82625 3452
1410.373125 3720
1410.92 4420
1411.466875 4732
1412.01375 3708
1412.560625 4584
1413.1075 4752
1413.654375 3900
1414.20125 5060
1414.748125 4340
1415.295 4260
1415.841875 5284
1416.38875 4792
1416.935625 5664
1417.4825 5396
1418.029375 5184
1418.57625 5756
1419.123125 5432
