299.67 -32
300.216875 84
300.76375 -4
301.310625 -52
301.8575 60
302.404375 -44
302.95125 -36
303.498125 12
304.045 24
304.591875 -164
305.13875 20
305.685625 -136
306.2325 60
306.779375 -84
307.32625 192
307.873125 -52
308.42 -64
308.966875 108
309.51375 68
310.060625 -12
310.6075 168
311.154375 -288
311.70125 -72
312.248125 140
312.795 20
313.341875 -4
313.88875 -4
314.435625 -100
314.9825 -200
315.529375 116
316.07625 20
316.623125 -16
317.17 112
317.716875 36
318.26375 16
318.810625 128
319.3575 124
319.904375 32
320.45125 -40
320.998125 28
321.545 -24
322.091875 -108
322.63875 -8
323.185625 -120
323.7325 -88
324.279375 192
324.82625 28
325.373125 -48
325.92 136
326.466875 140
327.01375 -16
327.560625 -180
328.1075 -72
328.654375 -12
329.20125 44
329.748125 -128
330.295 76
330.841875 -12
331.38875 16
331.935625 -8
332.4825 -32
333.029375 60
333.57625 112
334.123125 -116
334.67 -24
335.216875 136
335.76375 224
336.310625 52
336.8575 12
337.404375 48
337.95125 12
338.498125 -192
339.045 -60
339.591875 4
340.13875 76
340.685625 144
341.2325 -104
341.779375 96
342.32625 4
342.873125 152
343.42 -24
343.966875 152
344.51375 -128
345.060625 204
345.6075 4
346.154375 -164
346.70125 -92
347.248125 80
347.795 20
348.341875 140
348.88875 36
349.435625 48
349.9825 40
350.529375 88
351.07625 144
351.623125 44
352.17 12
352.716875 -52
353.26375 56
353.810625 12
354.3575 100
354.904375 -56
355.45125 116
355.998125 32
356.545 -48
357.091875 -136
357.63875 44
358.185625 -24
358.7325 100
359.279375 -4
359.82625 -4
360.373125 92
360.92 -52
361.466875 -92
362.01375 112
362.560625 -44
363.1075 -112
363.654375 -132
364.20125 60
364.748125 44
365.295 -84
365.841875 -80
366.38875 -36
366.935625 -12
367.4825 -56
368.029375 112
368.57625 60
369.123125 -60
369.67 76
370.216875 88
370.76375 -52
371.310625 12
371.8575 -116
372.404375 124
372.95125 -212
373.498125 -176
374.045 16
374.591875 -4
375.13875 112
375.685625 -32
376.2325 56
376.779375 -52
377.32625 44
377.873125 84
378.42 88
378.966875 48
379.51375 20
380.060625 112
380.6075 124
381.154375 120
381.70125 -56
382.248125 -108
382.795 20
383.341875 -64
383.88875 -8
384.435625 24
384.9825 -88
385.529375 -36
386.07625 188
386.623125 -12
387.17 120
387.716875 100
388.26375 152
388.810625 152
389.3575 -16
389.904375 -72
390.45125 -36
390.998125 128
391.545 -76
392.091875 24
392.63875 108
393.185625 68
393.7325 32
394.279375 -160
394.82625 -48
395.373125 16
395.92 -36
396.466875 188
397.01375 176
397.560625 144
398.1075 36
398.654375 -48
399.20125 40
399.748125 8
400.295 -108
400.841875 164
401.38875 -296
401.935625 128
402.4825 4
403.029375 60
403.57625 -92
404.123125 -208
404.67 -100
405.216875 184
405.76375 -28
406.310625 48
406.8575 -32
407.404375 -108
407.95125 84
408.498125 60
409.045 -136
409.591875 -52
410.13875 224
410.685625 -36
411.2325 -116
411.779375 -96
412.32625 52
412.873125 52
413.42 -40
413.966875 48
414.51375 -32
415.060625 -52
415.6075 -12
416.154375 152
416.70125 64
417.248125 104
417.795 -124
418.341875 44
418.88875 -72
419.435625 -36
419.9825 76
420.529375 -104
421.07625 -92
421.623125 120
422.17 52
422.716875 136
423.26375 -188
423.810625 104
424.3575 68
424.904375 -52
425.45125 -116
425.998125 92
426.545 140
427.091875 -192
427.63875 140
428.185625 -60
428.7325 -100
429.279375 24
429.82625 88
430.373125 -148
430.92 32
431.466875 144
432.01375 104
432.560625 96
433.1075 -12
433.654375 -28
434.20125 104
434.748125 12
435.295 176
435.841875 -8
436.38875 40
436.935625 4
437.4825 -88
438.029375 -88
438.57625 100
439.123125 -144
439.67 68
440.216875 4
440.76375 -24
441.310625 -132
441.8575 60
442.404375 56
442.95125 108
443.498125 96
444.045 84
444.591875 -200
445.13875 -104
445.685625 76
446.2325 -564
446.779375 -196
447.32625 64
447.873125 64
448.42 168
448.966875 184
449.51375 12
450.060625 96
450.6075 76
451.154375 176
451.70125 -224
452.248125 -36
452.795 -48
453.341875 168
453.88875 144
454.435625 -40
454.9825 -36
455.529375 -40
456.07625 92
456.623125 -12
457.17 28
457.716875 -148
458.26375 -132
458.810625 -4
459.3575 16
459.904375 -124
460.45125 -48
460.998125 -16
461.545 36
462.091875 -92
462.63875 120
463.185625 92
463.7325 64
464.279375 164
464.82625 156
465.373125 -84
465.92 -88
466.466875 -12
467.01375 -112
467.560625 224
468.1075 12
468.654375 -92
469.20125 20
469.748125 -16
470.295 -8
470.841875 -180
471.38875 60
471.935625 -128
472.4825 64
473.029375 24
473.57625 -16
474.123125 -48
474.67 36
475.216875 -120
475.76375 -68
476.310625 36
476.8575 44
477.404375 40
477.95125 88
478.498125 -64
479.045 48
479.591875 136
480.13875 -140
480.685625 148
481.2325 -72
481.779375 -96
482.32625 36
482.873125 -68
483.42 -80
483.966875 -36
484.51375 72
485.060625 -88
485.6075 56
486.154375 -16
486.70125 128
487.248125 -160
487.795 132
488.341875 -76
488.88875 76
489.435625 72
489.9825 24
490.529375 -60
491.07625 -8
491.623125 -28
492.17 136
492.716875 96
493.26375 180
493.810625 88
494.3575 52
494.904375 284
495.45125 -48
495.998125 -28
496.545 80
497.091875 52
497.63875 24
498.185625 -64
498.7325 20
499.279375 -100
499.82625 20
500.373125 -112
500.92 96
501.466875 76
502.01375 -104
502.560625 -16
503.1075 16
503.654375 -80
504.20125 -108
504.748125 -64
505.295 -104
505.841875 64
506.38875 -60
506.935625 56
507.4825 -12
508.029375 -132
508.57625 44
509.123125 -116
509.67 -84
510.216875 -208
510.76375 20
511.310625 80
511.8575 128
512.4043750000001 36
512.9512500000001 64
513.4981250000001 52
514.0450000000001 80
514.5918750000001 -12
515.1387500000001 12
515.6856250000001 -44
516.2325000000001 -8
516.7793750000001 108
517.3262500000001 112
517.8731250000001 -20
518.4200000000001 20
518.9668750000001 96
519.5137500000001 -352
520.0606250000001 108
520.6075000000001 68
521.1543750000001 0
521.7012500000001 -84
522.2481250000001 28
522.7950000000001 32
523.3418750000001 24
523.8887500000001 28
524.4356250000001 8
524.9825000000001 48
525.5293750000001 -40
526.0762500000001 80
526.6231250000001 -72
527.1700000000001 -124
527.7168750000001 116
528.2637500000001 152
528.8106250000001 28
529.3575000000001 124
529.9043750000001 56
530.4512500000001 48
530.9981250000001 -108
531.5450000000001 156
532.0918750000001 -48
532.6387500000001 -60
533.1856250000001 -48
533.7325000000001 -12
534.2793750000001 0
534.8262500000001 140
535.3731250000001 76
535.9200000000001 -168
536.4668750000001 -24
537.0137500000001 -56
537.5606250000001 48
538.1075000000001 132
538.6543750000001 0
539.2012500000001 116
539.7481250000001 164
540.2950000000001 24
540.8418750000001 -120
541.3887500000001 -112
541.9356250000001 76
542.4825000000001 24
543.0293750000001 116
543.5762500000001 208
544.1231250000001 200
544.6700000000001 -28
545.2168750000001 16
545.7637500000001 40
546.3106250000001 -132
546.8575000000001 -52
547.4043750000001 108
547.9512500000001 24
548.4981250000001 -20
549.0450000000001 12
549.5918750000001 32
550.1387500000001 -184
550.6856250000001 172
551.2325000000001 -64
551.7793750000001 4
552.3262500000001 -88
552.8731250000001 -52
553.4200000000001 164
553.9668750000001 212
554.5137500000001 64
555.0606250000001 44
555.6075000000001 212
556.1543750000001 -24
556.7012500000001 -36
557.2481250000001 -132
557.7950000000001 120
558.3418750000001 80
558.8887500000001 76
559.4356250000001 8
559.9825000000001 -28
560.5293750000001 -44
561.0762500000001 372
561.6231250000001 -8
562.1700000000001 128
562.7168750000001 56
563.2637500000001 12
563.8106250000001 104
564.3575000000001 132
564.9043750000001 92
565.4512500000001 -116
565.9981250000001 108
566.5450000000001 96
567.0918750000001 -96
567.6387500000001 64
568.1856250000001 220
568.7325000000001 72
569.2793750000001 92
569.8262500000001 8
570.3731250000001 -76
570.9200000000001 -56
571.4668750000001 176
572.0137500000001 -88
572.5606250000001 -60
573.1075000000001 4
573.6543750000001 24
574.2012500000001 88
574.7481250000001 248
575.2950000000001 0
575.8418750000001 -76
576.3887500000001 128
576.9356250000001 -12
577.4825000000001 -40
578.0293750000001 4
578.5762500000001 196
579.1231250000001 180
579.6700000000001 56
580.2168750000001 -80
580.7637500000001 -208
581.3106250000001 -36
581.8575000000001 124
582.4043750000001 72
582.9512500000001 -140
583.4981250000001 -180
584.0450000000001 -68
584.5918750000001 -80
585.1387500000001 -76
585.6856250000001 -28
586.2325000000001 44
586.7793750000001 180
587.3262500000001 96
587.8731250000001 -52
588.4200000000001 156
588.9668750000001 44
589.5137500000001 -88
590.0606250000001 80
590.6075000000001 56
591.1543750000001 -20
591.7012500000001 36
592.2481250000001 84
592.7950000000001 28
593.3418750000001 152
593.8887500000001 56
594.4356250000001 -8
594.9825000000001 96
595.5293750000001 -64
596.0762500000001 20
596.6231250000001 140
597.1700000000001 68
597.7168750000001 -188
598.2637500000001 -28
598.8106250000001 92
599.3575000000001 92
599.9043750000001 -112
600.4512500000001 -104
600.9981250000001 64
601.5450000000001 76
602.0918750000001 -96
602.6387500000001 -136
603.1856250000001 92
603.7325000000001 -56
604.2793750000001 -24
604.8262500000001 36
605.3731250000001 -76
605.9200000000001 -24
606.4668750000001 -176
607.0137500000001 -60
607.5606250000001 -64
608.1075000000001 44
608.6543750000001 -84
609.2012500000001 -20
609.7481250000001 -12
610.2950000000001 -172
610.8418750000001 136
611.3887500000001 52
611.9356250000001 -64
612.4825000000001 120
613.0293750000001 16
613.5762500000001 148
614.1231250000001 160
614.6700000000001 132
615.2168750000001 -148
615.7637500000001 -88
616.3106250000001 -32
616.8575000000001 136
617.4043750000001 -60
617.9512500000001 -136
618.4981250000001 96
619.0450000000001 -112
619.5918750000001 -136
620.1387500000001 52
620.6856250000001 -16
621.2325000000001 28
621.7793750000001 -292
622.3262500000001 288
622.8731250000001 -52
623.4200000000001 -144
623.9668750000001 192
624.5137500000001 28
625.0606250000001 188
625.6075000000001 104
626.1543750000001 132
626.7012500000001 52
627.2481250000001 -148
627.7950000000001 0
628.3418750000001 -104
628.8887500000001 68
629.4356250000001 -276
629.9825000000001 -72
630.5293750000001 -12
631.0762500000001 64
631.6231250000001 156
632.1700000000001 -264
632.7168750000001 -308
633.2637500000001 -144
633.8106250000001 -32
634.3575000000001 -28
634.9043750000001 120
635.4512500000001 -44
635.9981250000001 -44
636.5450000000001 140
637.0918750000001 112
637.6387500000001 80
638.1856250000001 -28
638.7325000000001 192
639.2793750000001 -40
639.8262500000001 -64
640.3731250000001 344
640.9200000000001 -112
641.4668750000001 -116
642.0137500000001 -116
642.5606250000001 152
643.1075000000001 84
643.6543750000001 116
644.2012500000001 72
644.7481250000001 -64
645.2950000000001 28
645.8418750000001 -20
646.3887500000001 372
646.9356250000001 28
647.4825000000001 128
648.0293750000001 -40
648.5762500000001 -104
649.1231250000001 28
649.6700000000001 184
650.2168750000001 64
650.7637500000001 80
651.3106250000001 144
651.8575000000001 44
652.4043750000001 -36
652.9512500000001 -60
653.4981250000001 4
654.0450000000001 -20
654.5918750000001 -8
655.1387500000001 -48
655.6856250000001 -68
656.2325000000001 172
656.7793750000001 -56
657.3262500000001 4
657.8731250000001 -128
658.4200000000001 -64
658.9668750000001 48
659.5137500000001 -136
660.0606250000001 112
660.6075000000001 -104
661.1543750000001 -200
661.7012500000001 64
662.2481250000001 168
662.7950000000001 -28
663.3418750000001 8
663.8887500000001 -96
664.4356250000001 144
664.9825000000001 24
665.5293750000001 -116
666.0762500000001 48
666.6231250000001 196
667.1700000000001 68
667.7168750000001 4
668.2637500000001 88
668.8106250000001 200
669.3575000000001 -56
669.9043750000001 44
670.4512500000001 -32
670.9981250000001 -124
671.5450000000001 40
672.0918750000001 144
672.6387500000001 -12
673.1856250000001 4
673.7325000000001 264
674.2793750000001 88
674.8262500000001 184
675.3731250000001 164
675.9200000000001 -40
676.4668750000001 20
677.0137500000001 -20
677.5606250000001 20
678.1075000000001 164
678.6543750000001 20
679.2012500000001 40
679.7481250000001 236
680.2950000000001 -28
680.8418750000001 96
681.3887500000001 -28
681.9356250000001 96
682.4825000000001 92
683.0293750000001 204
683.5762500000001 -148
684.1231250000001 132
684.6700000000001 88
685.2168750000001 -40
685.7637500000001 228
686.3106250000001 220
686.8575000000001 -8
687.4043750000001 76
687.9512500000001 16
688.4981250000001 216
689.0450000000001 56
689.5918750000001 212
690.1387500000001 76
690.6856250000001 316
691.2325000000001 220
691.7793750000001 28
692.3262500000001 172
692.8731250000001 288
693.4200000000001 192
693.9668750000001 244
694.5137500000001 396
695.0606250000001 356
695.6075000000001 268
696.1543750000001 364
696.7012500000001 228
697.2481250000001 328
697.7950000000001 376
698.3418750000001 340
698.8887500000001 476
699.4356250000001 156
699.9825000000001 368
700.5293750000001 336
701.0762500000001 364
701.6231250000001 592
702.1700000000001 416
702.7168750000001 420
703.2637500000001 436
703.8106250000001 684
704.3575000000001 688
704.9043750000001 448
705.4512500000001 504
705.9981250000001 588
706.5450000000001 524
707.0918750000001 816
707.6387500000001 756
708.1856250000001 576
708.7325000000001 872
709.2793750000001 980
709.8262500000001 956
710.3731250000001 1112
710.9200000000001 912
711.4668750000001 964
712.0137500000001 944
712.5606250000001 1264
713.1075000000001 1028
713.6543750000001 1044
714.2012500000001 1412
714.7481250000001 1280
715.2950000000001 1248
715.8418750000001 1580
716.3887500000001 1552
716.9356250000001 1408
717.4825000000001 1688
718.0293750000001 1724
718.5762500000001 2016
719.1231250000001 2184
719.6700000000001 2240
720.2168750000001 2352
720.7637500000001 2320
721.3106250000001 2392
721.8575000000001 2324
722.4043750000001 2768
722.9512500000001 2848
723.4981250000001 2812
724.0450000000001 3008
724.5918750000001 3020
725.1387500000001 3216
725.6856250000001 3724
726.2325000000001 3792
726.7793750000001 3664
727.3262500000001 4012
727.8731250000001 4132
728.4200000000001 4292
728.9668750000001 4744
729.5137500000001 4708
730.0606250000001 5028
730.6075000000001 5140
731.1543750000001 5592
731.7012500000001 5464
732.2481250000001 5904
732.7950000000001 6036
733.3418750000001 6056
733.8887500000001 6392
734.4356250000001 6408
734.9825000000001 6968
735.5293750000001 7156
736.0762500000001 7656
736.6231250000001 8068
737.1700000000001 8032
737.7168750000001 8700
738.2637500000001 8892
738.8106250000001 9144
739.3575000000001 9780
739.9043750000001 9840
740.4512500000001 9656
740.9981250000001 10156
741.5450000000001 9980
742.0918750000001 10224
742.6387500000001 9624
743.1856250000001 9148
743.7325000000001 8588
744.2793750000001 8368
744.8262500000001 7584
745.3731250000001 6924
745.9200000000001 6004
746.4668750000001 5848
747.0137500000001 4780
747.5606250000001 4304
748.1075000000001 3812
748.6543750000001 3056
749.2012500000001 2992
749.7481250000001 2612
750.2950000000001 2376
750.8418750000001 2144
751.3887500000001 1876
751.9356250000001 1572
752.4825000000001 1320
753.0293750000001 1348
753.5762500000001 1116
754.1231250000001 944
754.6700000000001 720
755.2168750000001 664
755.7637500000001 864
756.3106250000001 752
756.8575000000001 392
757.4043750000001 360
757.9512500000001 532
758.4981250000001 424
759.0450000000001 240
759.5918750000001 240
760.1387500000001 504
760.6856250000001 504
761.2325000000001 296
761.7793750000001 312
762.3262500000001 0
762.8731250000001 -4
763.4200000000001 108
763.9668750000001 100
764.5137500000001 100
765.0606250000001 232
765.6075000000001 196
766.1543750000001 44
766.7012500000001 180
767.2481250000001 116
767.7950000000001 104
768.3418750000001 108
768.8887500000001 76
769.4356250000001 40
769.9825000000001 172
770.5293750000001 160
771.0762500000001 44
771.6231250000001 -208
772.1700000000001 188
772.7168750000001 232
773.2637500000001 -4
773.8106250000001 168
774.3575000000001 128
774.9043750000001 20
775.4512500000001 80
775.9981250000001 76
776.5450000000001 -12
777.0918750000001 20
777.6387500000001 -16
778.1856250000001 140
778.7325000000001 172
779.2793750000001 -84
779.8262500000001 -80
780.3731250000001 36
780.9200000000001 144
781.4668750000001 136
782.0137500000001 120
782.5606250000001 152
783.1075000000001 -120
783.6543750000001 36
784.2012500000001 0
784.7481250000001 36
785.2950000000001 -200
785.8418750000001 56
786.3887500000001 -164
786.9356250000001 -8
787.4825000000001 0
788.0293750000001 116
788.5762500000001 4
789.1231250000001 0
789.6700000000001 116
790.2168750000001 84
790.7637500000001 -180
791.3106250000001 52
791.8575000000001 48
792.4043750000001 196
792.9512500000001 60
793.4981250000001 52
794.0450000000001 32
794.5918750000001 -52
795.1387500000001 8
795.6856250000001 112
796.2325000000001 148
796.7793750000001 24
797.3262500000001 132
797.8731250000001 -32
798.4200000000001 -128
798.9668750000001 0
799.5137500000001 208
800.0606250000001 -92
800.6075000000001 -44
801.1543750000001 84
801.7012500000001 148
802.2481250000001 136
802.7950000000001 -56
803.3418750000001 48
803.8887500000001 32
804.4356250000001 112
804.9825000000001 -60
805.5293750000001 128
806.0762500000001 28
806.6231250000001 76
807.1700000000001 104
807.7168750000001 108
808.2637500000001 -104
808.8106250000001 140
809.3575000000001 128
809.9043750000001 36
810.4512500000001 132
810.9981250000001 -96
811.5450000000001 -196
812.0918750000001 184
812.6387500000001 -20
813.1856250000001 -28
813.7325000000001 196
814.2793750000001 -60
814.8262500000001 304
815.3731250000001 -8
815.9200000000001 -32
816.4668750000001 -100
817.0137500000001 -136
817.5606250000001 152
818.1075000000001 -92
818.6543750000001 104
819.2012500000001 132
819.7481250000001 8
820.2950000000001 116
820.8418750000001 124
821.3887500000001 -184
821.9356250000001 76
822.4825000000001 4
823.0293750000001 -20
823.5762500000001 -16
824.1231250000001 128
824.6700000000001 48
825.2168750000001 -8
825.7637500000001 -32
826.3106250000001 4
826.8575000000001 64
827.4043750000001 -88
827.9512500000001 148
828.4981250000001 -52
829.0450000000001 -48
829.5918750000001 -180
830.1387500000001 40
830.6856250000001 -32
831.2325000000001 -96
831.7793750000001 72
832.3262500000001 -260
832.8731250000001 60
833.4200000000001 -56
833.9668750000001 132
834.5137500000001 172
835.0606250000001 28
835.6075000000001 20
836.1543750000001 -180
836.7012500000001 -16
837.2481250000001 -164
837.7950000000001 44
838.3418750000001 40
838.8887500000001 68
839.4356250000001 52
839.9825000000001 120
840.5293750000001 36
841.0762500000001 -36
841.6231250000001 68
842.1700000000001 -96
842.7168750000001 92
843.2637500000001 -32
843.8106250000001 124
844.3575000000001 -16
844.9043750000001 96
845.4512500000001 12
845.9981250000001 -96
846.5450000000001 -36
847.0918750000001 -120
847.6387500000001 164
848.1856250000001 8
848.7325000000001 -128
849.2793750000001 24
849.8262500000001 -104
850.3731250000001 -84
850.9200000000001 76
851.4668750000001 76
852.0137500000001 100
852.5606250000001 28
853.1075000000001 72
853.6543750000001 80
854.2012500000001 0
854.7481250000001 76
855.2950000000001 -32
855.8418750000001 -8
856.3887500000001 -112
856.9356250000001 -52
857.4825000000001 -20
858.0293750000001 160
858.5762500000001 -24
859.1231250000001 100
859.6700000000001 -48
860.2168750000001 40
860.7637500000001 72
861.3106250000001 -36
861.8575000000001 -96
862.4043750000001 48
862.9512500000001 -148
863.4981250000001 -40
864.0450000000001 -104
864.5918750000001 80
865.1387500000001 84
865.6856250000001 -240
866.2325000000001 -20
866.7793750000001 104
867.3262500000001 -32
867.8731250000001 276
868.4200000000001 44
868.9668750000001 -76
869.5137500000001 -108
870.0606250000001 64
870.6075000000001 -24
871.1543750000001 -172
871.7012500000001 48
872.2481250000001 -40
872.7950000000001 8
873.3418750000001 96
873.8887500000001 -12
874.4356250000001 172
874.9825000000001 -116
875.5293750000001 0
876.0762500000001 -100
876.6231250000001 112
877.1700000000001 148
877.7168750000001 52
878.2637500000001 -152
878.8106250000001 36
879.3575000000001 -44
879.9043750000001 -56
880.4512500000001 0
880.9981250000001 152
881.5450000000001 0
882.0918750000001 -100
882.6387500000001 80
883.1856250000001 160
883.7325000000001 88
884.2793750000001 28
884.8262500000001 -112
885.3731250000001 -4
885.9200000000001 20
886.4668750000001 -28
887.0137500000001 56
887.5606250000001 -104
888.1075000000001 -48
888.6543750000001 156
889.2012500000001 -8
889.7481250000001 24
890.2950000000001 -16
890.8418750000001 -44
891.3887500000001 32
891.9356250000001 0
892.4825000000001 24
893.0293750000001 -32
893.5762500000001 84
894.1231250000001 144
894.6700000000001 24
895.2168750000001 180
895.7637500000001 -100
896.3106250000001 124
896.8575000000001 -40
897.4043750000001 -44
897.9512500000001 56
898.4981250000001 -60
899.0450000000001 84
899.5918750000001 12
900.1387500000001 0
900.6856250000001 -40
901.2325000000001 -40
901.7793750000001 4
902.3262500000001 -72
902.8731250000001 -36
903.4200000000001 80
903.9668750000001 -56
904.5137500000001 200
905.0606250000001 -40
905.6075000000001 12
906.1543750000001 -128
906.7012500000001 -112
907.2481250000001 24
907.7950000000001 -16
908.3418750000001 -20
908.8887500000001 20
909.4356250000001 92
909.9825000000001 -16
910.5293750000001 156
911.0762500000001 100
911.6231250000001 44
912.1700000000001 128
912.7168750000001 -8
913.2637500000001 -24
913.8106250000001 12
914.3575000000001 -52
914.9043750000001 84
915.4512500000001 -96
915.9981250000001 -48
916.5450000000001 -80
917.0918750000001 64
917.6387500000001 120
918.1856250000001 -200
918.7325000000001 68
919.2793750000001 100
919.8262500000001 -44
920.3731250000001 -12
920.9200000000001 52
921.4668750000001 -80
922.0137500000001 4
922.5606250000001 180
923.1075000000001 16
923.6543750000001 80
924.2012500000001 8
924.7481250000001 124
925.2950000000001 152
925.8418750000001 168
926.3887500000001 112
926.9356250000001 16
927.4825000000001 96
928.0293750000001 -32
928.5762500000001 112
929.1231250000001 -72
929.6700000000001 120
930.2168750000001 64
930.7637500000001 -164
931.3106250000001 60
931.8575000000001 88
932.4043750000001 100
932.9512500000001 -32
933.4981250000001 104
934.0450000000001 -28
934.5918750000001 176
935.1387500000001 64
935.6856250000001 8
936.2325000000001 64
936.7793750000001 80
937.3262500000001 -16
937.8731250000001 216
938.4200000000001 248
938.9668750000001 92
939.5137500000001 72
940.0606250000001 136
940.6075000000001 -108
941.1543750000001 -16
941.7012500000001 -16
942.2481250000001 80
942.7950000000001 8
943.3418750000001 164
943.8887500000001 -36
944.4356250000001 -20
944.9825000000001 -132
945.5293750000001 -172
946.0762500000001 -4
946.6231250000001 -208
947.1700000000001 8
947.7168750000001 -164
948.2637500000001 -176
948.8106250000001 -128
949.3575000000001 -28
949.9043750000001 -80
950.4512500000001 -4
950.9981250000001 36
951.5450000000001 -148
952.0918750000001 -260
952.6387500000001 -84
953.1856250000001 72
953.7325000000001 -96
954.2793750000001 -8
954.8262500000001 -136
955.3731250000001 36
955.9200000000001 92
956.4668750000001 4
957.0137500000001 -100
957.5606250000001 -4
958.1075000000001 52
958.6543750000001 -256
959.2012500000001 -136
959.7481250000001 200
960.2950000000001 -28
960.8418750000001 -96
961.3887500000001 -176
961.9356250000001 -52
962.4825000000001 -36
963.0293750000001 112
963.5762500000001 44
964.1231250000001 -28
964.6700000000001 148
965.2168750000001 24
965.7637500000001 -20
966.3106250000001 80
966.8575000000001 48
967.4043750000001 -152
967.9512500000001 -48
968.4981250000001 -32
969.0450000000001 -44
969.5918750000001 220
970.1387500000001 -112
970.6856250000001 -20
971.2325000000001 -168
971.7793750000001 200
972.3262500000001 4
972.8731250000001 -12
973.4200000000001 12
973.9668750000001 24
974.5137500000001 -152
975.0606250000001 -16
975.6075000000001 12
976.1543750000001 120
976.7012500000001 12
977.2481250000001 -116
977.7950000000001 -56
978.3418750000001 144
978.8887500000001 108
979.4356250000001 68
979.9825000000001 -40
980.5293750000001 132
981.0762500000001 -124
981.6231250000001 28
982.1700000000001 32
982.7168750000001 80
983.2637500000001 -88
983.8106250000001 -4
984.3575000000001 -128
984.9043750000001 -12
985.4512500000001 -64
985.9981250000001 48
986.5450000000001 52
987.0918750000001 -128
987.6387500000001 132
988.1856250000001 88
988.7325000000001 -116
989.2793750000001 104
989.8262500000001 -32
990.3731250000001 0
990.9200000000001 120
991.4668750000001 -84
992.0137500000001 -88
992.5606250000001 0
993.1075000000001 -44
993.6543750000001 132
994.2012500000001 56
994.7481250000001 28
995.2950000000001 60
995.8418750000001 -28
996.3887500000001 32
996.9356250000001 -28
997.4825000000001 -64
998.0293750000001 -4
998.5762500000001 -20
999.1231250000001 60
999.6700000000001 0
1000.2168750000001 56
1000.7637500000001 72
1001.3106250000001 -28
1001.8575000000001 56
1002.4043750000001 -192
1002.9512500000001 104
1003.4981250000001 72
1004.0450000000001 -8
1004.5918750000001 192
1005.1387500000001 56
1005.6856250000001 100
1006.2325000000001 -16
1006.7793750000001 -28
1007.3262500000001 -4
1007.8731250000001 84
1008.4200000000001 140
1008.9668750000001 -152
1009.5137500000001 -220
1010.0606250000001 32
1010.6075000000001 100
1011.1543750000001 -52
1011.7012500000001 120
1012.2481250000001 68
1012.7950000000001 92
1013.3418750000001 68
1013.8887500000001 -56
1014.4356250000001 -72
1014.9825000000001 -8
1015.5293750000001 104
1016.0762500000001 -148
1016.6231250000001 148
1017.1700000000001 64
1017.7168750000001 -56
1018.2637500000001 44
1018.8106250000001 236
1019.3575000000001 116
1019.9043750000001 40
1020.4512500000001 72
1020.9981250000001 108
1021.5450000000001 84
1022.0918750000001 168
1022.6387500000001 172
1023.1856250000001 -64
1023.7325000000001 48
1024.279375 -96
1024.82625 -76
1025.373125 24
1025.92 -112
1026.466875 -40
1027.01375 -100
1027.560625 -92
1028.1075 -20
1028.654375 20
1029.20125 20
1029.748125 -64
1030.295 108
1030.841875 104
1031.38875 64
1031.935625 -76
1032.4825 52
1033.029375 -20
1033.57625 -160
1034.123125 252
1034.67 8
1035.216875 200
1035.76375 -120
1036.310625 20
1036.8575 28
1037.404375 148
1037.95125 220
1038.498125 56
1039.045 0
1039.591875 -36
1040.13875 -172
1040.685625 -40
1041.2325 -144
1041.779375 -288
1042.32625 -64
1042.873125 -36
1043.42 -24
1043.966875 28
1044.51375 -88
1045.060625 108
1045.6075 148
1046.154375 172
1046.70125 140
1047.248125 -160
1047.795 0
1048.341875 100
1048.88875 0
1049.435625 152
1049.9825 -4
1050.529375 -88
1051.07625 124
1051.623125 240
1052.17 -72
1052.716875 40
1053.26375 148
1053.810625 80
1054.3575 -72
1054.904375 64
1055.45125 64
1055.998125 40
1056.545 -8
1057.091875 80
1057.63875 28
1058.185625 32
1058.7325 -16
1059.279375 84
1059.82625 -64
1060.373125 -176
1060.92 52
1061.466875 -160
1062.01375 -96
1062.560625 48
1063.1075 12
1063.654375 -76
1064.20125 -88
1064.748125 -84
1065.295 12
1065.841875 -60
1066.38875 44
1066.935625 16
1067.4825 -48
1068.029375 -220
1068.57625 -128
1069.123125 84
1069.67 -24
1070.216875 -80
1070.76375 -160
1071.310625 -16
1071.8575 -188
1072.404375 80
1072.95125 120
1073.498125 48
1074.045 20
1074.591875 0
1075.13875 -52
1075.685625 -8
1076.2325 -100
1076.779375 156
1077.32625 92
1077.873125 -148
1078.42 -140
1078.966875 116
1079.51375 -176
1080.060625 84
1080.6075 -12
1081.154375 116
1081.70125 216
1082.248125 220
1082.795 -160
1083.341875 68
1083.88875 44
1084.435625 232
1084.9825 -104
1085.529375 24
1086.07625 92
1086.623125 -48
1087.17 -68
1087.716875 64
1088.26375 -180
1088.810625 -76
1089.3575 188
1089.904375 -48
1090.45125 -112
1090.998125 100
1091.545 -40
1092.091875 192
1092.63875 -20
1093.185625 56
1093.7325 -168
1094.279375 40
1094.82625 28
1095.373125 -4
1095.92 24
1096.466875 68
1097.01375 196
1097.560625 -52
1098.1075 44
1098.654375 120
1099.20125 52
1099.748125 -68
1100.295 -24
1100.841875 -64
1101.38875 -148
1101.935625 -100
1102.4825 -76
1103.029375 112
1103.57625 -32
1104.123125 -64
1104.67 276
1105.216875 -84
1105.76375 12
1106.310625 0
1106.8575 -192
1107.404375 -60
1107.95125 40
1108.498125 64
1109.045 112
1109.591875 -176
1110.13875 124
1110.685625 180
1111.2325 -12
1111.779375 0
1112.32625 -140
1112.873125 -164
1113.42 -128
1113.966875 12
1114.51375 -120
1115.060625 -96
1115.6075 -28
1116.154375 40
1116.70125 160
1117.248125 108
1117.795 52
1118.341875 40
1118.88875 120
1119.435625 -48
1119.9825 -184
1120.529375 -68
1121.07625 -92
1121.623125 -104
1122.17 104
1122.716875 -4
1123.26375 -56
1123.810625 -52
1124.3575 60
1124.904375 -16
1125.45125 -164
1125.998125 40
1126.545 -88
1127.091875 72
1127.63875 -24
1128.185625 -96
1128.7325 92
1129.279375 80
1129.82625 24
1130.373125 16
1130.92 -164
1131.466875 68
1132.01375 72
1132.560625 -40
1133.1075 292
1133.654375 4
1134.20125 -112
1134.748125 -248
1135.295 28
1135.841875 -156
1136.38875 124
1136.935625 12
1137.4825 20
1138.029375 -88
1138.57625 -4
1139.123125 0
1139.67 236
1140.216875 88
1140.76375 28
1141.310625 12
1141.8575 36
1142.404375 -4
1142.95125 -20
1143.498125 -112
1144.045 84
1144.591875 60
1145.13875 40
1145.685625 88
1146.2325 -72
1146.779375 36
1147.32625 32
1147.873125 76
1148.42 76
1148.966875 96
1149.51375 -164
1150.060625 80
1150.6075 -24
1151.154375 -124
1151.70125 128
1152.248125 8
1152.795 72
1153.341875 24
1153.88875 64
1154.435625 56
1154.9825 96
1155.529375 12
1156.07625 -108
1156.623125 -232
1157.17 216
1157.716875 -12
1158.26375 16
1158.810625 -36
1159.3575 -212
1159.904375 8
1160.45125 -120
1160.998125 -8
1161.545 68
1162.091875 104
1162.63875 212
1163.185625 -56
1163.7325 -32
1164.279375 124
1164.82625 -56
1165.373125 -48
1165.92 72
1166.466875 88
1167.01375 28
1167.560625 68
1168.1075 -148
1168.654375 28
1169.20125 -92
1169.748125 20
1170.295 24
1170.841875 100
1171.38875 -36
1171.935625 -8
1172.4825 -32
1173.029375 -4
1173.57625 -36
1174.123125 192
1174.67 108
1175.216875 -36
1175.76375 40
1176.310625 -124
1176.8575 -84
1177.404375 100
1177.95125 -40
1178.498125 -160
1179.045 -52
1179.591875 116
1180.13875 16
1180.685625 184
1181.2325 -124
1181.779375 -48
1182.32625 -76
1182.873125 -48
1183.42 16
1183.966875 36
1184.51375 -56
1185.060625 -8
1185.6075 -56
1186.154375 20
1186.70125 -12
1187.248125 -24
1187.795 12
1188.341875 -64
1188.88875 40
1189.435625 16
1189.9825 -8
1190.529375 108
1191.07625 -4
1191.623125 -124
1192.17 44
1192.716875 92
1193.26375 72
1193.810625 -160
1194.3575 68
1194.904375 0
1195.45125 -36
1195.998125 84
1196.545 92
1197.091875 -88
1197.63875 -4
1198.185625 84
1198.7325 52
1199.279375 32
1199.82625 24
1200.373125 12
1200.92 -112
1201.466875 -60
1202.01375 -196
1202.560625 -24
1203.1075 48
1203.654375 220
1204.20125 68
1204.748125 112
1205.295 216
1205.841875 104
1206.38875 84
1206.935625 -92
1207.4825 24
1208.029375 -52
1208.57625 -4
1209.123125 48
1209.67 -168
1210.216875 28
1210.76375 8
1211.310625 -84
1211.8575 -100
1212.404375 164
1212.95125 32
1213.498125 -24
1214.045 68
1214.591875 -44
1215.13875 -116
1215.685625 -88
1216.2325 -96
1216.779375 64
1217.32625 -80
1217.873125 68
1218.42 44
1218.966875 104
1219.51375 164
1220.060625 -220
1220.6075 -72
1221.154375 96
1221.70125 -60
1222.248125 32
1222.795 -8
1223.341875 72
1223.88875 -68
1224.435625 120
1224.9825 -48
1225.529375 -72
1226.07625 -32
1226.623125 72
1227.17 56
1227.716875 4
1228.26375 -128
1228.810625 -252
1229.3575 100
1229.904375 120
1230.45125 -32
1230.998125 -80
1231.545 4
1232.091875 -20
1232.63875 96
1233.185625 28
1233.7325 20
1234.279375 -48
1234.82625 60
1235.373125 24
1235.92 32
1236.466875 180
1237.01375 100
1237.560625 -36
1238.1075 -40
1238.654375 144
1239.20125 12
1239.748125 -92
1240.295 16
1240.841875 -24
1241.38875 36
1241.935625 100
1242.4825 76
1243.029375 -44
1243.57625 32
1244.123125 244
1244.67 36
1245.216875 72
1245.76375 -4
1246.310625 -132
1246.8575 -52
1247.404375 -56
1247.95125 -44
1248.498125 80
1249.045 160
1249.591875 -120
1250.13875 -36
1250.685625 -20
1251.2325 -108
1251.779375 -80
1252.32625 212
1252.873125 68
1253.42 -24
1253.966875 20
1254.51375 56
1255.060625 56
1255.6075 -32
1256.154375 16
1256.70125 40
1257.248125 -44
1257.795 104
1258.341875 0
1258.88875 -224
1259.435625 -32
1259.9825 -48
1260.529375 -88
1261.07625 -72
1261.623125 128
1262.17 48
1262.716875 -24
1263.26375 104
1263.810625 24
1264.3575 116
1264.904375 252
1265.45125 88
1265.998125 -12
1266.545 -56
1267.091875 56
1267.63875 188
1268.185625 64
1268.7325 -132
1269.279375 96
1269.82625 212
1270.373125 108
1270.92 80
1271.466875 -92
1272.01375 4
1272.560625 40
1273.1075 108
1273.654375 -44
1274.20125 40
1274.748125 60
1275.295 -72
1275.841875 -120
1276.38875 148
1276.935625 16
1277.4825 172
1278.029375 -224
1278.57625 136
1279.123125 12
1279.67 8
1280.216875 84
1280.76375 60
1281.310625 4
1281.8575 4
1282.404375 96
1282.95125 36
1283.498125 40
1284.045 204
1284.591875 132
1285.13875 -44
1285.685625 116
1286.2325 -112
1286.779375 -52
1287.32625 -168
1287.873125 -20
1288.42 -40
1288.966875 20
1289.51375 -36
1290.060625 -96
1290.6075 -228
1291.154375 120
1291.70125 64
1292.248125 164
1292.795 -36
1293.341875 0
1293.88875 -148
1294.435625 24
1294.9825 -36
1295.529375 44
1296.07625 96
1296.623125 0
1297.17 8
1297.716875 24
1298.26375 48
1298.810625 -128
1299.3575 -92
1299.904375 -116
1300.45125 -32
1300.998125 60
1301.545 40
1302.091875 -32
1302.63875 -24
1303.185625 -168
1303.7325 40
1304.279375 180
1304.82625 -24
1305.373125 -140
1305.92 -8
1306.466875 -72
1307.01375 -68
1307.560625 -4
1308.1075 -132
1308.654375 200
1309.20125 -152
1309.748125 -80
1310.295 -28
1310.841875 -28
1311.38875 -40
1311.935625 8
1312.4825 120
1313.029375 -20
1313.57625 -40
1314.123125 48
1314.67 172
1315.216875 92
1315.76375 156
1316.310625 -88
1316.8575 -72
1317.404375 -148
1317.95125 -120
1318.498125 140
1319.045 -180
1319.591875 -128
1320.13875 -52
1320.685625 56
1321.2325 -44
1321.779375 56
1322.32625 24
1322.873125 124
1323.42 136
1323.966875 24
1324.51375 88
1325.060625 -176
1325.6075 104
1326.154375 20
1326.70125 -132
1327.248125 -76
1327.795 8
1328.341875 88
1328.88875 136
1329.435625 172
1329.9825 32
1330.529375 -80
1331.07625 -136
1331.623125 4
1332.17 4
1332.716875 160
1333.26375 40
1333.810625 -172
1334.3575 28
1334.904375 104
1335.45125 -36
1335.998125 -132
1336.545 -192
1337.091875 -148
1337.63875 -76
1338.185625 16
1338.7325 132
1339.279375 -104
1339.82625 48
1340.373125 100
1340.92 92
1341.466875 48
1342.01375 72
1342.560625 -12
1343.1075 8
1343.654375 104
1344.20125 36
1344.748125 -80
1345.295 112
1345.841875 -172
1346.38875 224
1346.935625 -80
1347.4825 12
1348.029375 -132
1348.57625 -260
1349.123125 -4
1349.67 -20
1350.216875 -156
1350.76375 -48
1351.310625 100
1351.8575 16
1352.404375 -56
1352.95125 -48
1353.498125 68
1354.045 120
1354.591875 144
1355.13875 236
1355.685625 116
1356.2325 244
1356.779375 120
1357.32625 64
1357.873125 -232
1358.42 56
1358.966875 -76
1359.51375 20
1360.060625 60
1360.6075 32
1361.154375 36
1361.70125 184
1362.248125 -72
1362.795 72
1363.341875 36
1363.88875 -64
1364.435625 88
1364.9825 -12
1365.529375 24
1366.07625 -4
1366.623125 88
1367.17 152
1367.716875 96
1368.26375 192
1368.810625 -4
1369.3575 52
1369.904375 -156
1370.45125 -140
1370.998125 120
1371.545 140
1372.091875 -16
1372.63875 36
1373.185625 -96
1373.7325 -60
1374.279375 -12
1374.82625 -112
1375.373125 -104
1375.92 192
1376.466875 96
1377.01375 100
1377.560625 -212
1378.1075 80
1378.654375 -84
1379.20125 -20
1379.748125 0
1380.295 188
1380.841875 108
1381.38875 -16
1381.935625 -72
1382.4825 4
1383.029375 100
1383.57625 60
1384.123125 -40
1384.67 200
1385.216875 32
1385.76375 -112
1386.310625 -144
1386.8575 -8
1387.404375 40
1387.95125 -64
1388.498125 -20
1389.045 -144
1389.591875 -40
1390.13875 -28
1390.685625 112
1391.2325 -16
1391.779375 -180
1392.32625 244
1392.873125 92
1393.42 88
1393.966875 -184
1394.51375 -56
1395.060625 244
1395.6075 136
1396.154375 -84
1396.70125 -16
1397.248125 328
1397.795 108
1398.341875 196
1398.88875 -296
1399.435625 176
1399.9825 36
1400.529375 68
1401.07625 132
1401.623125 -268
1402.17 36
1402.716875 -188
1403.26375 -44
1403.810625 8
1404.3575 128
1404.904375 212
1405.45125 -436
1405.998125 -216
1406.545 -108
1407.091875 -116
1407.63875 -4
1408.185625 24
1408.7325 152
1409.279375 160
1409.82625 -160
1410.373125 -168
1410.92 108
1411.466875 92
1412.01375 268
1412.560625 108
1413.1075 -40
1413.654375 -92
1414.20125 -352
1414.748125 8
1415.295 -88
1415.841875 76
1416.38875 76
1416.935625 -28
1417.4825 88
1418.029375 -88
1418.57625 -148
1419.123125 168
