299.67 2256
300.216875 2128
300.76375 2392
301.310625 3396
301.8575 2460
302.404375 2800
302.95125 1872
303.498125 2076
304.045 1704
304.591875 2028
305.13875 2896
305.685625 2428
306.2325 2888
306.779375 3244
307.32625 3068
307.873125 3048
308.42 3620
308.966875 2468
309.51375 2352
310.060625 1812
310.6075 2340
311.154375 2316
311.70125 2372
312.248125 2680
312.795 4580
313.341875 2076
313.88875 4220
314.435625 2188
314.9825 3208
315.529375 1484
316.07625 1708
316.623125 2748
317.17 1752
317.716875 2536
318.26375 2412
318.810625 2364
319.3575 1756
319.904375 1652
320.45125 1980
320.998125 2720
321.545 1796
322.091875 2376
322.63875 2140
323.185625 2092
323.7325 1752
324.279375 3152
324.82625 2344
325.373125 2632
325.92 1996
326.466875 2320
327.01375 2132
327.560625 3700
328.1075 2084
328.654375 2248
329.20125 2108
329.748125 2104
330.295 1872
330.841875 2320
331.38875 1624
331.935625 1816
332.4825 2872
333.029375 1660
333.57625 2416
334.123125 1744
334.67 2328
335.216875 3212
335.76375 2260
336.310625 2308
336.8575 1872
337.404375 1500
337.95125 2188
338.498125 2824
339.045 3140
339.591875 1828
340.13875 2192
340.685625 1944
341.2325 2492
341.779375 1996
342.32625 1432
342.873125 3328
343.42 2632
343.966875 1952
344.51375 2432
345.060625 3152
345.6075 2108
346.154375 2688
346.70125 2588
347.248125 2380
347.795 1532
348.341875 4016
348.88875 1988
349.435625 1932
349.9825 1476
350.529375 1852
351.07625 1944
351.623125 1952
352.17 1812
352.716875 2128
353.26375 2948
353.810625 1544
354.3575 2076
354.904375 1380
355.45125 2740
355.998125 2300
356.545 1596
357.091875 2856
357.63875 1556
358.185625 1924
358.7325 2080
359.279375 1764
359.82625 2100
360.373125 2036
360.92 1440
361.466875 2168
362.01375 2080
362.560625 2580
363.1075 1656
363.654375 1660
364.20125 3296
364.748125 2404
365.295 1864
365.841875 1944
366.38875 1420
366.935625 2380
367.4825 1832
368.029375 1460
368.57625 2220
369.123125 2276
369.67 2260
370.216875 2100
370.76375 1948
371.310625 2028
371.8575 2012
372.404375 1988
372.95125 3752
373.498125 2564
374.045 2384
374.591875 2184
375.13875 2724
375.685625 1616
376.2325 1872
376.779375 2152
377.32625 3248
377.873125 2476
378.42 2344
378.966875 2796
379.51375 1708
380.060625 1684
380.6075 2524
381.154375 2464
381.70125 1844
382.248125 2608
382.795 2320
383.341875 1952
383.88875 2468
384.435625 2128
384.9825 1936
385.529375 2876
386.07625 2484
386.623125 2228
387.17 2088
387.716875 1708
388.26375 2064
388.810625 3156
389.3575 1628
389.904375 1940
390.45125 1832
390.998125 1136
391.545 1868
392.091875 1752
392.63875 2400
393.185625 3484
393.7325 1868
394.279375 2776
394.82625 1384
395.373125 1900
395.92 1580
396.466875 3216
397.01375 2244
397.560625 1800
398.1075 1940
398.654375 1500
399.20125 2104
399.748125 2940
400.295 2192
400.841875 1476
401.38875 2436
401.935625 3424
402.4825 1852
403.029375 1908
403.57625 2132
404.123125 2076
404.67 2888
405.216875 2616
405.76375 2432
406.310625 2248
406.8575 1812
407.404375 2512
407.95125 1960
408.498125 3412
409.045 2308
409.591875 2292
410.13875 2268
410.685625 1560
411.2325 1964
411.779375 1552
412.32625 1556
412.873125 1916
413.42 2084
413.966875 2556
414.51375 1832
415.060625 1936
415.6075 2332
416.154375 1628
416.70125 2256
417.248125 2684
417.795 2000
418.341875 2176
418.88875 2756
419.435625 1384
419.9825 2472
420.529375 2020
421.07625 2436
421.623125 2196
422.17 3120
422.716875 1840
423.26375 1716
423.810625 2960
424.3575 2324
424.904375 1696
425.45125 2176
425.998125 1944
426.545 1992
427.091875 2192
427.63875 1664
428.185625 2692
428.7325 2056
429.279375 2136
429.82625 1844
430.373125 2956
430.92 1496
431.466875 3324
432.01375 2912
432.560625 2560
433.1075 1716
433.654375 1964
434.20125 1720
434.748125 1488
435.295 1940
435.841875 1564
436.38875 1860
436.935625 2324
437.4825 2576
438.029375 1808
438.57625 2052
439.123125 1948
439.67 2428
440.216875 1644
440.76375 1864
441.310625 1652
441.8575 2308
442.404375 2792
442.95125 1800
443.498125 1388
444.045 1940
444.591875 2616
445.13875 2116
445.685625 1388
446.2325 3812
446.779375 2756
447.32625 2636
447.873125 5252
448.42 1836
448.966875 3580
449.51375 1704
450.060625 1692
450.6075 1324
451.154375 1572
451.70125 2124
452.248125 1756
452.795 1092
453.341875 2752
453.88875 2592
454.435625 2364
454.9825 1912
455.529375 1836
456.07625 1460
456.623125 1368
457.17 1892
457.716875 2040
458.26375 1928
458.810625 1640
459.3575 2324
459.904375 2876
460.45125 1684
460.998125 1592
461.545 1644
462.091875 4864
462.63875 2344
463.185625 2092
463.7325 2024
464.279375 1968
464.82625 2080
465.373125 1468
465.92 1940
466.466875 1892
467.01375 1820
467.560625 1764
468.1075 2292
468.654375 1628
469.20125 1648
469.748125 1752
470.295 1812
470.841875 1864
471.38875 1384
471.935625 2292
472.4825 2520
473.029375 1936
473.57625 2196
474.123125 2384
474.67 1700
475.216875 2624
475.76375 1452
476.310625 2100
476.8575 2580
477.404375 2224
477.95125 1844
478.498125 1520
479.045 4236
479.591875 1948
480.13875 2144
480.685625 2140
481.2325 2036
481.779375 2464
482.32625 2076
482.873125 2212
483.42 2068
483.966875 1764
484.51375 1300
485.060625 1224
485.6075 1760
486.154375 2052
486.70125 1348
487.248125 2136
487.795 3232
488.341875 2364
488.88875 1800
489.435625 2408
489.9825 1636
490.529375 1880
491.07625 2060
491.623125 1556
492.17 1660
492.716875 1736
493.26375 2236
493.810625 1732
494.3575 1952
494.904375 1436
495.45125 1844
495.998125 1544
496.545 2076
497.091875 2184
497.63875 1860
498.185625 1800
498.7325 1208
499.279375 1944
499.82625 2796
500.373125 2088
500.92 2812
501.466875 2896
502.01375 1452
502.560625 2348
503.1075 1916
503.654375 2168
504.20125 1660
504.748125 1768
505.295 2104
505.841875 2156
506.38875 2756
506.935625 1832
507.4825 2144
508.029375 1328
508.57625 1816
509.123125 1876
509.67 2332
510.216875 2716
510.76375 1508
511.310625 1764
511.8575 1280
512.4043750000001 2712
512.9512500000001 1372
513.4981250000001 1408
514.0450000000001 2024
514.5918750000001 2236
515.1387500000001 2068
515.6856250000001 1920
516.2325000000001 1800
516.7793750000001 1736
517.3262500000001 1572
517.8731250000001 2028
518.4200000000001 1564
518.9668750000001 2080
519.5137500000001 2516
520.0606250000001 3336
520.6075000000001 2224
521.1543750000001 1836
521.7012500000001 1488
522.2481250000001 2244
522.7950000000001 1644
523.3418750000001 1844
523.8887500000001 1368
524.4356250000001 1284
524.9825000000001 2364
525.5293750000001 2224
526.0762500000001 1528
526.6231250000001 2016
527.1700000000001 2224
527.7168750000001 1604
528.2637500000001 1520
528.8106250000001 2036
529.3575000000001 1964
529.9043750000001 1752
530.4512500000001 1640
530.9981250000001 1724
531.5450000000001 2280
532.0918750000001 2012
532.6387500000001 2264
533.1856250000001 1976
533.7325000000001 1820
534.2793750000001 2428
534.8262500000001 1812
535.3731250000001 1764
535.9200000000001 2476
536.4668750000001 2828
537.0137500000001 2044
537.5606250000001 2544
538.1075000000001 1848
538.6543750000001 1616
539.2012500000001 2940
539.7481250000001 1684
540.2950000000001 2044
540.8418750000001 2284
541.3887500000001 1772
541.9356250000001 2340
542.4825000000001 1580
543.0293750000001 2596
543.5762500000001 2852
544.1231250000001 1980
544.6700000000001 1512
545.2168750000001 2108
545.7637500000001 2256
546.3106250000001 2192
546.8575000000001 2604
547.4043750000001 2260
547.9512500000001 1984
548.4981250000001 2336
549.0450000000001 2252
549.5918750000001 1632
550.1387500000001 1812
550.6856250000001 1528
551.2325000000001 2744
551.7793750000001 2120
552.3262500000001 2748
552.8731250000001 2856
553.4200000000001 1624
553.9668750000001 2476
554.5137500000001 2144
555.0606250000001 1528
555.6075000000001 2136
556.1543750000001 2476
556.7012500000001 1392
557.2481250000001 2748
557.7950000000001 2064
558.3418750000001 1832
558.8887500000001 1528
559.4356250000001 2040
559.9825000000001 1688
560.5293750000001 1316
561.0762500000001 3468
561.6231250000001 2740
562.1700000000001 2280
562.7168750000001 3152
563.2637500000001 2052
563.8106250000001 2212
564.3575000000001 1532
564.9043750000001 2948
565.4512500000001 2164
565.9981250000001 2324
566.5450000000001 1180
567.0918750000001 2280
567.6387500000001 1752
568.1856250000001 1780
568.7325000000001 1492
569.2793750000001 2932
569.8262500000001 1976
570.3731250000001 1888
570.9200000000001 1656
571.4668750000001 2036
572.0137500000001 1988
572.5606250000001 2448
573.1075000000001 2188
573.6543750000001 1592
574.2012500000001 1812
574.7481250000001 1724
575.2950000000001 2648
575.8418750000001 2192
576.3887500000001 2052
576.9356250000001 1604
577.4825000000001 2692
578.0293750000001 1724
578.5762500000001 2136
579.1231250000001 1268
579.6700000000001 1392
580.2168750000001 2120
580.7637500000001 2064
581.3106250000001 1484
581.8575000000001 2192
582.4043750000001 1640
582.9512500000001 2084
583.4981250000001 2660
584.0450000000001 1280
584.5918750000001 2964
585.1387500000001 2900
585.6856250000001 1944
586.2325000000001 2164
586.7793750000001 2476
587.3262500000001 2628
587.8731250000001 2056
588.4200000000001 2064
588.9668750000001 2308
589.5137500000001 1436
590.0606250000001 1896
590.6075000000001 1784
591.1543750000001 1820
591.7012500000001 1516
592.2481250000001 1984
592.7950000000001 2068
593.3418750000001 2268
593.8887500000001 2352
594.4356250000001 1456
594.9825000000001 4520
595.5293750000001 1796
596.0762500000001 1732
596.6231250000001 1776
597.1700000000001 2452
597.7168750000001 2452
598.2637500000001 1788
598.8106250000001 2516
599.3575000000001 1408
599.9043750000001 1320
600.4512500000001 1692
600.9981250000001 1524
601.5450000000001 1860
602.0918750000001 1604
602.6387500000001 2184
603.1856250000001 1788
603.7325000000001 1772
604.2793750000001 2088
604.8262500000001 2060
605.3731250000001 1196
605.9200000000001 1300
606.4668750000001 2416
607.0137500000001 1988
607.5606250000001 1916
608.1075000000001 2616
608.6543750000001 1888
609.2012500000001 1428
609.7481250000001 2416
610.2950000000001 1396
610.8418750000001 1916
611.3887500000001 2212
611.9356250000001 2372
612.4825000000001 2040
613.0293750000001 2216
613.5762500000001 2120
614.1231250000001 1884
614.6700000000001 3672
615.2168750000001 2424
615.7637500000001 2016
616.3106250000001 1720
616.8575000000001 2060
617.4043750000001 1772
617.9512500000001 2436
618.4981250000001 1972
619.0450000000001 2352
619.5918750000001 1684
620.1387500000001 1676
620.6856250000001 2684
621.2325000000001 2028
621.7793750000001 1776
622.3262500000001 2724
622.8731250000001 1916
623.4200000000001 3860
623.9668750000001 2024
624.5137500000001 1688
625.0606250000001 2364
625.6075000000001 1748
626.1543750000001 2020
626.7012500000001 1516
627.2481250000001 1736
627.7950000000001 1956
628.3418750000001 2096
628.8887500000001 2116
629.4356250000001 3356
629.9825000000001 2328
630.5293750000001 2828
631.0762500000001 2060
631.6231250000001 1860
632.1700000000001 2380
632.7168750000001 1720
633.2637500000001 2532
633.8106250000001 1808
634.3575000000001 2212
634.9043750000001 2644
635.4512500000001 2200
635.9981250000001 2668
636.5450000000001 2388
637.0918750000001 1888
637.6387500000001 2124
638.1856250000001 3216
638.7325000000001 2620
639.2793750000001 2200
639.8262500000001 2780
640.3731250000001 2600
640.9200000000001 1684
641.4668750000001 2200
642.0137500000001 2620
642.5606250000001 2216
643.1075000000001 1928
643.6543750000001 1452
644.2012500000001 2244
644.7481250000001 2220
645.2950000000001 2428
645.8418750000001 1996
646.3887500000001 2092
646.9356250000001 2344
647.4825000000001 2052
648.0293750000001 1504
648.5762500000001 1572
649.1231250000001 2116
649.6700000000001 2292
650.2168750000001 1876
650.7637500000001 2084
651.3106250000001 2220
651.8575000000001 2016
652.4043750000001 1708
652.9512500000001 2000
653.4981250000001 1384
654.0450000000001 1692
654.5918750000001 2412
655.1387500000001 2288
655.6856250000001 3088
656.2325000000001 2348
656.7793750000001 2252
657.3262500000001 2404
657.8731250000001 2424
658.4200000000001 2516
658.9668750000001 1956
659.5137500000001 1952
660.0606250000001 1948
660.6075000000001 2084
661.1543750000001 2392
661.7012500000001 2324
662.2481250000001 2448
662.7950000000001 2428
663.3418750000001 1672
663.8887500000001 2064
664.4356250000001 1728
664.9825000000001 1388
665.5293750000001 1316
666.0762500000001 2092
666.6231250000001 2220
667.1700000000001 2392
667.7168750000001 2484
668.2637500000001 2640
668.8106250000001 1624
669.3575000000001 2236
669.9043750000001 1936
670.4512500000001 2664
670.9981250000001 1740
671.5450000000001 2184
672.0918750000001 2116
672.6387500000001 2180
673.1856250000001 2212
673.7325000000001 2124
674.2793750000001 2620
674.8262500000001 2984
675.3731250000001 1440
675.9200000000001 2396
676.4668750000001 1748
677.0137500000001 2592
677.5606250000001 1704
678.1075000000001 1476
678.6543750000001 1808
679.2012500000001 1344
679.7481250000001 2440
680.2950000000001 2228
680.8418750000001 2316
681.3887500000001 1816
681.9356250000001 1924
682.4825000000001 2704
683.0293750000001 1932
683.5762500000001 1608
684.1231250000001 2036
684.6700000000001 2288
685.2168750000001 1784
685.7637500000001 3208
686.3106250000001 2464
686.8575000000001 1756
687.4043750000001 1852
687.9512500000001 1724
688.4981250000001 2308
689.0450000000001 2216
689.5918750000001 2192
690.1387500000001 1884
690.6856250000001 3012
691.2325000000001 2244
691.7793750000001 1860
692.3262500000001 1476
692.8731250000001 2072
693.4200000000001 1668
693.9668750000001 2372
694.5137500000001 1496
695.0606250000001 2152
695.6075000000001 1848
696.1543750000001 2792
696.7012500000001 2088
697.2481250000001 1968
697.7950000000001 2436
698.3418750000001 2480
698.8887500000001 1448
699.4356250000001 2460
699.9825000000001 2156
700.5293750000001 1760
701.0762500000001 2476
701.6231250000001 2140
702.1700000000001 2148
702.7168750000001 2380
703.2637500000001 1728
703.8106250000001 2052
704.3575000000001 2140
704.9043750000001 2580
705.4512500000001 2400
705.9981250000001 2292
706.5450000000001 1840
707.0918750000001 2140
707.6387500000001 1804
708.1856250000001 1644
708.7325000000001 1912
709.2793750000001 2152
709.8262500000001 3160
710.3731250000001 1700
710.9200000000001 1648
711.4668750000001 2068
712.0137500000001 2368
712.5606250000001 1804
713.1075000000001 1604
713.6543750000001 2548
714.2012500000001 2008
714.7481250000001 2388
715.2950000000001 1568
715.8418750000001 2128
716.3887500000001 2180
716.9356250000001 2252
717.4825000000001 2524
718.0293750000001 1992
718.5762500000001 2340
719.1231250000001 2812
719.6700000000001 2416
720.2168750000001 2092
720.7637500000001 2180
721.3106250000001 1884
721.8575000000001 1304
722.4043750000001 3048
722.9512500000001 2320
723.4981250000001 1616
724.0450000000001 2272
724.5918750000001 1880
725.1387500000001 2232
725.6856250000001 2672
726.2325000000001 2004
726.7793750000001 2312
727.3262500000001 1968
727.8731250000001 2244
728.4200000000001 1528
728.9668750000001 4408
729.5137500000001 1524
730.0606250000001 2520
730.6075000000001 2372
731.1543750000001 1784
731.7012500000001 1716
732.2481250000001 1876
732.7950000000001 2460
733.3418750000001 2716
733.8887500000001 2276
734.4356250000001 1520
734.9825000000001 1952
735.5293750000001 2028
736.0762500000001 2204
736.6231250000001 2396
737.1700000000001 1952
737.7168750000001 2844
738.2637500000001 2644
738.8106250000001 1940
739.3575000000001 3148
739.9043750000001 2144
740.4512500000001 1836
740.9981250000001 1752
741.5450000000001 1672
742.0918750000001 1516
742.6387500000001 2496
743.1856250000001 2212
743.7325000000001 1960
744.2793750000001 1992
744.8262500000001 2104
745.3731250000001 2448
745.9200000000001 3672
746.4668750000001 2164
747.0137500000001 2804
747.5606250000001 1576
748.1075000000001 1636
748.6543750000001 1980
749.2012500000001 2376
749.7481250000001 2052
750.2950000000001 1724
750.8418750000001 2108
751.3887500000001 1900
751.9356250000001 2000
752.4825000000001 1760
753.0293750000001 1688
753.5762500000001 1804
754.1231250000001 1528
754.6700000000001 1848
755.2168750000001 2992
755.7637500000001 1788
756.3106250000001 1080
756.8575000000001 2452
757.4043750000001 2300
757.9512500000001 1424
758.4981250000001 1480
759.0450000000001 2288
759.5918750000001 2308
760.1387500000001 2376
760.6856250000001 1372
761.2325000000001 3108
761.7793750000001 2028
762.3262500000001 2644
762.8731250000001 2196
763.4200000000001 1660
763.9668750000001 2332
764.5137500000001 2184
765.0606250000001 2156
765.6075000000001 2056
766.1543750000001 1968
766.7012500000001 2436
767.2481250000001 1780
767.7950000000001 2116
768.3418750000001 1768
768.8887500000001 2280
769.4356250000001 2424
769.9825000000001 1592
770.5293750000001 1704
771.0762500000001 2260
771.6231250000001 2452
772.1700000000001 2080
772.7168750000001 2356
773.2637500000001 2424
773.8106250000001 2312
774.3575000000001 1500
774.9043750000001 1404
775.4512500000001 2604
775.9981250000001 1964
776.5450000000001 1940
777.0918750000001 2376
777.6387500000001 1972
778.1856250000001 1976
778.7325000000001 2352
779.2793750000001 1884
779.8262500000001 2540
780.3731250000001 2000
780.9200000000001 2488
781.4668750000001 2624
782.0137500000001 1636
782.5606250000001 1816
783.1075000000001 2160
783.6543750000001 2428
784.2012500000001 2284
784.7481250000001 2500
785.2950000000001 1584
785.8418750000001 2228
786.3887500000001 1576
786.9356250000001 1592
787.4825000000001 2080
788.0293750000001 2440
788.5762500000001 2716
789.1231250000001 2024
789.6700000000001 1900
790.2168750000001 2388
790.7637500000001 2132
791.3106250000001 2068
791.8575000000001 1196
792.4043750000001 3396
792.9512500000001 1432
793.4981250000001 2344
794.0450000000001 2256
794.5918750000001 1936
795.1387500000001 1828
795.6856250000001 2068
796.2325000000001 2756
796.7793750000001 1824
797.3262500000001 1804
797.8731250000001 2428
798.4200000000001 1892
798.9668750000001 1820
799.5137500000001 1632
800.0606250000001 2224
800.6075000000001 1908
801.1543750000001 1388
801.7012500000001 2620
802.2481250000001 1684
802.7950000000001 2660
803.3418750000001 2088
803.8887500000001 1188
804.4356250000001 2108
804.9825000000001 2636
805.5293750000001 2424
806.0762500000001 2040
806.6231250000001 1656
807.1700000000001 2160
807.7168750000001 2040
808.2637500000001 2652
808.8106250000001 2228
809.3575000000001 2068
809.9043750000001 1860
810.4512500000001 1620
810.9981250000001 2076
811.5450000000001 2236
812.0918750000001 4116
812.6387500000001 2012
813.1856250000001 1780
813.7325000000001 3324
814.2793750000001 2112
814.8262500000001 2196
815.3731250000001 2792
815.9200000000001 2408
816.4668750000001 2416
817.0137500000001 2308
817.5606250000001 1756
818.1075000000001 2704
818.6543750000001 2572
819.2012500000001 2104
819.7481250000001 1636
820.2950000000001 2236
820.8418750000001 1572
821.3887500000001 2608
821.9356250000001 1616
822.4825000000001 1972
823.0293750000001 2352
823.5762500000001 2220
824.1231250000001 1708
824.6700000000001 1696
825.2168750000001 1712
825.7637500000001 1244
826.3106250000001 2960
826.8575000000001 1784
827.4043750000001 1528
827.9512500000001 1660
828.4981250000001 1704
829.0450000000001 2204
829.5918750000001 2200
830.1387500000001 1956
830.6856250000001 3144
831.2325000000001 2256
831.7793750000001 2508
832.3262500000001 3112
832.8731250000001 1988
833.4200000000001 1476
833.9668750000001 2476
834.5137500000001 2448
835.0606250000001 2556
835.6075000000001 1444
836.1543750000001 2212
836.7012500000001 2420
837.2481250000001 1680
837.7950000000001 1732
838.3418750000001 3084
838.8887500000001 1904
839.4356250000001 2852
839.9825000000001 2392
840.5293750000001 1852
841.0762500000001 1168
841.6231250000001 2116
842.1700000000001 1348
842.7168750000001 1948
843.2637500000001 1752
843.8106250000001 1916
844.3575000000001 1792
844.9043750000001 2128
845.4512500000001 2824
845.9981250000001 2020
846.5450000000001 1372
847.0918750000001 1520
847.6387500000001 3208
848.1856250000001 1868
848.7325000000001 2492
849.2793750000001 2032
849.8262500000001 1644
850.3731250000001 1268
850.9200000000001 2604
851.4668750000001 1508
852.0137500000001 1688
852.5606250000001 1900
853.1075000000001 3128
853.6543750000001 2316
854.2012500000001 1428
854.7481250000001 1884
855.2950000000001 1872
855.8418750000001 2176
856.3887500000001 1820
856.9356250000001 1888
857.4825000000001 1452
858.0293750000001 2220
858.5762500000001 1700
859.1231250000001 1904
859.6700000000001 3300
860.2168750000001 2608
860.7637500000001 1532
861.3106250000001 1908
861.8575000000001 2164
862.4043750000001 1632
862.9512500000001 2320
863.4981250000001 1884
864.0450000000001 2356
864.5918750000001 2600
865.1387500000001 2264
865.6856250000001 9136
866.2325000000001 1384
866.7793750000001 1684
867.3262500000001 1436
867.8731250000001 2464
868.4200000000001 1576
868.9668750000001 2440
869.5137500000001 1780
870.0606250000001 2052
870.6075000000001 1564
871.1543750000001 1952
871.7012500000001 1932
872.2481250000001 1756
872.7950000000001 1476
873.3418750000001 2856
873.8887500000001 2200
874.4356250000001 2572
874.9825000000001 2696
875.5293750000001 2028
876.0762500000001 2108
876.6231250000001 1896
877.1700000000001 1888
877.7168750000001 1596
878.2637500000001 2376
878.8106250000001 2016
879.3575000000001 2108
879.9043750000001 1820
880.4512500000001 2412
880.9981250000001 3040
881.5450000000001 1552
882.0918750000001 3116
882.6387500000001 1728
883.1856250000001 2600
883.7325000000001 1540
884.2793750000001 1636
884.8262500000001 2540
885.3731250000001 1576
885.9200000000001 2068
886.4668750000001 2244
887.0137500000001 2500
887.5606250000001 2172
888.1075000000001 1880
888.6543750000001 2352
889.2012500000001 1688
889.7481250000001 1768
890.2950000000001 1620
890.8418750000001 1940
891.3887500000001 2448
891.9356250000001 2768
892.4825000000001 2100
893.0293750000001 2172
893.5762500000001 1748
894.1231250000001 2788
894.6700000000001 1544
895.2168750000001 1884
895.7637500000001 2264
896.3106250000001 2660
896.8575000000001 1828
897.4043750000001 1928
897.9512500000001 2116
898.4981250000001 1884
899.0450000000001 2120
899.5918750000001 1264
900.1387500000001 2328
900.6856250000001 1340
901.2325000000001 2568
901.7793750000001 2112
902.3262500000001 2072
902.8731250000001 2072
903.4200000000001 2220
903.9668750000001 1512
904.5137500000001 1876
905.0606250000001 1824
905.6075000000001 2824
906.1543750000001 2356
906.7012500000001 1448
907.2481250000001 1496
907.7950000000001 3280
908.3418750000001 1980
908.8887500000001 1900
909.4356250000001 1516
909.9825000000001 1968
910.5293750000001 2508
911.0762500000001 2204
911.6231250000001 2336
912.1700000000001 2464
912.7168750000001 2208
913.2637500000001 2012
913.8106250000001 2264
914.3575000000001 1540
914.9043750000001 1952
915.4512500000001 3052
915.9981250000001 1524
916.5450000000001 2588
917.0918750000001 2292
917.6387500000001 1916
918.1856250000001 2520
918.7325000000001 2200
919.2793750000001 1744
919.8262500000001 2496
920.3731250000001 1948
920.9200000000001 1524
921.4668750000001 2300
922.0137500000001 2416
922.5606250000001 1776
923.1075000000001 2720
923.6543750000001 2060
924.2012500000001 1904
924.7481250000001 1952
925.2950000000001 1684
925.8418750000001 1596
926.3887500000001 2352
926.9356250000001 2392
927.4825000000001 1508
928.0293750000001 2000
928.5762500000001 2160
929.1231250000001 2000
929.6700000000001 1140
930.2168750000001 1692
930.7637500000001 2708
931.3106250000001 3196
931.8575000000001 1836
932.4043750000001 1520
932.9512500000001 1920
933.4981250000001 1932
934.0450000000001 2236
934.5918750000001 1456
935.1387500000001 2000
935.6856250000001 2784
936.2325000000001 1900
936.7793750000001 1924
937.3262500000001 1908
937.8731250000001 1984
938.4200000000001 1012
938.9668750000001 1692
939.5137500000001 1588
940.0606250000001 2392
940.6075000000001 2412
941.1543750000001 1964
941.7012500000001 1676
942.2481250000001 2000
942.7950000000001 2120
943.3418750000001 2020
943.8887500000001 3892
944.4356250000001 1516
944.9825000000001 1884
945.5293750000001 1968
946.0762500000001 1984
946.6231250000001 2044
947.1700000000001 1756
947.7168750000001 2864
948.2637500000001 1688
948.8106250000001 1528
949.3575000000001 1692
949.9043750000001 2144
950.4512500000001 1832
950.9981250000001 1576
951.5450000000001 1540
952.0918750000001 3848
952.6387500000001 1424
953.1856250000001 2396
953.7325000000001 2696
954.2793750000001 2312
954.8262500000001 2840
955.3731250000001 2380
955.9200000000001 1628
956.4668750000001 1420
957.0137500000001 1692
957.5606250000001 1352
958.1075000000001 1860
958.6543750000001 2196
959.2012500000001 1864
959.7481250000001 1920
960.2950000000001 2972
960.8418750000001 2132
961.3887500000001 1788
961.9356250000001 1936
962.4825000000001 2528
963.0293750000001 1860
963.5762500000001 1752
964.1231250000001 2568
964.6700000000001 1532
965.2168750000001 3580
965.7637500000001 1444
966.3106250000001 2700
966.8575000000001 1536
967.4043750000001 1756
967.9512500000001 1612
968.4981250000001 2416
969.0450000000001 2672
969.5918750000001 2656
970.1387500000001 3380
970.6856250000001 2380
971.2325000000001 1676
971.7793750000001 1988
972.3262500000001 1496
972.8731250000001 2148
973.4200000000001 1948
973.9668750000001 3120
974.5137500000001 1964
975.0606250000001 2044
975.6075000000001 2536
976.1543750000001 2336
976.7012500000001 2932
977.2481250000001 1900
977.7950000000001 1840
978.3418750000001 1964
978.8887500000001 1784
979.4356250000001 1932
979.9825000000001 2180
980.5293750000001 1816
981.0762500000001 1560
981.6231250000001 2372
982.1700000000001 1716
982.7168750000001 2312
983.2637500000001 2384
983.8106250000001 1640
984.3575000000001 1940
984.9043750000001 1932
985.4512500000001 1644
985.9981250000001 1908
986.5450000000001 1900
987.0918750000001 1920
987.6387500000001 1892
988.1856250000001 2516
988.7325000000001 1852
989.2793750000001 2492
989.8262500000001 2532
990.3731250000001 1524
990.9200000000001 1444
991.4668750000001 2524
992.0137500000001 1992
992.5606250000001 1780
993.1075000000001 2696
993.6543750000001 2224
994.2012500000001 1524
994.7481250000001 2492
995.2950000000001 1868
995.8418750000001 2460
996.3887500000001 1512
996.9356250000001 2080
997.4825000000001 1916
998.0293750000001 2188
998.5762500000001 2008
999.1231250000001 1520
999.6700000000001 1736
1000.2168750000001 2132
1000.7637500000001 1932
1001.3106250000001 1900
1001.8575000000001 2128
1002.4043750000001 3080
1002.9512500000001 2124
1003.4981250000001 1920
1004.0450000000001 1492
1004.5918750000001 3128
1005.1387500000001 2460
1005.6856250000001 1448
1006.2325000000001 1872
1006.7793750000001 1608
1007.3262500000001 2820
1007.8731250000001 1788
1008.4200000000001 1628
1008.9668750000001 2768
1009.5137500000001 1800
1010.0606250000001 1892
1010.6075000000001 1840
1011.1543750000001 2144
1011.7012500000001 3016
1012.2481250000001 1948
1012.7950000000001 1572
1013.3418750000001 1660
1013.8887500000001 2632
1014.4356250000001 1920
1014.9825000000001 1952
1015.5293750000001 2476
1016.0762500000001 2512
1016.6231250000001 2516
1017.1700000000001 1848
1017.7168750000001 2468
1018.2637500000001 2252
1018.8106250000001 2084
1019.3575000000001 1640
1019.9043750000001 2524
1020.4512500000001 2120
1020.9981250000001 2048
1021.5450000000001 1556
1022.0918750000001 2248
1022.6387500000001 2216
1023.1856250000001 1756
1023.7325000000001 2236
1024.279375 2288
1024.82625 1632
1025.373125 3020
1025.92 1660
1026.466875 1964
1027.01375 1740
1027.560625 2176
1028.1075 1492
1028.654375 1600
1029.20125 1444
1029.748125 1820
1030.295 1552
1030.841875 1748
1031.38875 1452
1031.935625 1784
1032.4825 1912
1033.029375 2548
1033.57625 1652
1034.123125 2100
1034.67 2716
1035.216875 2140
1035.76375 2940
1036.310625 2380
1036.8575 2316
1037.404375 3032
1037.95125 2600
1038.498125 2924
1039.045 2348
1039.591875 1772
1040.13875 2076
1040.685625 2264
1041.2325 3420
1041.779375 2112
1042.32625 2048
1042.873125 2244
1043.42 2128
1043.966875 1936
1044.51375 2068
1045.060625 2144
1045.6075 1628
1046.154375 2196
1046.70125 2604
1047.248125 1992
1047.795 1596
1048.341875 2308
1048.88875 1692
1049.435625 1916
1049.9825 1728
1050.529375 1564
1051.07625 2180
1051.623125 2740
1052.17 1168
1052.716875 1792
1053.26375 1616
1053.810625 3536
1054.3575 2012
1054.904375 1916
1055.45125 2132
1055.998125 2048
1056.545 2196
1057.091875 1484
1057.63875 1768
1058.185625 2104
1058.7325 2612
1059.279375 2036
1059.82625 1676
1060.373125 2716
1060.92 2024
1061.466875 2292
1062.01375 1708
1062.560625 3180
1063.1075 2852
1063.654375 1808
1064.20125 2448
1064.748125 1568
1065.295 2116
1065.841875 2164
1066.38875 2296
1066.935625 1820
1067.4825 2204
1068.029375 2360
1068.57625 2164
1069.123125 2248
1069.67 2628
1070.216875 1256
1070.76375 2344
1071.310625 2588
1071.8575 2956
1072.404375 2236
1072.95125 1792
1073.498125 3144
1074.045 2236
1074.591875 2268
1075.13875 2984
1075.685625 3764
1076.2325 1704
1076.779375 2592
1077.32625 2628
1077.873125 2188
1078.42 1828
1078.966875 1828
1079.51375 2868
1080.060625 2044
1080.6075 1360
1081.154375 1852
1081.70125 1428
1082.248125 2828
1082.795 2816
1083.341875 1308
1083.88875 2740
1084.435625 2916
1084.9825 1960
1085.529375 2060
1086.07625 2384
1086.623125 2000
1087.17 2388
1087.716875 1608
1088.26375 1744
1088.810625 2664
1089.3575 2692
1089.904375 2628
1090.45125 1988
1090.998125 1404
1091.545 1692
1092.091875 1424
1092.63875 3156
1093.185625 2056
1093.7325 1316
1094.279375 2464
1094.82625 1912
1095.373125 1872
1095.92 2424
1096.466875 1988
1097.01375 1572
1097.560625 1960
1098.1075 2220
1098.654375 1532
1099.20125 1812
1099.748125 1592
1100.295 2096
1100.841875 2020
1101.38875 2240
1101.935625 2476
1102.4825 2060
1103.029375 2332
1103.57625 1716
1104.123125 1748
1104.67 2404
1105.216875 2324
1105.76375 1956
1106.310625 1852
1106.8575 2372
1107.404375 2140
1107.95125 2304
1108.498125 2352
1109.045 2332
1109.591875 2724
1110.13875 2168
1110.685625 2148
1111.2325 2296
1111.779375 3176
1112.32625 1820
1112.873125 2360
1113.42 2288
1113.966875 2492
1114.51375 1636
1115.060625 2036
1115.6075 1524
1116.154375 1932
1116.70125 2280
1117.248125 4716
1117.795 2116
1118.341875 1860
1118.88875 1540
1119.435625 2004
1119.9825 3120
1120.529375 1732
1121.07625 1340
1121.623125 1820
1122.17 2728
1122.716875 2156
1123.26375 2064
1123.810625 3348
1124.3575 2268
1124.904375 1832
1125.45125 1420
1125.998125 2256
1126.545 1480
1127.091875 1752
1127.63875 2172
1128.185625 2092
1128.7325 2740
1129.279375 2664
1129.82625 2144
1130.373125 2016
1130.92 3220
1131.466875 2840
1132.01375 2548
1132.560625 1876
1133.1075 2632
1133.654375 2504
1134.20125 2116
1134.748125 2488
1135.295 2872
1135.841875 1884
1136.38875 1432
1136.935625 2056
1137.4825 1736
1138.029375 3064
1138.57625 2252
1139.123125 2052
1139.67 1780
1140.216875 1872
1140.76375 1704
1141.310625 1948
1141.8575 1972
1142.404375 2264
1142.95125 2120
1143.498125 1952
1144.045 2472
1144.591875 2708
1145.13875 2112
1145.685625 2740
1146.2325 2220
1146.779375 1876
1147.32625 2980
1147.873125 2756
1148.42 2816
1148.966875 1724
1149.51375 2312
1150.060625 2492
1150.6075 2480
1151.154375 1748
1151.70125 1592
1152.248125 1712
1152.795 1364
1153.341875 2152
1153.88875 2924
1154.435625 2548
1154.9825 2112
1155.529375 2556
1156.07625 2100
1156.623125 1556
1157.17 1852
1157.716875 2204
1158.26375 1544
1158.810625 1624
1159.3575 2384
1159.904375 2228
1160.45125 1988
1160.998125 1932
1161.545 2204
1162.091875 1688
1162.63875 3128
1163.185625 2064
1163.7325 3108
1164.279375 1804
1164.82625 1880
1165.373125 2352
1165.92 1716
1166.466875 2872
1167.01375 1652
1167.560625 1836
1168.1075 2092
1168.654375 3044
1169.20125 1692
1169.748125 2276
1170.295 1656
1170.841875 1584
1171.38875 1972
1171.935625 1764
1172.4825 2704
1173.029375 1800
1173.57625 1932
1174.123125 2916
1174.67 2480
1175.216875 3032
1175.76375 2068
1176.310625 2600
1176.8575 1996
1177.404375 2456
1177.95125 2944
1178.498125 2156
1179.045 2096
1179.591875 1928
1180.13875 1856
1180.685625 3056
1181.2325 1568
1181.779375 2652
1182.32625 1868
1182.873125 2020
1183.42 1764
1183.966875 1936
1184.51375 2300
1185.060625 1620
1185.6075 2328
1186.154375 2232
1186.70125 1388
1187.248125 2660
1187.795 1544
1188.341875 2460
1188.88875 1888
1189.435625 2024
1189.9825 2156
1190.529375 2236
1191.07625 1948
1191.623125 2792
1192.17 1904
1192.716875 1676
1193.26375 2236
1193.810625 1784
1194.3575 1436
1194.904375 2340
1195.45125 2236
1195.998125 2508
1196.545 2148
1197.091875 1632
1197.63875 1792
1198.185625 2100
1198.7325 2384
1199.279375 1468
1199.82625 2768
1200.373125 2516
1200.92 2784
1201.466875 2236
1202.01375 2472
1202.560625 1804
1203.1075 2128
1203.654375 2196
1204.20125 1576
1204.748125 1980
1205.295 2120
1205.841875 2136
1206.38875 2480
1206.935625 2052
1207.4825 2440
1208.029375 2036
1208.57625 1684
1209.123125 1304
1209.67 2320
1210.216875 2920
1210.76375 2372
1211.310625 3084
1211.8575 2028
1212.404375 1776
1212.95125 2216
1213.498125 1508
1214.045 1980
1214.591875 1800
1215.13875 2260
1215.685625 2256
1216.2325 1992
1216.779375 2436
1217.32625 2964
1217.873125 2340
1218.42 2652
1218.966875 2572
1219.51375 1596
1220.060625 2068
1220.6075 2488
1221.154375 1700
1221.70125 2328
1222.248125 1680
1222.795 2456
1223.341875 2048
1223.88875 2552
1224.435625 2452
1224.9825 2212
1225.529375 2968
1226.07625 1828
1226.623125 2340
1227.17 2600
1227.716875 2320
1228.26375 2672
1228.810625 2476
1229.3575 2340
1229.904375 3268
1230.45125 2484
1230.998125 2224
1231.545 2824
1232.091875 1912
1232.63875 2196
1233.185625 1896
1233.7325 3420
1234.279375 1932
1234.82625 1840
1235.373125 2024
1235.92 2404
1236.466875 2960
1237.01375 1532
1237.560625 1892
1238.1075 2196
1238.654375 2528
1239.20125 2476
1239.748125 2152
1240.295 1668
1240.841875 1796
1241.38875 2384
1241.935625 1784
1242.4825 2328
1243.029375 2384
1243.57625 1592
1244.123125 2132
1244.67 3144
1245.216875 2168
1245.76375 2700
1246.310625 2692
1246.8575 1860
1247.404375 1972
1247.95125 2576
1248.498125 3124
1249.045 2596
1249.591875 2004
1250.13875 1864
1250.685625 1748
1251.2325 2060
1251.779375 2528
1252.32625 2048
1252.873125 2692
1253.42 1924
1253.966875 1588
1254.51375 2248
1255.060625 2744
1255.6075 1428
1256.154375 1812
1256.70125 1492
1257.248125 1980
1257.795 2592
1258.341875 3036
1258.88875 2764
1259.435625 2084
1259.9825 2008
1260.529375 3012
1261.07625 2460
1261.623125 2524
1262.17 2532
1262.716875 1976
1263.26375 2672
1263.810625 3240
1264.3575 2996
1264.904375 1844
1265.45125 1700
1265.998125 1888
1266.545 1864
1267.091875 2304
1267.63875 2620
1268.185625 1708
1268.7325 2608
1269.279375 3448
1269.82625 2656
1270.373125 1932
1270.92 1864
1271.466875 2748
1272.01375 2104
1272.560625 1984
1273.1075 2164
1273.654375 1832
1274.20125 2472
1274.748125 1768
1275.295 2156
1275.841875 2112
1276.38875 2780
1276.935625 2496
1277.4825 1496
1278.029375 2492
1278.57625 2620
1279.123125 2096
1279.67 2188
1280.216875 1820
1280.76375 1984
1281.310625 2104
1281.8575 2196
1282.404375 2044
1282.95125 2248
1283.498125 1976
1284.045 2044
1284.591875 2472
1285.13875 2040
1285.685625 1928
1286.2325 1952
1286.779375 1812
1287.32625 2224
1287.873125 2020
1288.42 2200
1288.966875 2012
1289.51375 3468
1290.060625 1412
1290.6075 3668
1291.154375 2512
1291.70125 2620
1292.248125 2116
1292.795 1944
1293.341875 3116
1293.88875 2464
1294.435625 2032
1294.9825 2360
1295.529375 2168
1296.07625 1812
1296.623125 2064
1297.17 2552
1297.716875 3440
1298.26375 2776
1298.810625 2348
1299.3575 3088
1299.904375 2072
1300.45125 2088
1300.998125 2292
1301.545 2688
1302.091875 2056
1302.63875 2348
1303.185625 2092
1303.7325 1868
1304.279375 2352
1304.82625 2828
1305.373125 2548
1305.92 2676
1306.466875 2636
1307.01375 2792
1307.560625 2048
1308.1075 3596
1308.654375 2544
1309.20125 2612
1309.748125 2856
1310.295 1860
1310.841875 2032
1311.38875 2764
1311.935625 3044
1312.4825 2068
1313.029375 2184
1313.57625 2676
1314.123125 2804
1314.67 2364
1315.216875 2196
1315.76375 1644
1316.310625 1964
1316.8575 1996
1317.404375 2836
1317.95125 2708
1318.498125 1964
1319.045 2824
1319.591875 2292
1320.13875 1800
1320.685625 2112
1321.2325 2972
1321.779375 2248
1322.32625 2120
1322.873125 2176
1323.42 2804
1323.966875 1972
1324.51375 1988
1325.060625 2536
1325.6075 2380
1326.154375 2392
1326.70125 2788
1327.248125 2120
1327.795 2836
1328.341875 2456
1328.88875 2100
1329.435625 2336
1329.9825 2536
1330.529375 2368
1331.07625 2128
1331.623125 2940
1332.17 1800
1332.716875 1804
1333.26375 1872
1333.810625 2436
1334.3575 2760
1334.904375 2568
1335.45125 2232
1335.998125 3104
1336.545 2660
1337.091875 2144
1337.63875 2404
1338.185625 2144
1338.7325 2088
1339.279375 2580
1339.82625 2336
1340.373125 1696
1340.92 2764
1341.466875 1888
1342.01375 2240
1342.560625 2712
1343.1075 2800
1343.654375 2468
1344.20125 2444
1344.748125 2688
1345.295 2988
1345.841875 2144
1346.38875 2468
1346.935625 2040
1347.4825 2540
1348.029375 2244
1348.57625 2264
1349.123125 2516
1349.67 2388
1350.216875 3092
1350.76375 2200
1351.310625 2332
1351.8575 2112
1352.404375 2796
1352.95125 2168
1353.498125 2012
1354.045 3488
1354.591875 2880
1355.13875 2488
1355.685625 2688
1356.2325 1996
1356.779375 2580
1357.32625 2776
1357.873125 2852
1358.42 2148
1358.966875 2980
1359.51375 2636
1360.060625 3772
1360.6075 3340
1361.154375 2660
1361.70125 2636
1362.248125 2132
1362.795 2668
1363.341875 3140
1363.88875 2460
1364.435625 2652
1364.9825 3268
1365.529375 2508
1366.07625 3936
1366.623125 2704
1367.17 3000
1367.716875 2372
1368.26375 2208
1368.810625 2452
1369.3575 3276
1369.904375 2824
1370.45125 2416
1370.998125 2516
1371.545 2876
1372.091875 4636
1372.63875 2636
1373.185625 3532
1373.7325 2492
1374.279375 2348
1374.82625 2876
1375.373125 3192
1375.92 3060
1376.466875 2748
1377.01375 3032
1377.560625 2872
1378.1075 3160
1378.654375 2804
1379.20125 2864
1379.748125 2880
1380.295 2740
1380.841875 3640
1381.38875 2460
1381.935625 2728
1382.4825 3416
1383.029375 2216
1383.57625 3376
1384.123125 2816
1384.67 3004
1385.216875 3112
1385.76375 2732
1386.310625 2988
1386.8575 3240
1387.404375 3172
1387.95125 3752
1388.498125 2612
1389.045 3396
1389.591875 3256
1390.13875 3536
1390.685625 2828
1391.2325 4156
1391.779375 3164
1392.32625 3440
1392.873125 3708
1393.42 3276
1393.966875 3672
1394.51375 3172
1395.060625 5008
1395.6075 4196
1396.154375 2872
1396.70125 3392
1397.248125 3636
1397.795 3644
1398.341875 3060
1398.88875 3820
1399.435625 3564
1399.9825 3796
1400.529375 3192
1401.07625 3612
1401.623125 4216
1402.17 3736
1402.716875 3412
1403.26375 4328
1403.810625 3456
1404.3575 3612
1404.904375 3764
1405.45125 3920
1405.998125 3768
1406.545 3836
1407.091875 3636
1407.63875 3928
1408.185625 5020
1408.7325 4200
1409.279375 4780
1409.82625 3540
1410.373125 3836
1410.92 4624
1411.466875 4688
1412.01375 3552
1412.560625 4560
1413.1075 4824
1413.654375 4124
1414.20125 5336
1414.748125 4528
1415.295 4524
1415.841875 5400
1416.38875 4776
1416.935625 6156
1417.4825 5508
1418.029375 5308
1418.57625 6196
1419.123125 5536
