299.67 2592
300.216875 2132
300.76375 2304
301.310625 3512
301.8575 2324
302.404375 2936
302.95125 1820
303.498125 2056
304.045 1752
304.591875 2244
305.13875 2804
305.685625 2408
306.2325 2888
306.779375 3512
307.32625 3112
307.873125 2960
308.42 3332
308.966875 2496
309.51375 2296
310.060625 1852
310.6075 2256
311.154375 2428
311.70125 2392
312.248125 2496
312.795 4532
313.341875 2164
313.88875 4260
314.435625 2068
314.9825 3052
315.529375 1436
316.07625 1624
316.623125 2584
317.17 1712
317.716875 2308
318.26375 2432
318.810625 2264
319.3575 1812
319.904375 1540
320.45125 1960
320.998125 2552
321.545 1708
322.091875 2448
322.63875 2156
323.185625 2044
323.7325 1664
324.279375 3132
324.82625 2364
325.373125 2628
325.92 2068
326.466875 2204
327.01375 2248
327.560625 3524
328.1075 2128
328.654375 2312
329.20125 2180
329.748125 1956
330.295 1940
330.841875 2304
331.38875 1656
331.935625 1860
332.4825 2732
333.029375 1692
333.57625 2412
334.123125 1820
334.67 2316
335.216875 3200
335.76375 2076
336.310625 2244
336.8575 2012
337.404375 1532
337.95125 2320
338.498125 2776
339.045 3236
339.591875 1776
340.13875 2180
340.685625 2016
341.2325 2468
341.779375 1968
342.32625 1452
342.873125 3212
343.42 2596
343.966875 1956
344.51375 2608
345.060625 2844
345.6075 2192
346.154375 2536
346.70125 2564
347.248125 2300
347.795 1604
348.341875 3740
348.88875 2108
349.435625 2148
349.9825 1772
350.529375 1884
351.07625 2160
351.623125 1952
352.17 1724
352.716875 1988
353.26375 2924
353.810625 1372
354.3575 2180
354.904375 1568
355.45125 2776
355.998125 2260
356.545 1560
357.091875 2880
357.63875 1548
358.185625 2008
358.7325 2240
359.279375 1804
359.82625 2016
360.373125 1956
360.92 1464
361.466875 2192
362.01375 1972
362.560625 2500
363.1075 1676
363.654375 1532
364.20125 2952
364.748125 2220
365.295 1876
365.841875 1896
366.38875 1532
366.935625 2276
367.4825 1764
368.029375 1396
368.57625 2248
369.123125 2260
369.67 2340
370.216875 2036
370.76375 1948
371.310625 2004
371.8575 2012
372.404375 2124
372.95125 3764
373.498125 2568
374.045 2440
374.591875 2096
375.13875 2736
375.685625 1764
376.2325 1824
376.779375 2180
377.32625 3480
377.873125 2172
378.42 2296
378.966875 2892
379.51375 1604
380.060625 1788
380.6075 2612
381.154375 2572
381.70125 1828
382.248125 2492
382.795 2408
383.341875 1872
383.88875 2480
384.435625 2148
384.9825 2228
385.529375 3108
386.07625 2648
386.623125 1980
387.17 2068
387.716875 1656
388.26375 2016
388.810625 3184
389.3575 1716
389.904375 1928
390.45125 1912
390.998125 1216
391.545 1988
392.091875 1920
392.63875 2508
393.185625 3444
393.7325 1972
394.279375 2712
394.82625 1284
395.373125 1968
395.92 1652
396.466875 3220
397.01375 2316
397.560625 1888
398.1075 1876
398.654375 1612
399.20125 1852
399.748125 2996
400.295 2132
400.841875 1608
401.38875 2576
401.935625 3348
402.4825 2012
403.029375 1964
403.57625 2316
404.123125 1972
404.67 2832
405.216875 2792
405.76375 2244
406.310625 2228
406.8575 1764
407.404375 2280
407.95125 1996
408.498125 3468
409.045 2572
409.591875 2592
410.13875 2476
410.685625 1676
411.2325 2244
411.779375 1960
412.32625 2072
412.873125 2024
413.42 2524
413.966875 2760
414.51375 2320
415.060625 2544
415.6075 2816
416.154375 2556
416.70125 2860
417.248125 3888
417.795 3328
418.341875 3684
418.88875 4580
419.435625 3388
419.9825 5188
420.529375 4844
421.07625 5692
421.623125 6036
422.17 7368
422.716875 6456
423.26375 6856
423.810625 8144
424.3575 7876
424.904375 7516
425.45125 8184
425.998125 7644
426.545 8100
427.091875 8056
427.63875 7460
428.185625 8004
428.7325 7244
429.279375 6768
429.82625 6200
430.373125 6980
430.92 5220
431.466875 7040
432.01375 6524
432.560625 5836
433.1075 4872
433.654375 4840
434.20125 4636
434.748125 4220
435.295 4624
435.841875 4080
436.38875 4348
436.935625 4788
437.4825 4568
438.029375 3784
438.57625 3892
439.123125 3576
439.67 4000
440.216875 2812
440.76375 3152
441.310625 2692
441.8575 3324
442.404375 3704
442.95125 2700
443.498125 2208
444.045 2436
444.591875 3368
445.13875 2700
445.685625 2120
446.2325 4496
446.779375 3112
447.32625 3188
447.873125 5836
448.42 2180
448.966875 3692
449.51375 2072
450.060625 2116
450.6075 1672
451.154375 1916
451.70125 2188
452.248125 2052
452.795 1412
453.341875 2888
453.88875 2640
454.435625 2728
454.9825 2044
455.529375 1968
456.07625 1684
456.623125 1544
457.17 2068
457.716875 2060
458.26375 2088
458.810625 1764
459.3575 2452
459.904375 3100
460.45125 1728
460.998125 1796
461.545 1760
462.091875 5004
462.63875 2544
463.185625 2100
463.7325 2304
464.279375 2144
464.82625 2184
465.373125 1660
465.92 2060
466.466875 1852
467.01375 1948
467.560625 1884
468.1075 2344
468.654375 1696
469.20125 1712
469.748125 1744
470.295 1988
470.841875 1900
471.38875 1356
471.935625 2440
472.4825 2712
473.029375 1988
473.57625 2164
474.123125 2604
474.67 1848
475.216875 2808
475.76375 1560
476.310625 2200
476.8575 2588
477.404375 2220
477.95125 1956
478.498125 1740
479.045 4316
479.591875 2072
480.13875 2236
480.685625 2320
481.2325 2136
481.779375 2504
482.32625 2160
482.873125 2260
483.42 2116
483.966875 1948
484.51375 1260
485.060625 1560
485.6075 1972
486.154375 2076
486.70125 1416
487.248125 2124
487.795 3244
488.341875 2412
488.88875 1912
489.435625 2400
489.9825 1896
490.529375 1920
491.07625 2020
491.623125 1672
492.17 1792
492.716875 1940
493.26375 2380
493.810625 1932
494.3575 1964
494.904375 1528
495.45125 1948
495.998125 1644
496.545 2040
497.091875 2180
497.63875 1880
498.185625 1844
498.7325 1244
499.279375 2100
499.82625 2932
500.373125 2184
500.92 2788
501.466875 3028
502.01375 1564
502.560625 2504
503.1075 1908
503.654375 2124
504.20125 1656
504.748125 1868
505.295 2168
505.841875 1960
506.38875 2876
506.935625 1796
507.4825 2416
508.029375 1472
508.57625 1864
509.123125 1976
509.67 2256
510.216875 2824
510.76375 1604
511.310625 1904
511.8575 1284
512.4043750000001 2516
512.9512500000001 1440
513.4981250000001 1180
514.0450000000001 2024
514.5918750000001 2092
515.1387500000001 2204
515.6856250000001 1884
516.2325000000001 2004
516.7793750000001 1700
517.3262500000001 1628
517.8731250000001 1908
518.4200000000001 1576
518.9668750000001 2260
519.5137500000001 2592
520.0606250000001 3364
520.6075000000001 2156
521.1543750000001 1860
521.7012500000001 1380
522.2481250000001 2364
522.7950000000001 1764
523.3418750000001 1964
523.8887500000001 1356
524.4356250000001 1212
524.9825000000001 2592
525.5293750000001 2184
526.0762500000001 1640
526.6231250000001 2064
527.1700000000001 2052
527.7168750000001 1596
528.2637500000001 1680
528.8106250000001 2240
529.3575000000001 1992
529.9043750000001 1768
530.4512500000001 1712
530.9981250000001 1676
531.5450000000001 2224
532.0918750000001 2064
532.6387500000001 2288
533.1856250000001 1796
533.7325000000001 2032
534.2793750000001 2444
534.8262500000001 1832
535.3731250000001 1768
535.9200000000001 2448
536.4668750000001 2748
537.0137500000001 1988
537.5606250000001 2436
538.1075000000001 1964
538.6543750000001 1652
539.2012500000001 2924
539.7481250000001 1704
540.2950000000001 2184
540.8418750000001 2440
541.3887500000001 1860
541.9356250000001 2332
542.4825000000001 1696
543.0293750000001 2612
543.5762500000001 2696
544.1231250000001 1848
544.6700000000001 1512
545.2168750000001 2112
545.7637500000001 2228
546.3106250000001 2212
546.8575000000001 2732
547.4043750000001 2100
547.9512500000001 2092
548.4981250000001 2172
549.0450000000001 2256
549.5918750000001 1740
550.1387500000001 2044
550.6856250000001 1644
551.2325000000001 2920
551.7793750000001 2192
552.3262500000001 2644
552.8731250000001 2848
553.4200000000001 1600
553.9668750000001 2564
554.5137500000001 2028
555.0606250000001 1524
555.6075000000001 2240
556.1543750000001 2380
556.7012500000001 1588
557.2481250000001 2956
557.7950000000001 2024
558.3418750000001 1704
558.8887500000001 1668
559.4356250000001 2060
559.9825000000001 1864
560.5293750000001 1420
561.0762500000001 3548
561.6231250000001 2752
562.1700000000001 2232
562.7168750000001 3216
563.2637500000001 1928
563.8106250000001 2172
564.3575000000001 1592
564.9043750000001 3000
565.4512500000001 2156
565.9981250000001 2504
566.5450000000001 1248
567.0918750000001 2216
567.6387500000001 1712
568.1856250000001 1656
568.7325000000001 1564
569.2793750000001 2964
569.8262500000001 2012
570.3731250000001 1924
570.9200000000001 1716
571.4668750000001 2008
572.0137500000001 2076
572.5606250000001 2292
573.1075000000001 2200
573.6543750000001 1632
574.2012500000001 2052
574.7481250000001 1636
575.2950000000001 2604
575.8418750000001 2376
576.3887500000001 1856
576.9356250000001 1672
577.4825000000001 2740
578.0293750000001 1780
578.5762500000001 1916
579.1231250000001 1320
579.6700000000001 1388
580.2168750000001 2120
580.7637500000001 1944
581.3106250000001 1616
581.8575000000001 2212
582.4043750000001 1736
582.9512500000001 2072
583.4981250000001 2696
584.0450000000001 1460
584.5918750000001 2912
585.1387500000001 2692
585.6856250000001 1912
586.2325000000001 2204
586.7793750000001 2352
587.3262500000001 2784
587.8731250000001 2092
588.4200000000001 1952
588.9668750000001 2416
589.5137500000001 1492
590.0606250000001 2232
590.6075000000001 1876
591.1543750000001 1868
591.7012500000001 1476
592.2481250000001 1876
592.7950000000001 2120
593.3418750000001 2236
593.8887500000001 2268
594.4356250000001 1392
594.9825000000001 4812
595.5293750000001 1888
596.0762500000001 1688
596.6231250000001 1780
597.1700000000001 2476
597.7168750000001 2468
598.2637500000001 1908
598.8106250000001 2772
599.3575000000001 1316
599.9043750000001 1336
600.4512500000001 1748
600.9981250000001 1424
601.5450000000001 1908
602.0918750000001 1512
602.6387500000001 2476
603.1856250000001 2056
603.7325000000001 1756
604.2793750000001 2060
604.8262500000001 1976
605.3731250000001 1304
605.9200000000001 1160
606.4668750000001 2420
607.0137500000001 1800
607.5606250000001 2016
608.1075000000001 2760
608.6543750000001 1900
609.2012500000001 1368
609.7481250000001 2312
610.2950000000001 1228
610.8418750000001 2004
611.3887500000001 2080
611.9356250000001 2500
612.4825000000001 2004
613.0293750000001 2240
613.5762500000001 2012
614.1231250000001 1824
614.6700000000001 3740
615.2168750000001 2428
615.7637500000001 2088
616.3106250000001 1980
616.8575000000001 1972
617.4043750000001 1600
617.9512500000001 2344
618.4981250000001 2024
619.0450000000001 2440
619.5918750000001 1624
620.1387500000001 1616
620.6856250000001 2696
621.2325000000001 1880
621.7793750000001 1904
622.3262500000001 2732
622.8731250000001 1944
623.4200000000001 4016
623.9668750000001 2176
624.5137500000001 1628
625.0606250000001 2536
625.6075000000001 1816
626.1543750000001 1984
626.7012500000001 1480
627.2481250000001 1808
627.7950000000001 1876
628.3418750000001 2092
628.8887500000001 2064
629.4356250000001 3248
629.9825000000001 2404
630.5293750000001 2860
631.0762500000001 1980
631.6231250000001 1892
632.1700000000001 2408
632.7168750000001 1596
633.2637500000001 2644
633.8106250000001 1900
634.3575000000001 2096
634.9043750000001 2584
635.4512500000001 2040
635.9981250000001 2648
636.5450000000001 2228
637.0918750000001 1712
637.6387500000001 2092
638.1856250000001 2940
638.7325000000001 2636
639.2793750000001 2096
639.8262500000001 2756
640.3731250000001 2676
640.9200000000001 1636
641.4668750000001 2312
642.0137500000001 2468
642.5606250000001 2292
643.1075000000001 1860
643.6543750000001 1464
644.2012500000001 2068
644.7481250000001 1928
645.2950000000001 2240
645.8418750000001 1980
646.3887500000001 2128
646.9356250000001 2352
647.4825000000001 2036
648.0293750000001 1476
648.5762500000001 1628
649.1231250000001 2016
649.6700000000001 2216
650.2168750000001 2028
650.7637500000001 2072
651.3106250000001 1912
651.8575000000001 2180
652.4043750000001 1548
652.9512500000001 2044
653.4981250000001 1284
654.0450000000001 1560
654.5918750000001 2440
655.1387500000001 2252
655.6856250000001 3240
656.2325000000001 2280
656.7793750000001 2440
657.3262500000001 2136
657.8731250000001 2444
658.4200000000001 2440
658.9668750000001 1900
659.5137500000001 2064
660.0606250000001 1824
660.6075000000001 2208
661.1543750000001 2500
661.7012500000001 2280
662.2481250000001 2472
662.7950000000001 2456
663.3418750000001 1528
663.8887500000001 2052
664.4356250000001 1600
664.9825000000001 1436
665.5293750000001 1200
666.0762500000001 2064
666.6231250000001 2152
667.1700000000001 2356
667.7168750000001 2584
668.2637500000001 2644
668.8106250000001 1580
669.3575000000001 2284
669.9043750000001 1932
670.4512500000001 2808
670.9981250000001 1760
671.5450000000001 2172
672.0918750000001 1956
672.6387500000001 2120
673.1856250000001 2036
673.7325000000001 2148
674.2793750000001 2828
674.8262500000001 2776
675.3731250000001 1580
675.9200000000001 2356
676.4668750000001 1820
677.0137500000001 2460
677.5606250000001 1732
678.1075000000001 1436
678.6543750000001 1704
679.2012500000001 1304
679.7481250000001 2456
680.2950000000001 2192
680.8418750000001 2144
681.3887500000001 2096
681.9356250000001 1832
682.4825000000001 2536
683.0293750000001 1896
683.5762500000001 1432
684.1231250000001 1932
684.6700000000001 2360
685.2168750000001 1700
685.7637500000001 3088
686.3106250000001 2240
686.8575000000001 1664
687.4043750000001 1984
687.9512500000001 1736
688.4981250000001 2412
689.0450000000001 2220
689.5918750000001 2252
690.1387500000001 1968
690.6856250000001 2984
691.2325000000001 2288
691.7793750000001 1868
692.3262500000001 1276
692.8731250000001 2004
693.4200000000001 1744
693.9668750000001 2436
694.5137500000001 1524
695.0606250000001 2140
695.6075000000001 1832
696.1543750000001 2768
696.7012500000001 2156
697.2481250000001 1980
697.7950000000001 2372
698.3418750000001 2556
698.8887500000001 1432
699.4356250000001 2316
699.9825000000001 2296
700.5293750000001 1708
701.0762500000001 2436
701.6231250000001 2148
702.1700000000001 2036
702.7168750000001 2408
703.2637500000001 1744
703.8106250000001 2152
704.3575000000001 2436
704.9043750000001 2648
705.4512500000001 2288
705.9981250000001 2180
706.5450000000001 1792
707.0918750000001 2212
707.6387500000001 1944
708.1856250000001 1704
708.7325000000001 1812
709.2793750000001 2184
709.8262500000001 3128
710.3731250000001 1784
710.9200000000001 1516
711.4668750000001 2128
712.0137500000001 2220
712.5606250000001 1696
713.1075000000001 1840
713.6543750000001 2776
714.2012500000001 2040
714.7481250000001 2296
715.2950000000001 1588
715.8418750000001 2060
716.3887500000001 2196
716.9356250000001 2176
717.4825000000001 2516
718.0293750000001 2168
718.5762500000001 2260
719.1231250000001 2736
719.6700000000001 2516
720.2168750000001 2096
720.7637500000001 2148
721.3106250000001 1996
721.8575000000001 1424
722.4043750000001 3124
722.9512500000001 2420
723.4981250000001 1732
724.0450000000001 2392
724.5918750000001 1816
725.1387500000001 2180
725.6856250000001 2508
726.2325000000001 1996
726.7793750000001 2248
727.3262500000001 1832
727.8731250000001 2352
728.4200000000001 1480
728.9668750000001 4448
729.5137500000001 1564
730.0606250000001 2548
730.6075000000001 2324
731.1543750000001 1860
731.7012500000001 1656
732.2481250000001 2060
732.7950000000001 2492
733.3418750000001 2636
733.8887500000001 2448
734.4356250000001 1460
734.9825000000001 1864
735.5293750000001 2008
736.0762500000001 2092
736.6231250000001 2484
737.1700000000001 1772
737.7168750000001 2832
738.2637500000001 2480
738.8106250000001 1988
739.3575000000001 3412
739.9043750000001 2176
740.4512500000001 1776
740.9981250000001 1716
741.5450000000001 1800
742.0918750000001 1456
742.6387500000001 2396
743.1856250000001 2124
743.7325000000001 1908
744.2793750000001 1944
744.8262500000001 2032
745.3731250000001 2556
745.9200000000001 3716
746.4668750000001 2204
747.0137500000001 2764
747.5606250000001 1544
748.1075000000001 1628
748.6543750000001 2100
749.2012500000001 2256
749.7481250000001 2176
750.2950000000001 1632
750.8418750000001 2132
751.3887500000001 1868
751.9356250000001 2024
752.4825000000001 1736
753.0293750000001 1636
753.5762500000001 1804
754.1231250000001 1544
754.6700000000001 1920
755.2168750000001 3164
755.7637500000001 1724
756.3106250000001 1168
756.8575000000001 2444
757.4043750000001 2180
757.9512500000001 1460
758.4981250000001 1624
759.0450000000001 2388
759.5918750000001 2444
760.1387500000001 2412
760.6856250000001 1212
761.2325000000001 3056
761.7793750000001 2108
762.3262500000001 2660
762.8731250000001 2084
763.4200000000001 1616
763.9668750000001 2296
764.5137500000001 2132
765.0606250000001 2020
765.6075000000001 2200
766.1543750000001 1988
766.7012500000001 2376
767.2481250000001 1928
767.7950000000001 2200
768.3418750000001 1804
768.8887500000001 2420
769.4356250000001 2264
769.9825000000001 1636
770.5293750000001 1644
771.0762500000001 2264
771.6231250000001 2504
772.1700000000001 2008
772.7168750000001 2216
773.2637500000001 2372
773.8106250000001 2204
774.3575000000001 1564
774.9043750000001 1400
775.4512500000001 2588
775.9981250000001 1960
776.5450000000001 1848
777.0918750000001 2136
777.6387500000001 1940
778.1856250000001 1960
778.7325000000001 2328
779.2793750000001 1748
779.8262500000001 2224
780.3731250000001 2028
780.9200000000001 2372
781.4668750000001 2700
782.0137500000001 1640
782.5606250000001 1860
783.1075000000001 2196
783.6543750000001 2312
784.2012500000001 2308
784.7481250000001 2476
785.2950000000001 1500
785.8418750000001 2116
786.3887500000001 1596
786.9356250000001 1764
787.4825000000001 1972
788.0293750000001 2312
788.5762500000001 2628
789.1231250000001 2024
789.6700000000001 1996
790.2168750000001 2180
790.7637500000001 2128
791.3106250000001 1852
791.8575000000001 1284
792.4043750000001 3388
792.9512500000001 1480
793.4981250000001 2460
794.0450000000001 2216
794.5918750000001 2044
795.1387500000001 1880
795.6856250000001 2072
796.2325000000001 2584
796.7793750000001 1784
797.3262500000001 1800
797.8731250000001 2444
798.4200000000001 1884
798.9668750000001 1796
799.5137500000001 1528
800.0606250000001 2100
800.6075000000001 2204
801.1543750000001 1444
801.7012500000001 2528
802.2481250000001 1728
802.7950000000001 2700
803.3418750000001 2044
803.8887500000001 1276
804.4356250000001 1940
804.9825000000001 2624
805.5293750000001 2460
806.0762500000001 1804
806.6231250000001 1512
807.1700000000001 2240
807.7168750000001 2076
808.2637500000001 2496
808.8106250000001 2144
809.3575000000001 2108
809.9043750000001 1828
810.4512500000001 1660
810.9981250000001 2148
811.5450000000001 2036
812.0918750000001 4192
812.6387500000001 2068
813.1856250000001 1668
813.7325000000001 3492
814.2793750000001 2176
814.8262500000001 2112
815.3731250000001 2604
815.9200000000001 2368
816.4668750000001 2360
817.0137500000001 2336
817.5606250000001 1784
818.1075000000001 2696
818.6543750000001 2516
819.2012500000001 2220
819.7481250000001 1640
820.2950000000001 2152
820.8418750000001 1624
821.3887500000001 2548
821.9356250000001 1464
822.4825000000001 2124
823.0293750000001 2408
823.5762500000001 2228
824.1231250000001 1812
824.6700000000001 1820
825.2168750000001 1780
825.7637500000001 1256
826.3106250000001 2968
826.8575000000001 2028
827.4043750000001 1500
827.9512500000001 1580
828.4981250000001 1988
829.0450000000001 2252
829.5918750000001 2136
830.1387500000001 2068
830.6856250000001 3200
831.2325000000001 2120
831.7793750000001 2212
832.3262500000001 3064
832.8731250000001 2152
833.4200000000001 1416
833.9668750000001 2160
834.5137500000001 2464
835.0606250000001 2388
835.6075000000001 1508
836.1543750000001 2364
836.7012500000001 2288
837.2481250000001 1724
837.7950000000001 1788
838.3418750000001 3108
838.8887500000001 2024
839.4356250000001 2572
839.9825000000001 2532
840.5293750000001 1920
841.0762500000001 1220
841.6231250000001 1968
842.1700000000001 1268
842.7168750000001 1884
843.2637500000001 1852
843.8106250000001 1764
844.3575000000001 1784
844.9043750000001 2184
845.4512500000001 2716
845.9981250000001 2048
846.5450000000001 1496
847.0918750000001 1564
847.6387500000001 3144
848.1856250000001 1796
848.7325000000001 2584
849.2793750000001 1960
849.8262500000001 1672
850.3731250000001 1244
850.9200000000001 2588
851.4668750000001 1564
852.0137500000001 1716
852.5606250000001 1844
853.1075000000001 3228
853.6543750000001 2316
854.2012500000001 1456
854.7481250000001 1924
855.2950000000001 1920
855.8418750000001 2024
856.3887500000001 1624
856.9356250000001 1904
857.4825000000001 1556
858.0293750000001 2264
858.5762500000001 1804
859.1231250000001 1792
859.6700000000001 3280
860.2168750000001 2544
860.7637500000001 1636
861.3106250000001 1916
861.8575000000001 2152
862.4043750000001 1584
862.9512500000001 2416
863.4981250000001 1848
864.0450000000001 2328
864.5918750000001 2608
865.1387500000001 2196
865.6856250000001 9228
866.2325000000001 1412
866.7793750000001 1832
867.3262500000001 1476
867.8731250000001 2380
868.4200000000001 1628
868.9668750000001 2572
869.5137500000001 1768
870.0606250000001 1992
870.6075000000001 1640
871.1543750000001 1884
871.7012500000001 1892
872.2481250000001 1744
872.7950000000001 1436
873.3418750000001 2728
873.8887500000001 2392
874.4356250000001 2548
874.9825000000001 2680
875.5293750000001 1868
876.0762500000001 2052
876.6231250000001 1812
877.1700000000001 1948
877.7168750000001 1652
878.2637500000001 2516
878.8106250000001 2028
879.3575000000001 2044
879.9043750000001 1664
880.4512500000001 2328
880.9981250000001 2928
881.5450000000001 1596
882.0918750000001 3292
882.6387500000001 1748
883.1856250000001 2496
883.7325000000001 1560
884.2793750000001 1656
884.8262500000001 2472
885.3731250000001 1652
885.9200000000001 2112
886.4668750000001 2196
887.0137500000001 2684
887.5606250000001 2208
888.1075000000001 2016
888.6543750000001 2336
889.2012500000001 1548
889.7481250000001 1796
890.2950000000001 1796
890.8418750000001 1980
891.3887500000001 2384
891.9356250000001 2740
892.4825000000001 1988
893.0293750000001 2244
893.5762500000001 1744
894.1231250000001 2884
894.6700000000001 1612
895.2168750000001 1888
895.7637500000001 2460
896.3106250000001 2656
896.8575000000001 1828
897.4043750000001 1804
897.9512500000001 2008
898.4981250000001 1892
899.0450000000001 2140
899.5918750000001 1348
900.1387500000001 2260
900.6856250000001 1308
901.2325000000001 2400
901.7793750000001 1956
902.3262500000001 2136
902.8731250000001 2084
903.4200000000001 2044
903.9668750000001 1612
904.5137500000001 1856
905.0606250000001 1908
905.6075000000001 2908
906.1543750000001 2376
906.7012500000001 1376
907.2481250000001 1584
907.7950000000001 3176
908.3418750000001 2020
908.8887500000001 1900
909.4356250000001 1552
909.9825000000001 1912
910.5293750000001 2540
911.0762500000001 2144
911.6231250000001 2128
912.1700000000001 2360
912.7168750000001 2264
913.2637500000001 1892
913.8106250000001 2184
914.3575000000001 1592
914.9043750000001 1932
915.4512500000001 3092
915.9981250000001 1428
916.5450000000001 2636
917.0918750000001 2252
917.6387500000001 1904
918.1856250000001 2604
918.7325000000001 2152
919.2793750000001 1744
919.8262500000001 2536
920.3731250000001 2016
920.9200000000001 1444
921.4668750000001 2188
922.0137500000001 2304
922.5606250000001 1900
923.1075000000001 2588
923.6543750000001 2040
924.2012500000001 1800
924.7481250000001 2060
925.2950000000001 1784
925.8418750000001 1676
926.3887500000001 2328
926.9356250000001 2524
927.4825000000001 1436
928.0293750000001 1996
928.5762500000001 2236
929.1231250000001 2084
929.6700000000001 1196
930.2168750000001 1708
930.7637500000001 2660
931.3106250000001 3092
931.8575000000001 1980
932.4043750000001 1320
932.9512500000001 1816
933.4981250000001 2068
934.0450000000001 2152
934.5918750000001 1480
935.1387500000001 1928
935.6856250000001 2956
936.2325000000001 1844
936.7793750000001 1928
937.3262500000001 1956
937.8731250000001 1908
938.4200000000001 1172
938.9668750000001 1860
939.5137500000001 1556
940.0606250000001 2400
940.6075000000001 2428
941.1543750000001 1908
941.7012500000001 1636
942.2481250000001 1988
942.7950000000001 2140
943.3418750000001 1888
943.8887500000001 3892
944.4356250000001 1460
944.9825000000001 1752
945.5293750000001 2076
946.0762500000001 2040
946.6231250000001 2052
947.1700000000001 1804
947.7168750000001 3008
948.2637500000001 1724
948.8106250000001 1520
949.3575000000001 1808
949.9043750000001 2144
950.4512500000001 1636
950.9981250000001 1608
951.5450000000001 1476
952.0918750000001 3752
952.6387500000001 1492
953.1856250000001 2332
953.7325000000001 2652
954.2793750000001 2284
954.8262500000001 2772
955.3731250000001 2436
955.9200000000001 1644
956.4668750000001 1408
957.0137500000001 1600
957.5606250000001 1304
958.1075000000001 1760
958.6543750000001 2204
959.2012500000001 1780
959.7481250000001 2040
960.2950000000001 2988
960.8418750000001 2080
961.3887500000001 1940
961.9356250000001 1924
962.4825000000001 2484
963.0293750000001 1928
963.5762500000001 1752
964.1231250000001 2692
964.6700000000001 1656
965.2168750000001 3492
965.7637500000001 1416
966.3106250000001 2808
966.8575000000001 1540
967.4043750000001 1852
967.9512500000001 1680
968.4981250000001 2404
969.0450000000001 2548
969.5918750000001 2540
970.1387500000001 3356
970.6856250000001 2424
971.2325000000001 1656
971.7793750000001 2140
972.3262500000001 1444
972.8731250000001 2132
973.4200000000001 2112
973.9668750000001 3148
974.5137500000001 1920
975.0606250000001 2172
975.6075000000001 2672
976.1543750000001 2336
976.7012500000001 3040
977.2481250000001 1884
977.7950000000001 1884
978.3418750000001 1840
978.8887500000001 1788
979.4356250000001 2124
979.9825000000001 2132
980.5293750000001 1844
981.0762500000001 1680
981.6231250000001 2364
982.1700000000001 1756
982.7168750000001 2348
983.2637500000001 2604
983.8106250000001 1692
984.3575000000001 1948
984.9043750000001 1792
985.4512500000001 1816
985.9981250000001 1848
986.5450000000001 1852
987.0918750000001 1876
987.6387500000001 1900
988.1856250000001 2612
988.7325000000001 1868
989.2793750000001 2508
989.8262500000001 2540
990.3731250000001 1548
990.9200000000001 1480
991.4668750000001 2632
992.0137500000001 1908
992.5606250000001 1976
993.1075000000001 2612
993.6543750000001 2024
994.2012500000001 1576
994.7481250000001 2648
995.2950000000001 2148
995.8418750000001 2452
996.3887500000001 1568
996.9356250000001 2076
997.4825000000001 1896
998.0293750000001 2132
998.5762500000001 2016
999.1231250000001 1572
999.6700000000001 1804
1000.2168750000001 2076
1000.7637500000001 2072
1001.3106250000001 1924
1001.8575000000001 2092
1002.4043750000001 2980
1002.9512500000001 2052
1003.4981250000001 1964
1004.0450000000001 1328
1004.5918750000001 3072
1005.1387500000001 2448
1005.6856250000001 1524
1006.2325000000001 1816
1006.7793750000001 1668
1007.3262500000001 3052
1007.8731250000001 1740
1008.4200000000001 1648
1008.9668750000001 2800
1009.5137500000001 1884
1010.0606250000001 1788
1010.6075000000001 1996
1011.1543750000001 2144
1011.7012500000001 2964
1012.2481250000001 2048
1012.7950000000001 1368
1013.3418750000001 1652
1013.8887500000001 2540
1014.4356250000001 2012
1014.9825000000001 1972
1015.5293750000001 2308
1016.0762500000001 2676
1016.6231250000001 2444
1017.1700000000001 1924
1017.7168750000001 2548
1018.2637500000001 2284
1018.8106250000001 2000
1019.3575000000001 1632
1019.9043750000001 2600
1020.4512500000001 2116
1020.9981250000001 1912
1021.5450000000001 1684
1022.0918750000001 2120
1022.6387500000001 2348
1023.1856250000001 1604
1023.7325000000001 2168
1024.279375 2324
1024.82625 1664
1025.373125 3032
1025.92 1808
1026.466875 1988
1027.01375 1628
1027.560625 2216
1028.1075 1696
1028.654375 1588
1029.20125 1416
1029.748125 1980
1030.295 1612
1030.841875 1580
1031.38875 1332
1031.935625 1904
1032.4825 1828
1033.029375 2656
1033.57625 1716
1034.123125 2040
1034.67 2708
1035.216875 2236
1035.76375 2888
1036.310625 2380
1036.8575 2248
1037.404375 2916
1037.95125 2460
1038.498125 2848
1039.045 2404
1039.591875 1840
1040.13875 2084
1040.685625 2304
1041.2325 3560
1041.779375 2156
1042.32625 1948
1042.873125 2188
1043.42 2280
1043.966875 1808
1044.51375 2112
1045.060625 2108
1045.6075 1724
1046.154375 2192
1046.70125 2620
1047.248125 1860
1047.795 1612
1048.341875 2356
1048.88875 1704
1049.435625 1884
1049.9825 1724
1050.529375 1612
1051.07625 2228
1051.623125 2720
1052.17 1156
1052.716875 1976
1053.26375 1616
1053.810625 3300
1054.3575 2008
1054.904375 1888
1055.45125 2064
1055.998125 1960
1056.545 2196
1057.091875 1568
1057.63875 1700
1058.185625 2136
1058.7325 2404
1059.279375 1944
1059.82625 1680
1060.373125 2732
1060.92 1960
1061.466875 2404
1062.01375 1656
1062.560625 3384
1063.1075 3040
1063.654375 1876
1064.20125 2276
1064.748125 1520
1065.295 2016
1065.841875 2120
1066.38875 2164
1066.935625 1876
1067.4825 2084
1068.029375 2384
1068.57625 2068
1069.123125 2524
1069.67 2672
1070.216875 1244
1070.76375 2212
1071.310625 2528
1071.8575 2812
1072.404375 2116
1072.95125 1872
1073.498125 3076
1074.045 2244
1074.591875 2308
1075.13875 2752
1075.685625 3504
1076.2325 1732
1076.779375 2816
1077.32625 2792
1077.873125 2336
1078.42 2036
1078.966875 1956
1079.51375 2876
1080.060625 1936
1080.6075 1528
1081.154375 1692
1081.70125 1488
1082.248125 2684
1082.795 2852
1083.341875 1416
1083.88875 2740
1084.435625 3012
1084.9825 1908
1085.529375 1992
1086.07625 2460
1086.623125 1820
1087.17 2336
1087.716875 1592
1088.26375 1660
1088.810625 2424
1089.3575 2892
1089.904375 2568
1090.45125 2032
1090.998125 1636
1091.545 1704
1092.091875 1448
1092.63875 3136
1093.185625 2088
1093.7325 1448
1094.279375 2528
1094.82625 2156
1095.373125 1876
1095.92 2368
1096.466875 1960
1097.01375 1556
1097.560625 1968
1098.1075 2272
1098.654375 1416
1099.20125 1972
1099.748125 1552
1100.295 2172
1100.841875 1840
1101.38875 2288
1101.935625 2404
1102.4825 1964
1103.029375 2532
1103.57625 1748
1104.123125 1884
1104.67 2512
1105.216875 2380
1105.76375 2212
1106.310625 1744
1106.8575 2316
1107.404375 2056
1107.95125 2192
1108.498125 2280
1109.045 2352
1109.591875 2700
1110.13875 2028
1110.685625 2140
1111.2325 2296
1111.779375 3312
1112.32625 1840
1112.873125 2380
1113.42 2360
1113.966875 2540
1114.51375 1668
1115.060625 2008
1115.6075 1640
1116.154375 2024
1116.70125 2344
1117.248125 4580
1117.795 1984
1118.341875 1972
1118.88875 1316
1119.435625 1964
1119.9825 3096
1120.529375 1784
1121.07625 1480
1121.623125 1852
1122.17 2784
1122.716875 1952
1123.26375 2048
1123.810625 3076
1124.3575 2264
1124.904375 1724
1125.45125 1464
1125.998125 2392
1126.545 1464
1127.091875 1652
1127.63875 1952
1128.185625 2028
1128.7325 2556
1129.279375 2816
1129.82625 2084
1130.373125 1948
1130.92 3316
1131.466875 2932
1132.01375 2396
1132.560625 2000
1133.1075 2832
1133.654375 2540
1134.20125 2244
1134.748125 2360
1135.295 2880
1135.841875 1908
1136.38875 1324
1136.935625 2048
1137.4825 1708
1138.029375 3032
1138.57625 2352
1139.123125 1936
1139.67 1672
1140.216875 1996
1140.76375 1928
1141.310625 1968
1141.8575 1964
1142.404375 2104
1142.95125 2168
1143.498125 1888
1144.045 2420
1144.591875 2660
1145.13875 2008
1145.685625 2736
1146.2325 2092
1146.779375 1684
1147.32625 2980
1147.873125 2720
1148.42 2864
1148.966875 1708
1149.51375 2320
1150.060625 2520
1150.6075 2448
1151.154375 1808
1151.70125 1588
1152.248125 1664
1152.795 1404
1153.341875 2108
1153.88875 2580
1154.435625 2576
1154.9825 1900
1155.529375 2516
1156.07625 2080
1156.623125 1488
1157.17 1920
1157.716875 2112
1158.26375 1548
1158.810625 1676
1159.3575 2428
1159.904375 2200
1160.45125 2148
1160.998125 2020
1161.545 2368
1162.091875 1736
1162.63875 2916
1163.185625 2080
1163.7325 3256
1164.279375 1796
1164.82625 1960
1165.373125 2336
1165.92 1724
1166.466875 2740
1167.01375 1616
1167.560625 1908
1168.1075 2160
1168.654375 3068
1169.20125 1668
1169.748125 2260
1170.295 1656
1170.841875 1708
1171.38875 1872
1171.935625 1680
1172.4825 2884
1173.029375 1904
1173.57625 1932
1174.123125 2992
1174.67 2564
1175.216875 3068
1175.76375 1920
1176.310625 2600
1176.8575 2108
1177.404375 2532
1177.95125 2984
1178.498125 2188
1179.045 2276
1179.591875 1928
1180.13875 1820
1180.685625 3124
1181.2325 1468
1181.779375 2820
1182.32625 2044
1182.873125 1980
1183.42 1856
1183.966875 2028
1184.51375 2284
1185.060625 1640
1185.6075 2020
1186.154375 2228
1186.70125 1544
1187.248125 2524
1187.795 1656
1188.341875 2656
1188.88875 1860
1189.435625 2076
1189.9825 2096
1190.529375 2188
1191.07625 1780
1191.623125 2952
1192.17 2072
1192.716875 1764
1193.26375 2264
1193.810625 1808
1194.3575 1484
1194.904375 2312
1195.45125 2372
1195.998125 2560
1196.545 1788
1197.091875 1512
1197.63875 1712
1198.185625 1900
1198.7325 2476
1199.279375 1440
1199.82625 2712
1200.373125 2244
1200.92 2996
1201.466875 2108
1202.01375 2348
1202.560625 1936
1203.1075 1948
1203.654375 2168
1204.20125 1684
1204.748125 2136
1205.295 2104
1205.841875 2148
1206.38875 2400
1206.935625 2060
1207.4825 2484
1208.029375 2076
1208.57625 1764
1209.123125 1252
1209.67 2372
1210.216875 2720
1210.76375 2540
1211.310625 3348
1211.8575 2292
1212.404375 1760
1212.95125 2396
1213.498125 1560
1214.045 2088
1214.591875 1680
1215.13875 2396
1215.685625 2308
1216.2325 2080
1216.779375 2216
1217.32625 2980
1217.873125 2204
1218.42 2700
1218.966875 2564
1219.51375 1676
1220.060625 2216
1220.6075 2312
1221.154375 1832
1221.70125 2500
1222.248125 1888
1222.795 2324
1223.341875 2104
1223.88875 2508
1224.435625 2300
1224.9825 2440
1225.529375 2952
1226.07625 2020
1226.623125 2392
1227.17 2620
1227.716875 2320
1228.26375 2636
1228.810625 2404
1229.3575 2532
1229.904375 3048
1230.45125 2400
1230.998125 2084
1231.545 2568
1232.091875 1880
1232.63875 2068
1233.185625 2116
1233.7325 3476
1234.279375 2176
1234.82625 1916
1235.373125 2060
1235.92 2356
1236.466875 2740
1237.01375 1540
1237.560625 1876
1238.1075 2200
1238.654375 2480
1239.20125 2408
1239.748125 2076
1240.295 1848
1240.841875 1824
1241.38875 2084
1241.935625 1772
1242.4825 2472
1243.029375 2496
1243.57625 1532
1244.123125 2220
1244.67 3168
1245.216875 1992
1245.76375 2684
1246.310625 2592
1246.8575 1996
1247.404375 1892
1247.95125 2696
1248.498125 3116
1249.045 2820
1249.591875 2156
1250.13875 1968
1250.685625 1804
1251.2325 2180
1251.779375 2504
1252.32625 1996
1252.873125 2640
1253.42 1932
1253.966875 1556
1254.51375 2076
1255.060625 2564
1255.6075 1436
1256.154375 1740
1256.70125 1500
1257.248125 2064
1257.795 2704
1258.341875 2864
1258.88875 2600
1259.435625 2084
1259.9825 2008
1260.529375 2996
1261.07625 2324
1261.623125 2536
1262.17 2580
1262.716875 1908
1263.26375 2680
1263.810625 3356
1264.3575 2968
1264.904375 2068
1265.45125 1868
1265.998125 1912
1266.545 1872
1267.091875 2280
1267.63875 2672
1268.185625 1844
1268.7325 2588
1269.279375 3528
1269.82625 2692
1270.373125 2000
1270.92 1864
1271.466875 2676
1272.01375 2084
1272.560625 2080
1273.1075 2016
1273.654375 1852
1274.20125 2628
1274.748125 1916
1275.295 2160
1275.841875 2024
1276.38875 2604
1276.935625 2508
1277.4825 1596
1278.029375 2600
1278.57625 2704
1279.123125 2232
1279.67 2164
1280.216875 1800
1280.76375 2084
1281.310625 1952
1281.8575 2152
1282.404375 2084
1282.95125 2280
1283.498125 2096
1284.045 2092
1284.591875 2380
1285.13875 2084
1285.685625 1956
1286.2325 1940
1286.779375 1652
1287.32625 2252
1287.873125 2068
1288.42 2200
1288.966875 2132
1289.51375 3244
1290.060625 1528
1290.6075 3552
1291.154375 2568
1291.70125 2880
1292.248125 2200
1292.795 1948
1293.341875 3092
1293.88875 2488
1294.435625 2080
1294.9825 2176
1295.529375 2024
1296.07625 1924
1296.623125 1984
1297.17 2540
1297.716875 3204
1298.26375 2872
1298.810625 2344
1299.3575 3068
1299.904375 2260
1300.45125 1916
1300.998125 2352
1301.545 2668
1302.091875 2104
1302.63875 2376
1303.185625 2272
1303.7325 1828
1304.279375 2372
1304.82625 2812
1305.373125 2608
1305.92 2736
1306.466875 2788
1307.01375 2660
1307.560625 1932
1308.1075 3532
1308.654375 2576
1309.20125 2712
1309.748125 2808
1310.295 1752
1310.841875 2184
1311.38875 2876
1311.935625 3300
1312.4825 2212
1313.029375 2044
1313.57625 2676
1314.123125 2764
1314.67 2312
1315.216875 2244
1315.76375 1672
1316.310625 1888
1316.8575 1904
1317.404375 2864
1317.95125 2660
1318.498125 2164
1319.045 2756
1319.591875 2340
1320.13875 2080
1320.685625 2096
1321.2325 2956
1321.779375 2348
1322.32625 2220
1322.873125 1968
1323.42 2632
1323.966875 1892
1324.51375 1916
1325.060625 2636
1325.6075 2320
1326.154375 2436
1326.70125 2792
1327.248125 2056
1327.795 2816
1328.341875 2504
1328.88875 2176
1329.435625 2168
1329.9825 2444
1330.529375 2324
1331.07625 2004
1331.623125 3064
1332.17 1852
1332.716875 1900
1333.26375 1824
1333.810625 2600
1334.3575 2916
1334.904375 2484
1335.45125 2380
1335.998125 3152
1336.545 2796
1337.091875 2080
1337.63875 2392
1338.185625 2100
1338.7325 2460
1339.279375 2672
1339.82625 2252
1340.373125 1888
1340.92 2780
1341.466875 2044
1342.01375 2248
1342.560625 2596
1343.1075 2664
1343.654375 2480
1344.20125 2388
1344.748125 2692
1345.295 3124
1345.841875 2088
1346.38875 2292
1346.935625 1852
1347.4825 2664
1348.029375 2172
1348.57625 2552
1349.123125 2512
1349.67 2384
1350.216875 2796
1350.76375 2096
1351.310625 2400
1351.8575 2024
1352.404375 2748
1352.95125 2296
1353.498125 2132
1354.045 3472
1354.591875 2628
1355.13875 2364
1355.685625 2424
1356.2325 2036
1356.779375 2496
1357.32625 2672
1357.873125 2800
1358.42 2288
1358.966875 2956
1359.51375 2624
1360.060625 3940
1360.6075 3256
1361.154375 2452
1361.70125 2784
1362.248125 2128
1362.795 2864
1363.341875 3164
1363.88875 2456
1364.435625 2816
1364.9825 3252
1365.529375 2500
1366.07625 3768
1366.623125 2724
1367.17 2764
1367.716875 2568
1368.26375 2412
1368.810625 2488
1369.3575 3412
1369.904375 2840
1370.45125 2592
1370.998125 2704
1371.545 2864
1372.091875 4664
1372.63875 2556
1373.185625 3912
1373.7325 2712
1374.279375 2168
1374.82625 2864
1375.373125 3216
1375.92 3232
1376.466875 2696
1377.01375 2760
1377.560625 2820
1378.1075 3076
1378.654375 2832
1379.20125 2816
1379.748125 2820
1380.295 2788
1380.841875 3428
1381.38875 2436
1381.935625 2628
1382.4825 3408
1383.029375 2140
1383.57625 3248
1384.123125 2676
1384.67 3000
1385.216875 3012
1385.76375 2680
1386.310625 3084
1386.8575 3220
1387.404375 3104
1387.95125 3436
1388.498125 2704
1389.045 3400
1389.591875 3240
1390.13875 3492
1390.685625 2632
1391.2325 4160
1391.779375 3348
1392.32625 3548
1392.873125 3508
1393.42 3400
1393.966875 3872
1394.51375 3264
1395.060625 4972
1395.6075 4032
1396.154375 2988
1396.70125 3228
1397.248125 3508
1397.795 3840
1398.341875 2784
1398.88875 3752
1399.435625 3616
1399.9825 3684
1400.529375 3060
1401.07625 3556
1401.623125 4132
1402.17 3440
1402.716875 3548
1403.26375 4356
1403.810625 3192
1404.3575 3656
1404.904375 3892
1405.45125 3880
1405.998125 3880
1406.545 3800
1407.091875 3528
1407.63875 3868
1408.185625 4920
1408.7325 4180
1409.279375 4736
1409.82625 3536
1410.373125 4104
1410.92 4644
1411.466875 4900
1412.01375 3748
1412.560625 4952
1413.1075 5036
1413.654375 4396
1414.20125 5360
1414.748125 4600
1415.295 4644
1415.841875 5448
1416.38875 5004
1416.935625 5704
1417.4825 5868
1418.029375 5404
1418.57625 5968
1419.123125 5820
