299.67 336
300.216875 4
300.76375 -88
301.310625 116
301.8575 -136
302.404375 136
302.95125 -52
303.498125 -20
304.045 48
304.591875 216
305.13875 -92
305.685625 -20
306.2325 0
306.779375 268
307.32625 44
307.873125 -88
308.42 -288
308.966875 28
309.51375 -56
310.060625 40
310.6075 -84
311.154375 112
311.70125 20
312.248125 -184
312.795 -48
313.341875 88
313.88875 40
314.435625 -120
314.9825 -156
315.529375 -48
316.07625 -84
316.623125 -164
317.17 -40
317.716875 -228
318.26375 20
318.810625 -100
319.3575 56
319.904375 -112
320.45125 -20
320.998125 -168
321.545 -88
322.091875 72
322.63875 16
323.185625 -48
323.7325 -88
324.279375 -20
324.82625 20
325.373125 -4
325.92 72
326.466875 -116
327.01375 116
327.560625 -176
328.1075 44
328.654375 64
329.20125 72
329.748125 -148
330.295 68
330.841875 -16
331.38875 32
331.935625 44
332.4825 -140
333.029375 32
333.57625 -4
334.123125 76
334.67 -12
335.216875 -12
335.76375 -184
336.310625 -64
336.8575 140
337.404375 32
337.95125 132
338.498125 -48
339.045 96
339.591875 -52
340.13875 -12
340.685625 72
341.2325 -24
341.779375 -28
342.32625 20
342.873125 -116
343.42 -36
343.966875 4
344.51375 176
345.060625 -308
345.6075 84
346.154375 -152
346.70125 -24
347.248125 -80
347.795 72
348.341875 -276
348.88875 120
349.435625 216
349.9825 296
350.529375 32
351.07625 216
351.623125 0
352.17 -88
352.716875 -140
353.26375 -24
353.810625 -172
354.3575 104
354.904375 188
355.45125 36
355.998125 -40
356.545 -36
357.091875 24
357.63875 -8
358.185625 84
358.7325 160
359.279375 40
359.82625 -84
360.373125 -80
360.92 24
361.466875 24
362.01375 -108
362.560625 -80
363.1075 20
363.654375 -128
364.20125 -344
364.748125 -184
365.295 12
365.841875 -48
366.38875 112
366.935625 -104
367.4825 -68
368.029375 -64
368.57625 28
369.123125 -16
369.67 80
370.216875 -64
370.76375 0
371.310625 -24
371.8575 0
372.404375 136
372.95125 12
373.498125 4
374.045 56
374.591875 -88
375.13875 12
375.685625 148
376.2325 -48
376.779375 28
377.32625 232
377.873125 -304
378.42 -48
378.966875 96
379.51375 -104
380.060625 104
380.6075 88
381.154375 108
381.70125 -16
382.248125 -116
382.795 88
383.341875 -80
383.88875 12
384.435625 20
384.9825 292
385.529375 232
386.07625 164
386.623125 -248
387.17 -20
387.716875 -52
388.26375 -48
388.810625 28
389.3575 88
389.904375 -12
390.45125 80
390.998125 80
391.545 120
392.091875 168
392.63875 108
393.185625 -40
393.7325 104
394.279375 -64
394.82625 -100
395.373125 68
395.92 72
396.466875 4
397.01375 72
397.560625 88
398.1075 -64
398.654375 112
399.20125 -252
399.748125 56
400.295 -60
400.841875 132
401.38875 140
401.935625 -76
402.4825 160
403.029375 56
403.57625 184
404.123125 -104
404.67 -56
405.216875 176
405.76375 -188
406.310625 -20
406.8575 -48
407.404375 -232
407.95125 36
408.498125 56
409.045 264
409.591875 300
410.13875 208
410.685625 116
411.2325 280
411.779375 408
412.32625 516
412.873125 108
413.42 440
413.966875 204
414.51375 488
415.060625 608
415.6075 484
416.154375 928
416.70125 604
417.248125 1204
417.795 1328
418.341875 1508
418.88875 1824
419.435625 2004
419.9825 2716
420.529375 2824
421.07625 3256
421.623125 3840
422.17 4248
422.716875 4616
423.26375 5140
423.810625 5184
424.3575 5552
424.904375 5820
425.45125 6008
425.998125 5700
426.545 6108
427.091875 5864
427.63875 5796
428.185625 5312
428.7325 5188
429.279375 4632
429.82625 4356
430.373125 4024
430.92 3724
431.466875 3716
432.01375 3612
432.560625 3276
433.1075 3156
433.654375 2876
434.20125 2916
434.748125 2732
435.295 2684
435.841875 2516
436.38875 2488
436.935625 2464
437.4825 1992
438.029375 1976
438.57625 1840
439.123125 1628
439.67 1572
440.216875 1168
440.76375 1288
441.310625 1040
441.8575 1016
442.404375 912
442.95125 900
443.498125 820
444.045 496
444.591875 752
445.13875 584
445.685625 732
446.2325 684
446.779375 356
447.32625 552
447.873125 584
448.42 344
448.966875 112
449.51375 368
450.060625 424
450.6075 348
451.154375 344
451.70125 64
452.248125 296
452.795 320
453.341875 136
453.88875 48
454.435625 364
454.9825 132
455.529375 132
456.07625 224
456.623125 176
457.17 176
457.716875 20
458.26375 160
458.810625 124
459.3575 128
459.904375 224
460.45125 44
460.998125 204
461.545 116
462.091875 140
462.63875 200
463.185625 8
463.7325 280
464.279375 176
464.82625 104
465.373125 192
465.92 120
466.466875 -40
467.01375 128
467.560625 120
468.1075 52
468.654375 68
469.20125 64
469.748125 -8
470.295 176
470.841875 36
471.38875 -28
471.935625 148
472.4825 192
473.029375 52
473.57625 -32
474.123125 220
474.67 148
475.216875 184
475.76375 108
476.310625 100
476.8575 8
477.404375 -4
477.95125 112
478.498125 220
479.045 80
479.591875 124
480.13875 92
480.685625 180
481.2325 100
481.779375 40
482.32625 84
482.873125 48
483.42 48
483.966875 184
484.51375 -40
485.060625 336
485.6075 212
486.154375 24
486.70125 68
487.248125 -12
487.795 12
488.341875 48
488.88875 112
489.435625 -8
489.9825 260
490.529375 40
491.07625 -40
491.623125 116
492.17 132
492.716875 204
493.26375 144
493.810625 200
494.3575 12
494.904375 92
495.45125 104
495.998125 100
496.545 -36
497.091875 -4
497.63875 20
498.185625 44
498.7325 36
499.279375 156
499.82625 136
500.373125 96
500.92 -24
501.466875 132
502.01375 112
502.560625 156
503.1075 -8
503.654375 -44
504.20125 -4
504.748125 100
505.295 64
505.841875 -196
506.38875 120
506.935625 -36
507.4825 272
508.029375 144
508.57625 48
509.123125 100
509.67 -76
510.216875 108
510.76375 96
511.310625 140
511.8575 4
512.4043750000001 -196
512.9512500000001 68
513.4981250000001 -228
514.0450000000001 0
514.5918750000001 -144
515.1387500000001 136
515.6856250000001 -36
516.2325000000001 204
516.7793750000001 -36
517.3262500000001 56
517.8731250000001 -120
518.4200000000001 12
518.9668750000001 180
519.5137500000001 76
520.0606250000001 28
520.6075000000001 -68
521.1543750000001 24
521.7012500000001 -108
522.2481250000001 120
522.7950000000001 120
523.3418750000001 120
523.8887500000001 -12
524.4356250000001 -72
524.9825000000001 228
525.5293750000001 -40
526.0762500000001 112
526.6231250000001 48
527.1700000000001 -172
527.7168750000001 -8
528.2637500000001 160
528.8106250000001 204
529.3575000000001 28
529.9043750000001 16
530.4512500000001 72
530.9981250000001 -48
531.5450000000001 -56
532.0918750000001 52
532.6387500000001 24
533.1856250000001 -180
533.7325000000001 212
534.2793750000001 16
534.8262500000001 20
535.3731250000001 4
535.9200000000001 -28
536.4668750000001 -80
537.0137500000001 -56
537.5606250000001 -108
538.1075000000001 116
538.6543750000001 36
539.2012500000001 -16
539.7481250000001 20
540.2950000000001 140
540.8418750000001 156
541.3887500000001 88
541.9356250000001 -8
542.4825000000001 116
543.0293750000001 16
543.5762500000001 -156
544.1231250000001 -132
544.6700000000001 0
545.2168750000001 4
545.7637500000001 -28
546.3106250000001 20
546.8575000000001 128
547.4043750000001 -160
547.9512500000001 108
548.4981250000001 -164
549.0450000000001 4
549.5918750000001 108
550.1387500000001 232
550.6856250000001 116
551.2325000000001 176
551.7793750000001 72
552.3262500000001 -104
552.8731250000001 -8
553.4200000000001 -24
553.9668750000001 88
554.5137500000001 -116
555.0606250000001 -4
555.6075000000001 104
556.1543750000001 -96
556.7012500000001 196
557.2481250000001 208
557.7950000000001 -40
558.3418750000001 -128
558.8887500000001 140
559.4356250000001 20
559.9825000000001 176
560.5293750000001 104
561.0762500000001 80
561.6231250000001 12
562.1700000000001 -48
562.7168750000001 64
563.2637500000001 -124
563.8106250000001 -40
564.3575000000001 60
564.9043750000001 52
565.4512500000001 -8
565.9981250000001 180
566.5450000000001 68
567.0918750000001 -64
567.6387500000001 -40
568.1856250000001 -124
568.7325000000001 72
569.2793750000001 32
569.8262500000001 36
570.3731250000001 36
570.9200000000001 60
571.4668750000001 -28
572.0137500000001 88
572.5606250000001 -156
573.1075000000001 12
573.6543750000001 40
574.2012500000001 240
574.7481250000001 -88
575.2950000000001 -44
575.8418750000001 184
576.3887500000001 -196
576.9356250000001 68
577.4825000000001 48
578.0293750000001 56
578.5762500000001 -220
579.1231250000001 52
579.6700000000001 -4
580.2168750000001 0
580.7637500000001 -120
581.3106250000001 132
581.8575000000001 20
582.4043750000001 96
582.9512500000001 -12
583.4981250000001 36
584.0450000000001 180
584.5918750000001 -52
585.1387500000001 -208
585.6856250000001 -32
586.2325000000001 40
586.7793750000001 -124
587.3262500000001 156
587.8731250000001 36
588.4200000000001 -112
588.9668750000001 108
589.5137500000001 56
590.0606250000001 336
590.6075000000001 92
591.1543750000001 48
591.7012500000001 -40
592.2481250000001 -108
592.7950000000001 52
593.3418750000001 -32
593.8887500000001 -84
594.4356250000001 -64
594.9825000000001 292
595.5293750000001 92
596.0762500000001 -44
596.6231250000001 4
597.1700000000001 24
597.7168750000001 16
598.2637500000001 120
598.8106250000001 256
599.3575000000001 -92
599.9043750000001 16
600.4512500000001 56
600.9981250000001 -100
601.5450000000001 48
602.0918750000001 -92
602.6387500000001 292
603.1856250000001 268
603.7325000000001 -16
604.2793750000001 -28
604.8262500000001 -84
605.3731250000001 108
605.9200000000001 -140
606.4668750000001 4
607.0137500000001 -188
607.5606250000001 100
608.1075000000001 144
608.6543750000001 12
609.2012500000001 -60
609.7481250000001 -104
610.2950000000001 -168
610.8418750000001 88
611.3887500000001 -132
611.9356250000001 128
612.4825000000001 -36
613.0293750000001 24
613.5762500000001 -108
614.1231250000001 -60
614.6700000000001 68
615.2168750000001 4
615.7637500000001 72
616.3106250000001 260
616.8575000000001 -88
617.4043750000001 -172
617.9512500000001 -92
618.4981250000001 52
619.0450000000001 88
619.5918750000001 -60
620.1387500000001 -60
620.6856250000001 12
621.2325000000001 -148
621.7793750000001 128
622.3262500000001 8
622.8731250000001 28
623.4200000000001 156
623.9668750000001 152
624.5137500000001 -60
625.0606250000001 172
625.6075000000001 68
626.1543750000001 -36
626.7012500000001 -36
627.2481250000001 72
627.7950000000001 -80
628.3418750000001 -4
628.8887500000001 -52
629.4356250000001 -108
629.9825000000001 76
630.5293750000001 32
631.0762500000001 -80
631.6231250000001 32
632.1700000000001 28
632.7168750000001 -124
633.2637500000001 112
633.8106250000001 92
634.3575000000001 -116
634.9043750000001 -60
635.4512500000001 -160
635.9981250000001 -20
636.5450000000001 -160
637.0918750000001 -176
637.6387500000001 -32
638.1856250000001 -276
638.7325000000001 16
639.2793750000001 -104
639.8262500000001 -24
640.3731250000001 76
640.9200000000001 -48
641.4668750000001 112
642.0137500000001 -152
642.5606250000001 76
643.1075000000001 -68
643.6543750000001 12
644.2012500000001 -176
644.7481250000001 -292
645.2950000000001 -188
645.8418750000001 -16
646.3887500000001 36
646.9356250000001 8
647.4825000000001 -16
648.0293750000001 -28
648.5762500000001 56
649.1231250000001 -100
649.6700000000001 -76
650.2168750000001 152
650.7637500000001 -12
651.3106250000001 -308
651.8575000000001 164
652.4043750000001 -160
652.9512500000001 44
653.4981250000001 -100
654.0450000000001 -132
654.5918750000001 28
655.1387500000001 -36
655.6856250000001 152
656.2325000000001 -68
656.7793750000001 188
657.3262500000001 -268
657.8731250000001 20
658.4200000000001 -76
658.9668750000001 -56
659.5137500000001 112
660.0606250000001 -124
660.6075000000001 124
661.1543750000001 108
661.7012500000001 -44
662.2481250000001 24
662.7950000000001 28
663.3418750000001 -144
663.8887500000001 -12
664.4356250000001 -128
664.9825000000001 48
665.5293750000001 -116
666.0762500000001 -28
666.6231250000001 -68
667.1700000000001 -36
667.7168750000001 100
668.2637500000001 4
668.8106250000001 -44
669.3575000000001 48
669.9043750000001 -4
670.4512500000001 144
670.9981250000001 20
671.5450000000001 -12
672.0918750000001 -160
672.6387500000001 -60
673.1856250000001 -176
673.7325000000001 24
674.2793750000001 208
674.8262500000001 -208
675.3731250000001 140
675.9200000000001 -40
676.4668750000001 72
677.0137500000001 -132
677.5606250000001 28
678.1075000000001 -40
678.6543750000001 -104
679.2012500000001 -40
679.7481250000001 16
680.2950000000001 -36
680.8418750000001 -172
681.3887500000001 280
681.9356250000001 -92
682.4825000000001 -168
683.0293750000001 -36
683.5762500000001 -176
684.1231250000001 -104
684.6700000000001 72
685.2168750000001 -84
685.7637500000001 -120
686.3106250000001 -224
686.8575000000001 -92
687.4043750000001 132
687.9512500000001 12
688.4981250000001 104
689.0450000000001 4
689.5918750000001 60
690.1387500000001 84
690.6856250000001 -28
691.2325000000001 44
691.7793750000001 8
692.3262500000001 -200
692.8731250000001 -68
693.4200000000001 76
693.9668750000001 64
694.5137500000001 28
695.0606250000001 -12
695.6075000000001 -16
696.1543750000001 -24
696.7012500000001 68
697.2481250000001 12
697.7950000000001 -64
698.3418750000001 76
698.8887500000001 -16
699.4356250000001 -144
699.9825000000001 140
700.5293750000001 -52
701.0762500000001 -40
701.6231250000001 8
702.1700000000001 -112
702.7168750000001 28
703.2637500000001 16
703.8106250000001 100
704.3575000000001 296
704.9043750000001 68
705.4512500000001 -112
705.9981250000001 -112
706.5450000000001 -48
707.0918750000001 72
707.6387500000001 140
708.1856250000001 60
708.7325000000001 -100
709.2793750000001 32
709.8262500000001 -32
710.3731250000001 84
710.9200000000001 -132
711.4668750000001 60
712.0137500000001 -148
712.5606250000001 -108
713.1075000000001 236
713.6543750000001 228
714.2012500000001 32
714.7481250000001 -92
715.2950000000001 20
715.8418750000001 -68
716.3887500000001 16
716.9356250000001 -76
717.4825000000001 -8
718.0293750000001 176
718.5762500000001 -80
719.1231250000001 -76
719.6700000000001 100
720.2168750000001 4
720.7637500000001 -32
721.3106250000001 112
721.8575000000001 120
722.4043750000001 76
722.9512500000001 100
723.4981250000001 116
724.0450000000001 120
724.5918750000001 -64
725.1387500000001 -52
725.6856250000001 -164
726.2325000000001 -8
726.7793750000001 -64
727.3262500000001 -136
727.8731250000001 108
728.4200000000001 -48
728.9668750000001 40
729.5137500000001 40
730.0606250000001 28
730.6075000000001 -48
731.1543750000001 76
731.7012500000001 -60
732.2481250000001 184
732.7950000000001 32
733.3418750000001 -80
733.8887500000001 172
734.4356250000001 -60
734.9825000000001 -88
735.5293750000001 -20
736.0762500000001 -112
736.6231250000001 88
737.1700000000001 -180
737.7168750000001 -12
738.2637500000001 -164
738.8106250000001 48
739.3575000000001 264
739.9043750000001 32
740.4512500000001 -60
740.9981250000001 -36
741.5450000000001 128
742.0918750000001 -60
742.6387500000001 -100
743.1856250000001 -88
743.7325000000001 -52
744.2793750000001 -48
744.8262500000001 -72
745.3731250000001 108
745.9200000000001 44
746.4668750000001 40
747.0137500000001 -40
747.5606250000001 -32
748.1075000000001 -8
748.6543750000001 120
749.2012500000001 -120
749.7481250000001 124
750.2950000000001 -92
750.8418750000001 24
751.3887500000001 -32
751.9356250000001 24
752.4825000000001 -24
753.0293750000001 -52
753.5762500000001 0
754.1231250000001 16
754.6700000000001 72
755.2168750000001 172
755.7637500000001 -64
756.3106250000001 88
756.8575000000001 -8
757.4043750000001 -120
757.9512500000001 36
758.4981250000001 144
759.0450000000001 100
759.5918750000001 136
760.1387500000001 36
760.6856250000001 -160
761.2325000000001 -52
761.7793750000001 80
762.3262500000001 16
762.8731250000001 -112
763.4200000000001 -44
763.9668750000001 -36
764.5137500000001 -52
765.0606250000001 -136
765.6075000000001 144
766.1543750000001 20
766.7012500000001 -60
767.2481250000001 148
767.7950000000001 84
768.3418750000001 36
768.8887500000001 140
769.4356250000001 -160
769.9825000000001 44
770.5293750000001 -60
771.0762500000001 4
771.6231250000001 52
772.1700000000001 -72
772.7168750000001 -140
773.2637500000001 -52
773.8106250000001 -108
774.3575000000001 64
774.9043750000001 -4
775.4512500000001 -16
775.9981250000001 -4
776.5450000000001 -92
777.0918750000001 -240
777.6387500000001 -32
778.1856250000001 -16
778.7325000000001 -24
779.2793750000001 -136
779.8262500000001 -316
780.3731250000001 28
780.9200000000001 -116
781.4668750000001 76
782.0137500000001 4
782.5606250000001 44
783.1075000000001 36
783.6543750000001 -116
784.2012500000001 24
784.7481250000001 -24
785.2950000000001 -84
785.8418750000001 -112
786.3887500000001 20
786.9356250000001 172
787.4825000000001 -108
788.0293750000001 -128
788.5762500000001 -88
789.1231250000001 0
789.6700000000001 96
790.2168750000001 -208
790.7637500000001 -4
791.3106250000001 -216
791.8575000000001 88
792.4043750000001 -8
792.9512500000001 48
793.4981250000001 116
794.0450000000001 -40
794.5918750000001 108
795.1387500000001 52
795.6856250000001 4
796.2325000000001 -172
796.7793750000001 -40
797.3262500000001 -4
797.8731250000001 16
798.4200000000001 -8
798.9668750000001 -24
799.5137500000001 -104
800.0606250000001 -124
800.6075000000001 296
801.1543750000001 56
801.7012500000001 -92
802.2481250000001 44
802.7950000000001 40
803.3418750000001 -44
803.8887500000001 88
804.4356250000001 -168
804.9825000000001 -12
805.5293750000001 36
806.0762500000001 -236
806.6231250000001 -144
807.1700000000001 80
807.7168750000001 36
808.2637500000001 -156
808.8106250000001 -84
809.3575000000001 40
809.9043750000001 -32
810.4512500000001 40
810.9981250000001 72
811.5450000000001 -200
812.0918750000001 76
812.6387500000001 56
813.1856250000001 -112
813.7325000000001 168
814.2793750000001 64
814.8262500000001 -84
815.3731250000001 -188
815.9200000000001 -40
816.4668750000001 -56
817.0137500000001 28
817.5606250000001 28
818.1075000000001 -8
818.6543750000001 -56
819.2012500000001 116
819.7481250000001 4
820.2950000000001 -84
820.8418750000001 52
821.3887500000001 -60
821.9356250000001 -152
822.4825000000001 152
823.0293750000001 56
823.5762500000001 8
824.1231250000001 104
824.6700000000001 124
825.2168750000001 68
825.7637500000001 12
826.3106250000001 8
826.8575000000001 244
827.4043750000001 -28
827.9512500000001 -80
828.4981250000001 284
829.0450000000001 48
829.5918750000001 -64
830.1387500000001 112
830.6856250000001 56
831.2325000000001 -136
831.7793750000001 -296
832.3262500000001 -48
832.8731250000001 164
833.4200000000001 -60
833.9668750000001 -316
834.5137500000001 16
835.0606250000001 -168
835.6075000000001 64
836.1543750000001 152
836.7012500000001 -132
837.2481250000001 44
837.7950000000001 56
838.3418750000001 24
838.8887500000001 120
839.4356250000001 -280
839.9825000000001 140
840.5293750000001 68
841.0762500000001 52
841.6231250000001 -148
842.1700000000001 -80
842.7168750000001 -64
843.2637500000001 100
843.8106250000001 -152
844.3575000000001 -8
844.9043750000001 56
845.4512500000001 -108
845.9981250000001 28
846.5450000000001 124
847.0918750000001 44
847.6387500000001 -64
848.1856250000001 -72
848.7325000000001 92
849.2793750000001 -72
849.8262500000001 28
850.3731250000001 -24
850.9200000000001 -16
851.4668750000001 56
852.0137500000001 28
852.5606250000001 -56
853.1075000000001 100
853.6543750000001 0
854.2012500000001 28
854.7481250000001 40
855.2950000000001 48
855.8418750000001 -152
856.3887500000001 -196
856.9356250000001 16
857.4825000000001 104
858.0293750000001 44
858.5762500000001 104
859.1231250000001 -112
859.6700000000001 -20
860.2168750000001 -64
860.7637500000001 104
861.3106250000001 8
861.8575000000001 -12
862.4043750000001 -48
862.9512500000001 96
863.4981250000001 -36
864.0450000000001 -28
864.5918750000001 8
865.1387500000001 -68
865.6856250000001 92
866.2325000000001 28
866.7793750000001 148
867.3262500000001 40
867.8731250000001 -84
868.4200000000001 52
868.9668750000001 132
869.5137500000001 -12
870.0606250000001 -60
870.6075000000001 76
871.1543750000001 -68
871.7012500000001 -40
872.2481250000001 -12
872.7950000000001 -40
873.3418750000001 -128
873.8887500000001 192
874.4356250000001 -24
874.9825000000001 -16
875.5293750000001 -160
876.0762500000001 -56
876.6231250000001 -84
877.1700000000001 60
877.7168750000001 56
878.2637500000001 140
878.8106250000001 12
879.3575000000001 -64
879.9043750000001 -156
880.4512500000001 -84
880.9981250000001 -112
881.5450000000001 44
882.0918750000001 176
882.6387500000001 20
883.1856250000001 -104
883.7325000000001 20
884.2793750000001 20
884.8262500000001 -68
885.3731250000001 76
885.9200000000001 44
886.4668750000001 -48
887.0137500000001 184
887.5606250000001 36
888.1075000000001 136
888.6543750000001 -16
889.2012500000001 -140
889.7481250000001 28
890.2950000000001 176
890.8418750000001 40
891.3887500000001 -64
891.9356250000001 -28
892.4825000000001 -112
893.0293750000001 72
893.5762500000001 -4
894.1231250000001 96
894.6700000000001 68
895.2168750000001 4
895.7637500000001 196
896.3106250000001 -4
896.8575000000001 0
897.4043750000001 -124
897.9512500000001 -108
898.4981250000001 8
899.0450000000001 20
899.5918750000001 84
900.1387500000001 -68
900.6856250000001 -32
901.2325000000001 -168
901.7793750000001 -156
902.3262500000001 64
902.8731250000001 12
903.4200000000001 -176
903.9668750000001 100
904.5137500000001 -20
905.0606250000001 84
905.6075000000001 84
906.1543750000001 20
906.7012500000001 -72
907.2481250000001 88
907.7950000000001 -104
908.3418750000001 40
908.8887500000001 0
909.4356250000001 36
909.9825000000001 -56
910.5293750000001 32
911.0762500000001 -60
911.6231250000001 -208
912.1700000000001 -104
912.7168750000001 56
913.2637500000001 -120
913.8106250000001 -80
914.3575000000001 52
914.9043750000001 -20
915.4512500000001 40
915.9981250000001 -96
916.5450000000001 48
917.0918750000001 -40
917.6387500000001 -12
918.1856250000001 84
918.7325000000001 -48
919.2793750000001 0
919.8262500000001 40
920.3731250000001 68
920.9200000000001 -80
921.4668750000001 -112
922.0137500000001 -112
922.5606250000001 124
923.1075000000001 -132
923.6543750000001 -20
924.2012500000001 -104
924.7481250000001 108
925.2950000000001 100
925.8418750000001 80
926.3887500000001 -24
926.9356250000001 132
927.4825000000001 -72
928.0293750000001 -4
928.5762500000001 76
929.1231250000001 84
929.6700000000001 56
930.2168750000001 16
930.7637500000001 -48
931.3106250000001 -104
931.8575000000001 144
932.4043750000001 -200
932.9512500000001 -104
933.4981250000001 136
934.0450000000001 -84
934.5918750000001 24
935.1387500000001 -72
935.6856250000001 172
936.2325000000001 -56
936.7793750000001 4
937.3262500000001 48
937.8731250000001 -76
938.4200000000001 160
938.9668750000001 168
939.5137500000001 -32
940.0606250000001 8
940.6075000000001 16
941.1543750000001 -56
941.7012500000001 -40
942.2481250000001 -12
942.7950000000001 20
943.3418750000001 -132
943.8887500000001 0
944.4356250000001 -56
944.9825000000001 -132
945.5293750000001 108
946.0762500000001 56
946.6231250000001 8
947.1700000000001 48
947.7168750000001 144
948.2637500000001 36
948.8106250000001 -8
949.3575000000001 116
949.9043750000001 0
950.4512500000001 -196
950.9981250000001 32
951.5450000000001 -64
952.0918750000001 -96
952.6387500000001 68
953.1856250000001 -64
953.7325000000001 -44
954.2793750000001 -28
954.8262500000001 -68
955.3731250000001 56
955.9200000000001 16
956.4668750000001 -12
957.0137500000001 -92
957.5606250000001 -48
958.1075000000001 -100
958.6543750000001 8
959.2012500000001 -84
959.7481250000001 120
960.2950000000001 16
960.8418750000001 -52
961.3887500000001 152
961.9356250000001 -12
962.4825000000001 -44
963.0293750000001 68
963.5762500000001 0
964.1231250000001 124
964.6700000000001 124
965.2168750000001 -88
965.7637500000001 -28
966.3106250000001 108
966.8575000000001 4
967.4043750000001 96
967.9512500000001 68
968.4981250000001 -12
969.0450000000001 -124
969.5918750000001 -116
970.1387500000001 -24
970.6856250000001 44
971.2325000000001 -20
971.7793750000001 152
972.3262500000001 -52
972.8731250000001 -16
973.4200000000001 164
973.9668750000001 28
974.5137500000001 -44
975.0606250000001 128
975.6075000000001 136
976.1543750000001 0
976.7012500000001 108
977.2481250000001 -16
977.7950000000001 44
978.3418750000001 -124
978.8887500000001 4
979.4356250000001 192
979.9825000000001 -48
980.5293750000001 28
981.0762500000001 120
981.6231250000001 -8
982.1700000000001 40
982.7168750000001 36
983.2637500000001 220
983.8106250000001 52
984.3575000000001 8
984.9043750000001 -140
985.4512500000001 172
985.9981250000001 -60
986.5450000000001 -48
987.0918750000001 -44
987.6387500000001 8
988.1856250000001 96
988.7325000000001 16
989.2793750000001 16
989.8262500000001 8
990.3731250000001 24
990.9200000000001 36
991.4668750000001 108
992.0137500000001 -84
992.5606250000001 196
993.1075000000001 -84
993.6543750000001 -200
994.2012500000001 52
994.7481250000001 156
995.2950000000001 280
995.8418750000001 -8
996.3887500000001 56
996.9356250000001 -4
997.4825000000001 -20
998.0293750000001 -56
998.5762500000001 8
999.1231250000001 52
999.6700000000001 68
1000.2168750000001 -56
1000.7637500000001 140
1001.3106250000001 24
1001.8575000000001 -36
1002.4043750000001 -100
1002.9512500000001 -72
1003.4981250000001 44
1004.0450000000001 -164
1004.5918750000001 -56
1005.1387500000001 -12
1005.6856250000001 76
1006.2325000000001 -56
1006.7793750000001 60
1007.3262500000001 232
1007.8731250000001 -48
1008.4200000000001 20
1008.9668750000001 32
1009.5137500000001 84
1010.0606250000001 -104
1010.6075000000001 156
1011.1543750000001 0
1011.7012500000001 -52
1012.2481250000001 100
1012.7950000000001 -204
1013.3418750000001 -8
1013.8887500000001 -92
1014.4356250000001 92
1014.9825000000001 20
1015.5293750000001 -168
1016.0762500000001 164
1016.6231250000001 -72
1017.1700000000001 76
1017.7168750000001 80
1018.2637500000001 32
1018.8106250000001 -84
1019.3575000000001 -8
1019.9043750000001 76
1020.4512500000001 -4
1020.9981250000001 -136
1021.5450000000001 128
1022.0918750000001 -128
1022.6387500000001 132
1023.1856250000001 -152
1023.7325000000001 -68
1024.279375 36
1024.82625 32
1025.373125 12
1025.92 148
1026.466875 24
1027.01375 -112
1027.560625 40
1028.1075 204
1028.654375 -12
1029.20125 -28
1029.748125 160
1030.295 60
1030.841875 -168
1031.38875 -120
1031.935625 120
1032.4825 -84
1033.029375 108
1033.57625 64
1034.123125 -60
1034.67 -8
1035.216875 96
1035.76375 -52
1036.310625 0
1036.8575 -68
1037.404375 -116
1037.95125 -140
1038.498125 -76
1039.045 56
1039.591875 68
1040.13875 8
1040.685625 40
1041.2325 140
1041.779375 44
1042.32625 -100
1042.873125 -56
1043.42 152
1043.966875 -128
1044.51375 44
1045.060625 -36
1045.6075 96
1046.154375 -4
1046.70125 16
1047.248125 -132
1047.795 16
1048.341875 48
1048.88875 12
1049.435625 -32
1049.9825 -4
1050.529375 48
1051.07625 48
1051.623125 -20
1052.17 -12
1052.716875 184
1053.26375 0
1053.810625 -236
1054.3575 -4
1054.904375 -28
1055.45125 -68
1055.998125 -88
1056.545 0
1057.091875 84
1057.63875 -68
1058.185625 32
1058.7325 -208
1059.279375 -92
1059.82625 4
1060.373125 16
1060.92 -64
1061.466875 112
1062.01375 -52
1062.560625 204
1063.1075 188
1063.654375 68
1064.20125 -172
1064.748125 -48
1065.295 -100
1065.841875 -44
1066.38875 -132
1066.935625 56
1067.4825 -120
1068.029375 24
1068.57625 -96
1069.123125 276
1069.67 44
1070.216875 -12
1070.76375 -132
1071.310625 -60
1071.8575 -144
1072.404375 -120
1072.95125 80
1073.498125 -68
1074.045 8
1074.591875 40
1075.13875 -232
1075.685625 -260
1076.2325 28
1076.779375 224
1077.32625 164
1077.873125 148
1078.42 208
1078.966875 128
1079.51375 8
1080.060625 -108
1080.6075 168
1081.154375 -160
1081.70125 60
1082.248125 -144
1082.795 36
1083.341875 108
1083.88875 0
1084.435625 96
1084.9825 -52
1085.529375 -68
1086.07625 76
1086.623125 -180
1087.17 -52
1087.716875 -16
1088.26375 -84
1088.810625 -240
1089.3575 200
1089.904375 -60
1090.45125 44
1090.998125 232
1091.545 12
1092.091875 24
1092.63875 -20
1093.185625 32
1093.7325 132
1094.279375 64
1094.82625 244
1095.373125 4
1095.92 -56
1096.466875 -28
1097.01375 -16
1097.560625 8
1098.1075 52
1098.654375 -116
1099.20125 160
1099.748125 -40
1100.295 76
1100.841875 -180
1101.38875 48
1101.935625 -72
1102.4825 -96
1103.029375 200
1103.57625 32
1104.123125 136
1104.67 108
1105.216875 56
1105.76375 256
1106.310625 -108
1106.8575 -56
1107.404375 -84
1107.95125 -112
1108.498125 -72
1109.045 20
1109.591875 -24
1110.13875 -140
1110.685625 -8
1111.2325 0
1111.779375 136
1112.32625 20
1112.873125 20
1113.42 72
1113.966875 48
1114.51375 32
1115.060625 -28
1115.6075 116
1116.154375 92
1116.70125 64
1117.248125 -136
1117.795 -132
1118.341875 112
1118.88875 -224
1119.435625 -40
1119.9825 -24
1120.529375 52
1121.07625 140
1121.623125 32
1122.17 56
1122.716875 -204
1123.26375 -16
1123.810625 -272
1124.3575 -4
1124.904375 -108
1125.45125 44
1125.998125 136
1126.545 -16
1127.091875 -100
1127.63875 -220
1128.185625 -64
1128.7325 -184
1129.279375 152
1129.82625 -60
1130.373125 -68
1130.92 96
1131.466875 92
1132.01375 -152
1132.560625 124
1133.1075 200
1133.654375 36
1134.20125 128
1134.748125 -128
1135.295 8
1135.841875 24
1136.38875 -108
1136.935625 -8
1137.4825 -28
1138.029375 -32
1138.57625 100
1139.123125 -116
1139.67 -108
1140.216875 124
1140.76375 224
1141.310625 20
1141.8575 -8
1142.404375 -160
1142.95125 48
1143.498125 -64
1144.045 -52
1144.591875 -48
1145.13875 -104
1145.685625 -4
1146.2325 -128
1146.779375 -192
1147.32625 0
1147.873125 -36
1148.42 48
1148.966875 -16
1149.51375 8
1150.060625 28
1150.6075 -32
1151.154375 60
1151.70125 -4
1152.248125 -48
1152.795 40
1153.341875 -44
1153.88875 -344
1154.435625 28
1154.9825 -212
1155.529375 -40
1156.07625 -20
1156.623125 -68
1157.17 68
1157.716875 -92
1158.26375 4
1158.810625 52
1159.3575 44
1159.904375 -28
1160.45125 160
1160.998125 88
1161.545 164
1162.091875 48
1162.63875 -212
1163.185625 16
1163.7325 148
1164.279375 -8
1164.82625 80
1165.373125 -16
1165.92 8
1166.466875 -132
1167.01375 -36
1167.560625 72
1168.1075 68
1168.654375 24
1169.20125 -24
1169.748125 -16
1170.295 0
1170.841875 124
1171.38875 -100
1171.935625 -84
1172.4825 180
1173.029375 104
1173.57625 0
1174.123125 76
1174.67 84
1175.216875 36
1175.76375 -148
1176.310625 0
1176.8575 112
1177.404375 76
1177.95125 40
1178.498125 32
1179.045 180
1179.591875 0
1180.13875 -36
1180.685625 68
1181.2325 -100
1181.779375 168
1182.32625 176
1182.873125 -40
1183.42 92
1183.966875 92
1184.51375 -16
1185.060625 20
1185.6075 -308
1186.154375 -4
1186.70125 156
1187.248125 -136
1187.795 112
1188.341875 196
1188.88875 -28
1189.435625 52
1189.9825 -60
1190.529375 -48
1191.07625 -168
1191.623125 160
1192.17 168
1192.716875 88
1193.26375 28
1193.810625 24
1194.3575 48
1194.904375 -28
1195.45125 136
1195.998125 52
1196.545 -360
1197.091875 -120
1197.63875 -80
1198.185625 -200
1198.7325 92
1199.279375 -28
1199.82625 -56
1200.373125 -272
1200.92 212
1201.466875 -128
1202.01375 -124
1202.560625 132
1203.1075 -180
1203.654375 -28
1204.20125 108
1204.748125 156
1205.295 -16
1205.841875 12
1206.38875 -80
1206.935625 8
1207.4825 44
1208.029375 40
1208.57625 80
1209.123125 -52
1209.67 52
1210.216875 -200
1210.76375 168
1211.310625 264
1211.8575 264
1212.404375 -16
1212.95125 180
1213.498125 52
1214.045 108
1214.591875 -120
1215.13875 136
1215.685625 52
1216.2325 88
1216.779375 -220
1217.32625 16
1217.873125 -136
1218.42 48
1218.966875 -8
1219.51375 80
1220.060625 148
1220.6075 -176
1221.154375 132
1221.70125 172
1222.248125 208
1222.795 -132
1223.341875 56
1223.88875 -44
1224.435625 -152
1224.9825 228
1225.529375 -16
1226.07625 192
1226.623125 52
1227.17 20
1227.716875 0
1228.26375 -36
1228.810625 -72
1229.3575 192
1229.904375 -220
1230.45125 -84
1230.998125 -140
1231.545 -256
1232.091875 -32
1232.63875 -128
1233.185625 220
1233.7325 56
1234.279375 244
1234.82625 76
1235.373125 36
1235.92 -48
1236.466875 -220
1237.01375 8
1237.560625 -16
1238.1075 4
1238.654375 -48
1239.20125 -68
1239.748125 -76
1240.295 180
1240.841875 28
1241.38875 -300
1241.935625 -12
1242.4825 144
1243.029375 112
1243.57625 -60
1244.123125 88
1244.67 24
1245.216875 -176
1245.76375 -16
1246.310625 -100
1246.8575 136
1247.404375 -80
1247.95125 120
1248.498125 -8
1249.045 224
1249.591875 152
1250.13875 104
1250.685625 56
1251.2325 120
1251.779375 -24
1252.32625 -52
1252.873125 -52
1253.42 8
1253.966875 -32
1254.51375 -172
1255.060625 -180
1255.6075 8
1256.154375 -72
1256.70125 8
1257.248125 84
1257.795 112
1258.341875 -172
1258.88875 -164
1259.435625 0
1259.9825 0
1260.529375 -16
1261.07625 -136
1261.623125 12
1262.17 48
1262.716875 -68
1263.26375 8
1263.810625 116
1264.3575 -28
1264.904375 224
1265.45125 168
1265.998125 24
1266.545 8
1267.091875 -24
1267.63875 52
1268.185625 136
1268.7325 -20
1269.279375 80
1269.82625 36
1270.373125 68
1270.92 0
1271.466875 -72
1272.01375 -20
1272.560625 96
1273.1075 -148
1273.654375 20
1274.20125 156
1274.748125 148
1275.295 4
1275.841875 -88
1276.38875 -176
1276.935625 12
1277.4825 100
1278.029375 108
1278.57625 84
1279.123125 136
1279.67 -24
1280.216875 -20
1280.76375 100
1281.310625 -152
1281.8575 -44
1282.404375 40
1282.95125 32
1283.498125 120
1284.045 48
1284.591875 -92
1285.13875 44
1285.685625 28
1286.2325 -12
1286.779375 -160
1287.32625 28
1287.873125 48
1288.42 0
1288.966875 120
1289.51375 -224
1290.060625 116
1290.6075 -116
1291.154375 56
1291.70125 260
1292.248125 84
1292.795 4
1293.341875 -24
1293.88875 24
1294.435625 48
1294.9825 -184
1295.529375 -144
1296.07625 112
1296.623125 -80
1297.17 -12
1297.716875 -236
1298.26375 96
1298.810625 -4
1299.3575 -20
1299.904375 188
1300.45125 -172
1300.998125 60
1301.545 -20
1302.091875 48
1302.63875 28
1303.185625 180
1303.7325 -40
1304.279375 20
1304.82625 -16
1305.373125 60
1305.92 60
1306.466875 152
1307.01375 -132
1307.560625 -116
1308.1075 -64
1308.654375 32
1309.20125 100
1309.748125 -48
1310.295 -108
1310.841875 152
1311.38875 112
1311.935625 256
1312.4825 144
1313.029375 -140
1313.57625 0
1314.123125 -40
1314.67 -52
1315.216875 48
1315.76375 28
1316.310625 -76
1316.8575 -92
1317.404375 28
1317.95125 -48
1318.498125 200
1319.045 -68
1319.591875 48
1320.13875 280
1320.685625 -16
1321.2325 -16
1321.779375 100
1322.32625 100
1322.873125 -208
1323.42 -172
1323.966875 -80
1324.51375 -72
1325.060625 100
1325.6075 -60
1326.154375 44
1326.70125 4
1327.248125 -64
1327.795 -20
1328.341875 48
1328.88875 76
1329.435625 -168
1329.9825 -92
1330.529375 -44
1331.07625 -124
1331.623125 124
1332.17 52
1332.716875 96
1333.26375 -48
1333.810625 164
1334.3575 156
1334.904375 -84
1335.45125 148
1335.998125 48
1336.545 136
1337.091875 -64
1337.63875 -12
1338.185625 -44
1338.7325 372
1339.279375 92
1339.82625 -84
1340.373125 192
1340.92 16
1341.466875 156
1342.01375 8
1342.560625 -116
1343.1075 -136
1343.654375 12
1344.20125 -56
1344.748125 4
1345.295 136
1345.841875 -56
1346.38875 -176
1346.935625 -188
1347.4825 124
1348.029375 -72
1348.57625 288
1349.123125 -4
1349.67 -4
1350.216875 -296
1350.76375 -104
1351.310625 68
1351.8575 -88
1352.404375 -48
1352.95125 128
1353.498125 120
1354.045 -16
1354.591875 -252
1355.13875 -124
1355.685625 -264
1356.2325 40
1356.779375 -84
1357.32625 -104
1357.873125 -52
1358.42 140
1358.966875 -24
1359.51375 -12
1360.060625 168
1360.6075 -84
1361.154375 -208
1361.70125 148
1362.248125 -4
1362.795 196
1363.341875 24
1363.88875 -4
1364.435625 164
1364.9825 -16
1365.529375 -8
1366.07625 -168
1366.623125 20
1367.17 -236
1367.716875 196
1368.26375 204
1368.810625 36
1369.3575 136
1369.904375 16
1370.45125 176
1370.998125 188
1371.545 -12
1372.091875 28
1372.63875 -80
1373.185625 380
1373.7325 220
1374.279375 -180
1374.82625 -12
1375.373125 24
1375.92 172
1376.466875 -52
1377.01375 -272
1377.560625 -52
1378.1075 -84
1378.654375 28
1379.20125 -48
1379.748125 -60
1380.295 48
1380.841875 -212
1381.38875 -24
1381.935625 -100
1382.4825 -8
1383.029375 -76
1383.57625 -128
1384.123125 -140
1384.67 -4
1385.216875 -100
1385.76375 -52
1386.310625 96
1386.8575 -20
1387.404375 -68
1387.95125 -316
1388.498125 92
1389.045 4
1389.591875 -16
1390.13875 -44
1390.685625 -196
1391.2325 4
1391.779375 184
1392.32625 108
1392.873125 -200
1393.42 124
1393.966875 200
1394.51375 92
1395.060625 -36
1395.6075 -164
1396.154375 116
1396.70125 -164
1397.248125 -128
1397.795 196
1398.341875 -276
1398.88875 -68
1399.435625 52
1399.9825 -112
1400.529375 -132
1401.07625 -56
1401.623125 -84
1402.17 -296
1402.716875 136
1403.26375 28
1403.810625 -264
1404.3575 44
1404.904375 128
1405.45125 -40
1405.998125 112
1406.545 -36
1407.091875 -108
1407.63875 -60
1408.185625 -100
1408.7325 -20
1409.279375 -44
1409.82625 -4
1410.373125 268
1410.92 20
1411.466875 212
1412.01375 196
1412.560625 392
1413.1075 212
1413.654375 272
1414.20125 24
1414.748125 72
1415.295 120
1415.841875 48
1416.38875 228
1416.935625 -452
1417.4825 360
1418.029375 96
1418.57625 -228
1419.123125 284
