299.67 56.0
300.216875 13.2
300.76375 10.8
301.310625 19.6
301.8575 34.8
302.404375 52.8
302.95125 30.4
303.498125 6.8
304.045 11.6
304.591875 1.2
305.13875 -16.4
305.685625 -15.6
306.2325 -2.4
306.779375 -0.4
307.32625 -45.6
307.873125 -54.8
308.42 -37.2
308.966875 -4.4
309.51375 -19.2
310.060625 -29.2
310.6075 -38.0
311.154375 -38.0
311.70125 -65.6
312.248125 -71.6
312.795 -76.0
313.341875 -69.2
313.88875 -88.0
314.435625 -86.4
314.9825 -85.6
315.529375 -72.0
316.07625 -84.0
316.623125 -84.4
317.17 -60.8
317.716875 -55.2
318.26375 -37.2
318.810625 -48.0
319.3575 -40.0
319.904375 -43.6
320.45125 -32.8
320.998125 -23.6
321.545 -18.4
322.091875 2.0
322.63875 -22.8
323.185625 -20.0
323.7325 -8.8
324.279375 7.2
324.82625 -5.6
325.373125 -0.8
325.92 -2.0
326.466875 -6.0
327.01375 10.0
327.560625 -15.6
328.1075 5.2
328.654375 0.4
329.20125 1.6
329.748125 -6.8
330.295 6.8
330.841875 -18.4
331.38875 -23.2
331.935625 -12.4
332.4825 -13.6
333.029375 13.6
333.57625 5.6
334.123125 15.6
334.67 2.8
335.216875 2.8
335.76375 11.2
336.310625 27.2
336.8575 30.8
337.404375 18.8
337.95125 4.0
338.498125 -12.8
339.045 -7.6
339.591875 0.4
340.13875 -25.2
340.685625 -15.6
341.2325 -38.0
341.779375 -38.0
342.32625 -43.2
342.873125 -38.0
343.42 -54.0
343.966875 -38.4
344.51375 -17.2
345.060625 -5.2
345.6075 28.8
346.154375 42.0
346.70125 57.2
347.248125 50.8
347.795 44.8
348.341875 35.2
348.88875 45.6
349.435625 44.0
349.9825 41.2
350.529375 15.2
351.07625 8.0
351.623125 -17.2
352.17 -14.8
352.716875 -6.8
353.26375 15.6
353.810625 34.0
354.3575 55.2
354.904375 36.4
355.45125 9.6
355.998125 8.4
356.545 14.8
357.091875 7.6
357.63875 -2.8
358.185625 0.0
358.7325 -21.2
359.279375 -71.6
359.82625 -94.0
360.373125 -84.4
360.92 -81.2
361.466875 -72.4
362.01375 -85.2
362.560625 -81.2
363.1075 -79.6
363.654375 -78.8
364.20125 -67.6
364.748125 -25.2
365.295 -13.2
365.841875 -14.4
366.38875 -12.0
366.935625 -23.2
367.4825 0.8
368.029375 8.8
368.57625 15.6
369.123125 18.4
369.67 11.2
370.216875 4.4
370.76375 25.6
371.310625 20.8
371.8575 26.0
372.404375 49.2
372.95125 5.2
373.498125 -0.8
374.045 8.4
374.591875 -7.6
375.13875 11.6
375.685625 19.2
376.2325 15.2
376.779375 18.4
377.32625 4.0
377.873125 -10.4
378.42 12.0
378.966875 18.0
379.51375 10.4
380.060625 50.0
380.6075 62.8
381.154375 70.4
381.70125 34.8
382.248125 34.4
382.795 40.8
383.341875 27.2
383.88875 38.0
384.435625 45.6
384.9825 42.4
385.529375 21.2
386.07625 6.0
386.623125 1.6
387.17 43.2
387.716875 56.0
388.26375 57.2
388.810625 72.4
389.3575 63.2
389.904375 44.4
390.45125 52.4
390.998125 51.6
391.545 44.0
392.091875 39.2
392.63875 31.2
393.185625 14.0
393.7325 29.2
394.279375 -6.4
394.82625 5.6
395.373125 9.6
395.92 16.0
396.466875 22.8
397.01375 14.8
397.560625 23.6
398.1075 20.4
398.654375 45.2
399.20125 23.6
399.748125 43.2
400.295 55.2
400.841875 42.4
401.38875 27.2
401.935625 8.4
402.4825 -7.2
403.029375 -19.6
403.57625 -19.6
404.123125 -11.6
404.67 28.8
405.216875 55.2
405.76375 49.2
406.310625 96.0
406.8575 138.8
407.404375 195.2
407.95125 229.2
408.498125 269.6
409.045 284.4
409.591875 306.8
410.13875 337.6
410.685625 365.2
411.2325 446.4
411.779375 478.8
412.32625 558.4
412.873125 639.6
413.42 779.6
413.966875 918.0
414.51375 1098.0
415.060625 1320.8
415.6075 1542.4
416.154375 1819.6
416.70125 2110.8
417.248125 2475.2
417.795 2816.4
418.341875 3197.6
418.88875 3565.2
419.435625 3938.0
419.9825 4319.6
420.529375 4648.8
421.07625 4936.4
421.623125 5221.6
422.17 5424.0
422.716875 5578.8
423.26375 5648.4
423.810625 5653.2
424.3575 5598.0
424.904375 5478.4
425.45125 5298.8
425.998125 5070.4
426.545 4872.0
427.091875 4622.4
427.63875 4363.6
428.185625 4099.6
428.7325 3856.0
429.279375 3628.8
429.82625 3438.8
430.373125 3271.6
430.92 3120.8
431.466875 2997.2
432.01375 2872.0
432.560625 2710.0
433.1075 2580.0
433.654375 2448.4
434.20125 2323.6
434.748125 2189.2
435.295 2032.8
435.841875 1893.2
436.38875 1745.6
436.935625 1598.4
437.4825 1443.2
438.029375 1334.0
438.57625 1218.4
439.123125 1084.0
439.67 996.4
440.216875 897.6
440.76375 854.0
441.310625 793.6
441.8575 725.2
442.404375 678.8
442.95125 646.0
443.498125 590.4
444.045 519.6
444.591875 506.8
445.13875 474.0
445.685625 450.4
446.2325 411.6
446.779375 349.6
447.32625 343.6
447.873125 320.4
448.42 275.6
448.966875 246.0
449.51375 271.2
450.060625 247.6
450.6075 218.4
451.154375 206.0
451.70125 189.2
452.248125 200.4
452.795 172.8
453.341875 156.8
453.88875 155.6
454.435625 163.6
454.9825 149.6
455.529375 140.8
456.07625 148.0
456.623125 137.2
457.17 133.6
457.716875 136.0
458.26375 134.8
458.810625 146.8
459.3575 152.0
459.904375 149.6
460.45125 146.4
460.998125 154.0
461.545 129.6
462.091875 130.8
462.63875 128.8
463.185625 114.0
463.7325 120.0
464.279375 98.4
464.82625 80.0
465.373125 87.2
465.92 71.6
466.466875 56.8
467.01375 75.6
467.560625 82.0
468.1075 75.2
468.654375 66.8
469.20125 82.0
469.748125 90.4
470.295 109.6
470.841875 102.8
471.38875 109.2
471.935625 112.8
472.4825 97.6
473.029375 89.6
473.57625 106.4
474.123125 117.6
474.67 108.0
475.216875 102.4
475.76375 102.0
476.310625 101.2
476.8575 95.2
477.404375 102.8
477.95125 108.0
478.498125 101.6
479.045 98.0
479.591875 86.0
480.13875 107.2
480.685625 119.2
481.2325 103.6
481.779375 100.4
482.32625 95.2
482.873125 88.0
483.42 88.0
483.966875 94.4
484.51375 75.2
485.060625 105.2
485.6075 75.6
486.154375 50.4
486.70125 59.6
487.248125 66.0
487.795 87.6
488.341875 100.8
488.88875 116.0
489.435625 106.0
489.9825 116.0
490.529375 100.4
491.07625 106.4
491.623125 106.8
492.17 94.8
492.716875 83.6
493.26375 67.6
493.810625 56.8
494.3575 52.4
494.904375 64.8
495.45125 65.2
495.998125 52.4
496.545 55.6
497.091875 70.4
497.63875 86.4
498.185625 83.6
498.7325 74.8
499.279375 70.8
499.82625 65.2
500.373125 58.0
500.92 28.8
501.466875 43.2
502.01375 26.4
502.560625 42.4
503.1075 41.2
503.654375 46.8
504.20125 61.2
504.748125 54.0
505.295 54.8
505.841875 58.0
506.38875 91.6
506.935625 80.0
507.4825 64.0
508.029375 43.6
508.57625 6.4
509.123125 1.6
509.67 -22.8
510.216875 -1.6
510.76375 -16.0
511.310625 -5.2
511.8575 -22.8
512.4043750000001 -17.6
512.9512500000001 -10.0
513.4981250000001 -15.6
514.0450000000001 25.2
514.5918750000001 32.8
515.1387500000001 50.0
515.6856250000001 29.6
516.2325000000001 35.6
516.7793750000001 4.4
517.3262500000001 20.0
517.8731250000001 26.4
518.4200000000001 50.4
518.9668750000001 48.0
519.5137500000001 22.8
520.0606250000001 38.0
520.6075000000001 31.2
521.1543750000001 49.2
521.7012500000001 51.6
522.2481250000001 45.2
522.7950000000001 32.4
523.3418750000001 36.4
523.8887500000001 44.8
524.4356250000001 48.8
524.9825000000001 57.6
525.5293750000001 42.0
526.0762500000001 41.2
526.6231250000001 24.4
527.1700000000001 24.8
527.7168750000001 44.4
528.2637500000001 27.2
528.8106250000001 32.4
529.3575000000001 13.6
529.9043750000001 12.8
530.4512500000001 11.6
530.9981250000001 1.6
531.5450000000001 -1.6
532.0918750000001 -1.6
532.6387500000001 -17.6
533.1856250000001 -8.4
533.7325000000001 13.2
534.2793750000001 -9.6
534.8262500000001 -9.2
535.3731250000001 2.8
535.9200000000001 18.0
536.4668750000001 29.6
537.0137500000001 36.8
537.5606250000001 54.0
538.1075000000001 66.4
538.6543750000001 39.2
539.2012500000001 22.4
539.7481250000001 24.0
540.2950000000001 22.4
540.8418750000001 5.6
541.3887500000001 -8.0
541.9356250000001 -4.0
542.4825000000001 -19.2
543.0293750000001 -20.0
543.5762500000001 -38.0
544.1231250000001 -22.0
544.6700000000001 2.0
545.2168750000001 25.2
545.7637500000001 36.4
546.3106250000001 56.8
546.8575000000001 62.0
547.4043750000001 38.8
547.9512500000001 54.0
548.4981250000001 40.8
549.0450000000001 66.0
549.5918750000001 54.0
550.1387500000001 42.8
550.6856250000001 30.0
551.2325000000001 8.8
551.7793750000001 10.8
552.3262500000001 24.4
552.8731250000001 30.8
553.4200000000001 18.8
553.9668750000001 35.2
554.5137500000001 28.4
555.0606250000001 57.6
555.6075000000001 68.4
556.1543750000001 66.0
556.7012500000001 76.8
557.2481250000001 52.4
557.7950000000001 38.0
558.3418750000001 29.6
558.8887500000001 38.4
559.4356250000001 30.4
559.9825000000001 33.6
560.5293750000001 15.2
561.0762500000001 22.8
561.6231250000001 21.6
562.1700000000001 14.0
562.7168750000001 14.8
563.2637500000001 -4.0
563.8106250000001 15.6
564.3575000000001 22.8
564.9043750000001 20.4
565.4512500000001 18.8
565.9981250000001 25.6
566.5450000000001 4.8
567.0918750000001 6.8
567.6387500000001 -2.4
568.1856250000001 2.8
568.7325000000001 19.2
569.2793750000001 36.0
569.8262500000001 24.0
570.3731250000001 16.0
570.9200000000001 30.8
571.4668750000001 5.2
572.0137500000001 14.8
572.5606250000001 10.8
573.1075000000001 32.0
573.6543750000001 8.8
574.2012500000001 10.0
574.7481250000001 -14.4
575.2950000000001 -5.6
575.8418750000001 -13.2
576.3887500000001 -18.4
576.9356250000001 3.2
577.4825000000001 6.0
578.0293750000001 0.0
578.5762500000001 -2.0
579.1231250000001 38.0
579.6700000000001 27.6
580.2168750000001 7.2
580.7637500000001 4.0
581.3106250000001 20.0
581.8575000000001 -5.6
582.4043750000001 8.0
582.9512500000001 2.0
583.4981250000001 -8.0
584.0450000000001 -0.8
584.5918750000001 -13.2
585.1387500000001 25.6
585.6856250000001 55.6
586.2325000000001 63.6
586.7793750000001 55.6
587.3262500000001 57.2
587.8731250000001 46.8
588.4200000000001 40.0
588.9668750000001 42.8
589.5137500000001 25.6
590.0606250000001 49.2
590.6075000000001 24.8
591.1543750000001 11.2
591.7012500000001 6.8
592.2481250000001 13.2
592.7950000000001 25.6
593.3418750000001 32.4
593.8887500000001 61.2
594.4356250000001 60.4
594.9825000000001 68.4
595.5293750000001 44.8
596.0762500000001 25.6
596.6231250000001 34.8
597.1700000000001 25.2
597.7168750000001 52.0
598.2637500000001 77.2
598.8106250000001 63.6
599.3575000000001 35.2
599.9043750000001 36.0
600.4512500000001 45.2
600.9981250000001 25.6
601.5450000000001 36.0
602.0918750000001 12.4
602.6387500000001 31.6
603.1856250000001 16.8
603.7325000000001 -8.8
604.2793750000001 -13.2
604.8262500000001 -20.8
605.3731250000001 -29.2
605.9200000000001 -31.2
606.4668750000001 -30.4
607.0137500000001 -18.0
607.5606250000001 -2.8
608.1075000000001 -10.4
608.6543750000001 -35.6
609.2012500000001 -42.8
609.7481250000001 -30.0
610.2950000000001 -19.2
610.8418750000001 4.8
611.3887500000001 22.0
611.9356250000001 26.4
612.4825000000001 -3.6
613.0293750000001 -9.2
613.5762500000001 -6.4
614.1231250000001 13.2
614.6700000000001 13.2
615.2168750000001 0.4
615.7637500000001 1.2
616.3106250000001 -20.8
616.8575000000001 -34.0
617.4043750000001 -24.4
617.9512500000001 -4.4
618.4981250000001 20.4
619.0450000000001 30.4
619.5918750000001 15.6
620.1387500000001 38.8
620.6856250000001 51.6
621.2325000000001 46.8
621.7793750000001 58.0
622.3262500000001 52.4
622.8731250000001 43.6
623.4200000000001 40.4
623.9668750000001 19.6
624.5137500000001 -6.4
625.0606250000001 7.2
625.6075000000001 -6.8
626.1543750000001 -21.6
626.7012500000001 -14.8
627.2481250000001 -8.4
627.7950000000001 -28.0
628.3418750000001 -8.8
628.8887500000001 0.8
629.4356250000001 -5.6
629.9825000000001 -0.8
630.5293750000001 -24.4
631.0762500000001 -29.6
631.6231250000001 -37.6
632.1700000000001 -58.4
632.7168750000001 -64.4
633.2637500000001 -79.6
633.8106250000001 -89.2
634.3575000000001 -108.8
634.9043750000001 -99.6
635.4512500000001 -86.0
635.9981250000001 -74.8
636.5450000000001 -61.6
637.0918750000001 -60.8
637.6387500000001 -35.6
638.1856250000001 -39.2
638.7325000000001 -10.4
639.2793750000001 -29.6
639.8262500000001 -48.4
640.3731250000001 -64.8
640.9200000000001 -74.0
641.4668750000001 -65.6
642.0137500000001 -76.0
642.5606250000001 -62.4
643.1075000000001 -72.8
643.6543750000001 -60.4
644.2012500000001 -71.6
644.7481250000001 -61.6
645.2950000000001 -17.2
645.8418750000001 0.4
646.3887500000001 -28.8
646.9356250000001 -16.0
647.4825000000001 -32.8
648.0293750000001 -26.8
648.5762500000001 -34.0
649.1231250000001 -52.8
649.6700000000001 -40.0
650.2168750000001 -36.0
650.7637500000001 -36.0
651.3106250000001 -41.6
651.8575000000001 8.0
652.4043750000001 -35.2
652.9512500000001 -17.2
653.4981250000001 -29.2
654.0450000000001 -24.8
654.5918750000001 -0.4
655.1387500000001 -15.6
655.6856250000001 0.4
656.2325000000001 -4.0
656.7793750000001 -1.6
657.3262500000001 -18.0
657.8731250000001 11.6
658.4200000000001 -4.8
658.9668750000001 1.6
659.5137500000001 -5.6
660.0606250000001 -12.0
660.6075000000001 -11.2
661.1543750000001 -26.4
661.7012500000001 -44.0
662.2481250000001 -43.2
662.7950000000001 -35.6
663.3418750000001 -38.0
663.8887500000001 -28.0
664.4356250000001 -22.0
664.9825000000001 -9.6
665.5293750000001 0.0
666.0762500000001 13.6
666.6231250000001 15.2
667.1700000000001 6.0
667.7168750000001 3.6
668.2637500000001 -24.0
668.8106250000001 -22.0
669.3575000000001 3.2
669.9043750000001 -22.4
670.4512500000001 -8.0
670.9981250000001 -26.4
671.5450000000001 -21.2
672.0918750000001 -33.2
672.6387500000001 -14.4
673.1856250000001 -12.4
673.7325000000001 -5.2
674.2793750000001 -11.6
674.8262500000001 -30.8
675.3731250000001 -13.6
675.9200000000001 -44.8
676.4668750000001 -12.8
677.0137500000001 -29.2
677.5606250000001 -32.8
678.1075000000001 -39.2
678.6543750000001 -52.8
679.2012500000001 -52.8
679.7481250000001 -41.6
680.2950000000001 -51.6
680.8418750000001 -60.0
681.3887500000001 -65.2
681.9356250000001 -102.4
682.4825000000001 -80.0
683.0293750000001 -62.0
683.5762500000001 -48.0
684.1231250000001 -30.0
684.6700000000001 -13.6
685.2168750000001 -12.4
685.7637500000001 -6.8
686.3106250000001 9.6
686.8575000000001 32.8
687.4043750000001 22.0
687.9512500000001 2.0
688.4981250000001 8.4
689.0450000000001 4.4
689.5918750000001 6.8
690.1387500000001 -0.4
690.6856250000001 -10.4
691.2325000000001 -10.0
691.7793750000001 -7.6
692.3262500000001 -7.2
692.8731250000001 6.4
693.4200000000001 20.8
693.9668750000001 11.6
694.5137500000001 -9.2
695.0606250000001 2.0
695.6075000000001 -2.0
696.1543750000001 -4.4
696.7012500000001 -1.2
697.2481250000001 -19.2
697.7950000000001 -17.6
698.3418750000001 -9.6
698.8887500000001 -7.2
699.4356250000001 24.0
699.9825000000001 45.2
700.5293750000001 20.0
701.0762500000001 14.0
701.6231250000001 13.2
702.1700000000001 19.6
702.7168750000001 44.8
703.2637500000001 48.0
703.8106250000001 36.4
704.3575000000001 29.6
704.9043750000001 -3.2
705.4512500000001 -1.6
705.9981250000001 -3.6
706.5450000000001 13.6
707.0918750000001 3.6
707.6387500000001 -14.4
708.1856250000001 -4.8
708.7325000000001 12.0
709.2793750000001 25.2
709.8262500000001 12.8
710.3731250000001 18.0
710.9200000000001 2.8
711.4668750000001 17.6
712.0137500000001 4.0
712.5606250000001 18.0
713.1075000000001 46.4
713.6543750000001 14.8
714.2012500000001 -15.6
714.7481250000001 -8.8
715.2950000000001 0.8
715.8418750000001 -4.4
716.3887500000001 13.6
716.9356250000001 24.0
717.4825000000001 39.2
718.0293750000001 50.0
718.5762500000001 44.0
719.1231250000001 64.0
719.6700000000001 65.2
720.2168750000001 50.0
720.7637500000001 33.2
721.3106250000001 35.6
721.8575000000001 18.0
722.4043750000001 -7.6
722.9512500000001 -4.4
723.4981250000001 -19.2
724.0450000000001 -26.8
724.5918750000001 -34.8
725.1387500000001 -25.6
725.6856250000001 -25.2
726.2325000000001 -1.2
726.7793750000001 -6.4
727.3262500000001 18.4
727.8731250000001 35.2
728.4200000000001 16.4
728.9668750000001 38.4
729.5137500000001 28.4
730.0606250000001 15.6
730.6075000000001 10.8
731.1543750000001 4.4
731.7012500000001 5.6
732.2481250000001 -6.4
732.7950000000001 -26.0
733.3418750000001 -45.6
733.8887500000001 -32.8
734.4356250000001 -23.6
734.9825000000001 -14.4
735.5293750000001 -11.6
736.0762500000001 -13.2
736.6231250000001 10.8
737.1700000000001 -4.0
737.7168750000001 4.0
738.2637500000001 -3.6
738.8106250000001 7.6
739.3575000000001 -2.0
739.9043750000001 -35.6
740.4512500000001 -28.0
740.9981250000001 -17.6
741.5450000000001 -10.0
742.0918750000001 -26.8
742.6387500000001 -24.0
743.1856250000001 -14.8
743.7325000000001 6.0
744.2793750000001 -0.8
744.8262500000001 16.4
745.3731250000001 14.4
745.9200000000001 6.0
746.4668750000001 -1.6
747.0137500000001 -3.2
747.5606250000001 -1.6
748.1075000000001 -3.6
748.6543750000001 -2.8
749.2012500000001 -13.2
749.7481250000001 6.0
750.2950000000001 10.8
750.8418750000001 13.6
751.3887500000001 20.0
751.9356250000001 22.4
752.4825000000001 8.0
753.0293750000001 14.0
753.5762500000001 33.6
754.1231250000001 43.6
754.6700000000001 55.6
755.2168750000001 52.0
755.7637500000001 18.8
756.3106250000001 20.0
756.8575000000001 19.2
757.4043750000001 21.6
757.9512500000001 22.4
758.4981250000001 14.4
759.0450000000001 -3.6
759.5918750000001 -18.8
760.1387500000001 -46.0
760.6856250000001 -35.2
761.2325000000001 -17.2
761.7793750000001 -18.0
762.3262500000001 -11.2
762.8731250000001 -4.4
763.4200000000001 10.4
763.9668750000001 28.8
764.5137500000001 16.4
765.0606250000001 26.0
765.6075000000001 33.6
766.1543750000001 19.6
766.7012500000001 22.8
767.2481250000001 21.6
767.7950000000001 -7.2
768.3418750000001 -20.8
768.8887500000001 -35.2
769.4356250000001 -42.8
769.9825000000001 -27.2
770.5293750000001 -33.2
771.0762500000001 -27.6
771.6231250000001 -37.2
772.1700000000001 -66.4
772.7168750000001 -62.4
773.2637500000001 -50.0
773.8106250000001 -47.2
774.3575000000001 -50.0
774.9043750000001 -88.0
775.4512500000001 -84.8
775.9981250000001 -94.8
776.5450000000001 -86.8
777.0918750000001 -77.2
777.6387500000001 -48.8
778.1856250000001 -42.0
778.7325000000001 -52.0
779.2793750000001 -47.2
779.8262500000001 -36.0
780.3731250000001 -12.8
780.9200000000001 -26.8
781.4668750000001 -13.2
782.0137500000001 -3.6
782.5606250000001 -14.8
783.1075000000001 -32.0
783.6543750000001 -44.4
784.2012500000001 -32.8
784.7481250000001 -25.6
785.2950000000001 -44.0
785.8418750000001 -36.0
786.3887500000001 -46.4
786.9356250000001 -39.6
787.4825000000001 -57.6
788.0293750000001 -42.0
788.5762500000001 -17.6
789.1231250000001 -12.8
789.6700000000001 -2.0
790.2168750000001 -6.4
790.7637500000001 14.8
791.3106250000001 -2.0
791.8575000000001 15.6
792.4043750000001 6.4
792.9512500000001 8.8
793.4981250000001 3.2
794.0450000000001 -10.8
794.5918750000001 -17.2
795.1387500000001 -40.4
795.6856250000001 -16.0
796.2325000000001 -10.8
796.7793750000001 -2.8
797.3262500000001 5.6
797.8731250000001 10.0
798.4200000000001 4.0
798.9668750000001 13.6
799.5137500000001 -0.8
800.0606250000001 8.4
800.6075000000001 24.4
801.1543750000001 -28.8
801.7012500000001 -48.8
802.2481250000001 -31.6
802.7950000000001 -32.4
803.3418750000001 -52.0
803.8887500000001 -56.0
804.4356250000001 -60.8
804.9825000000001 -47.2
805.5293750000001 -42.0
806.0762500000001 -38.4
806.6231250000001 -34.8
807.1700000000001 -12.8
807.7168750000001 -15.2
808.2637500000001 -30.0
808.8106250000001 2.4
809.3575000000001 17.2
809.9043750000001 4.8
810.4512500000001 -10.8
810.9981250000001 -18.8
811.5450000000001 -31.6
812.0918750000001 -8.8
812.6387500000001 -13.6
813.1856250000001 -20.0
813.7325000000001 -14.4
814.2793750000001 -19.6
814.8262500000001 -25.6
815.3731250000001 -25.6
815.9200000000001 -1.6
816.4668750000001 -3.6
817.0137500000001 -13.2
817.5606250000001 -0.8
818.1075000000001 2.0
818.6543750000001 3.6
819.2012500000001 19.6
819.7481250000001 20.4
820.2950000000001 26.8
820.8418750000001 36.4
821.3887500000001 32.0
821.9356250000001 62.4
822.4825000000001 74.8
823.0293750000001 51.6
823.5762500000001 74.4
824.1231250000001 78.4
824.6700000000001 61.6
825.2168750000001 60.4
825.7637500000001 59.2
826.3106250000001 44.4
826.8575000000001 14.0
827.4043750000001 -15.2
827.9512500000001 4.0
828.4981250000001 6.0
829.0450000000001 -54.0
829.5918750000001 -57.2
830.1387500000001 -67.6
830.6856250000001 -72.4
831.2325000000001 -62.8
831.7793750000001 -62.4
832.3262500000001 -28.4
832.8731250000001 -18.0
833.4200000000001 -32.0
833.9668750000001 -14.0
834.5137500000001 -10.4
835.0606250000001 2.0
835.6075000000001 25.6
836.1543750000001 24.4
836.7012500000001 -5.6
837.2481250000001 -0.4
837.7950000000001 -11.2
838.3418750000001 -6.8
838.8887500000001 -24.4
839.4356250000001 -37.2
839.9825000000001 -3.6
840.5293750000001 -28.4
841.0762500000001 -32.4
841.6231250000001 -25.2
842.1700000000001 -6.0
842.7168750000001 -4.4
843.2637500000001 -5.2
843.8106250000001 -6.0
844.3575000000001 2.0
844.9043750000001 5.6
845.4512500000001 -2.4
845.9981250000001 6.8
846.5450000000001 9.6
847.0918750000001 0.0
847.6387500000001 -10.0
848.1856250000001 6.4
848.7325000000001 13.6
849.2793750000001 7.2
849.8262500000001 18.4
850.3731250000001 20.4
850.9200000000001 7.6
851.4668750000001 -10.4
852.0137500000001 -14.4
852.5606250000001 -6.8
853.1075000000001 3.2
853.6543750000001 3.6
854.2012500000001 -7.6
854.7481250000001 -12.4
855.2950000000001 -22.8
855.8418750000001 -17.2
856.3887500000001 -1.2
856.9356250000001 17.2
857.4825000000001 10.8
858.0293750000001 10.0
858.5762500000001 2.0
859.1231250000001 -11.2
859.6700000000001 0.8
860.2168750000001 -4.0
860.7637500000001 11.6
861.3106250000001 4.0
861.8575000000001 18.0
862.4043750000001 23.2
862.9512500000001 19.6
863.4981250000001 15.2
864.0450000000001 32.0
864.5918750000001 33.6
865.1387500000001 26.8
865.6856250000001 41.2
866.2325000000001 25.2
866.7793750000001 18.4
867.3262500000001 2.4
867.8731250000001 -5.6
868.4200000000001 -10.0
868.9668750000001 4.0
869.5137500000001 -11.6
870.0606250000001 -12.0
870.6075000000001 -22.0
871.1543750000001 -35.2
871.7012500000001 -36.8
872.2481250000001 -26.8
872.7950000000001 -20.0
873.3418750000001 -2.0
873.8887500000001 12.0
874.4356250000001 -13.6
874.9825000000001 -26.8
875.5293750000001 -33.6
876.0762500000001 -28.8
876.6231250000001 -18.8
877.1700000000001 7.2
877.7168750000001 3.2
878.2637500000001 -12.8
878.8106250000001 -24.8
879.3575000000001 -24.0
879.9043750000001 -24.4
880.4512500000001 -1.2
880.9981250000001 11.6
881.5450000000001 18.0
882.0918750000001 32.0
882.6387500000001 18.0
883.1856250000001 29.6
883.7325000000001 38.4
884.2793750000001 22.4
884.8262500000001 23.2
885.3731250000001 47.6
885.9200000000001 44.0
886.4668750000001 33.2
887.0137500000001 35.2
887.5606250000001 5.6
888.1075000000001 9.2
888.6543750000001 -4.8
889.2012500000001 6.4
889.7481250000001 27.2
890.2950000000001 24.8
890.8418750000001 26.8
891.3887500000001 22.4
891.9356250000001 28.8
892.4825000000001 19.2
893.0293750000001 19.6
893.5762500000001 13.2
894.1231250000001 15.6
894.6700000000001 14.4
895.2168750000001 0.8
895.7637500000001 -2.8
896.3106250000001 -39.2
896.8575000000001 -54.4
897.4043750000001 -48.0
897.9512500000001 -34.4
898.4981250000001 -41.2
899.0450000000001 -32.0
899.5918750000001 -36.0
900.1387500000001 -36.0
900.6856250000001 -20.8
901.2325000000001 -15.6
901.7793750000001 -6.0
902.3262500000001 18.4
902.8731250000001 1.6
903.4200000000001 4.4
903.9668750000001 22.0
904.5137500000001 15.6
905.0606250000001 12.0
905.6075000000001 6.8
906.1543750000001 -7.6
906.7012500000001 -30.4
907.2481250000001 -33.6
907.7950000000001 -36.8
908.3418750000001 -38.4
908.8887500000001 -50.4
909.4356250000001 -45.2
909.9825000000001 -50.8
910.5293750000001 -41.2
911.0762500000001 -54.0
911.6231250000001 -43.2
912.1700000000001 -26.4
912.7168750000001 -17.2
913.2637500000001 -14.4
913.8106250000001 -7.2
914.3575000000001 0.8
914.9043750000001 -0.4
915.4512500000001 8.4
915.9981250000001 -3.6
916.5450000000001 -5.2
917.0918750000001 -21.2
917.6387500000001 -4.8
918.1856250000001 -16.8
918.7325000000001 -27.2
919.2793750000001 -32.8
919.8262500000001 -22.0
920.3731250000001 -16.0
920.9200000000001 -14.8
921.4668750000001 -9.2
922.0137500000001 15.2
922.5606250000001 19.2
923.1075000000001 6.4
923.6543750000001 27.2
924.2012500000001 37.6
924.7481250000001 53.6
925.2950000000001 44.4
925.8418750000001 29.6
926.3887500000001 11.2
926.9356250000001 28.0
927.4825000000001 -5.2
928.0293750000001 -8.4
928.5762500000001 5.6
929.1231250000001 -10.4
929.6700000000001 -16.4
930.2168750000001 -29.2
930.7637500000001 -13.6
931.3106250000001 -14.4
931.8575000000001 -3.6
932.4043750000001 -13.2
932.9512500000001 -0.8
933.4981250000001 25.6
934.0450000000001 28.8
934.5918750000001 34.0
935.1387500000001 32.4
935.6856250000001 41.2
936.2325000000001 18.4
936.7793750000001 20.0
937.3262500000001 18.4
937.8731250000001 15.6
938.4200000000001 10.0
938.9668750000001 -6.0
939.5137500000001 -28.4
940.0606250000001 -38.4
940.6075000000001 -28.4
941.1543750000001 -24.4
941.7012500000001 -18.0
942.2481250000001 -9.2
942.7950000000001 6.4
943.3418750000001 8.0
943.8887500000001 20.4
944.4356250000001 32.0
944.9825000000001 37.6
945.5293750000001 31.2
946.0762500000001 23.6
946.6231250000001 11.6
947.1700000000001 1.2
947.7168750000001 3.2
948.2637500000001 -17.6
948.8106250000001 -25.6
949.3575000000001 -27.6
949.9043750000001 -46.0
950.4512500000001 -40.4
950.9981250000001 -19.2
951.5450000000001 -23.6
952.0918750000001 -26.4
952.6387500000001 -21.6
953.1856250000001 -38.4
953.7325000000001 -31.2
954.2793750000001 -35.2
954.8262500000001 -20.4
955.3731250000001 -12.0
955.9200000000001 -22.8
956.4668750000001 -9.2
957.0137500000001 -9.2
957.5606250000001 -4.4
958.1075000000001 7.2
958.6543750000001 17.2
959.2012500000001 28.8
959.7481250000001 49.6
960.2950000000001 28.8
960.8418750000001 24.4
961.3887500000001 40.4
961.9356250000001 25.6
962.4825000000001 36.4
963.0293750000001 47.6
963.5762500000001 39.6
964.1231250000001 27.2
964.6700000000001 3.2
965.2168750000001 -11.6
965.7637500000001 1.6
966.3106250000001 2.4
966.8575000000001 6.8
967.4043750000001 1.2
967.9512500000001 -10.0
968.4981250000001 -0.4
969.0450000000001 3.6
969.5918750000001 11.6
970.1387500000001 36.0
970.6856250000001 52.0
971.2325000000001 47.6
971.7793750000001 60.4
972.3262500000001 43.6
972.8731250000001 53.2
973.4200000000001 42.4
973.9668750000001 26.4
974.5137500000001 42.8
975.0606250000001 42.4
975.6075000000001 32.4
976.1543750000001 30.8
976.7012500000001 30.0
977.2481250000001 23.2
977.7950000000001 28.4
978.3418750000001 46.0
978.8887500000001 63.6
979.4356250000001 64.0
979.9825000000001 30.8
980.5293750000001 52.8
981.0762500000001 44.0
981.6231250000001 27.2
982.1700000000001 23.6
982.7168750000001 20.4
983.2637500000001 26.4
983.8106250000001 6.0
984.3575000000001 2.4
984.9043750000001 2.4
985.4512500000001 18.8
985.9981250000001 5.2
986.5450000000001 22.0
987.0918750000001 18.4
987.6387500000001 42.4
988.1856250000001 33.2
988.7325000000001 3.6
989.2793750000001 7.2
989.8262500000001 21.2
990.3731250000001 48.4
990.9200000000001 45.2
991.4668750000001 47.2
992.0137500000001 36.0
992.5606250000001 42.4
993.1075000000001 17.2
993.6543750000001 26.4
994.2012500000001 51.6
994.7481250000001 53.2
995.2950000000001 32.0
995.8418750000001 18.0
996.3887500000001 21.2
996.9356250000001 12.0
997.4825000000001 2.4
998.0293750000001 -2.8
998.5762500000001 7.2
999.1231250000001 -10.0
999.6700000000001 -20.8
1000.2168750000001 -28.8
1000.7637500000001 -15.6
1001.3106250000001 -35.2
1001.8575000000001 -31.6
1002.4043750000001 -4.8
1002.9512500000001 0.4
1003.4981250000001 9.6
1004.0450000000001 8.4
1004.5918750000001 33.2
1005.1387500000001 28.4
1005.6856250000001 45.2
1006.2325000000001 37.6
1006.7793750000001 38.0
1007.3262500000001 42.0
1007.8731250000001 -1.6
1008.4200000000001 2.4
1008.9668750000001 -8.8
1009.5137500000001 -2.8
1010.0606250000001 -9.2
1010.6075000000001 -15.6
1011.1543750000001 -14.8
1011.7012500000001 -22.0
1012.2481250000001 -9.2
1012.7950000000001 -11.2
1013.3418750000001 12.4
1013.8887500000001 4.8
1014.4356250000001 13.2
1014.9825000000001 11.6
1015.5293750000001 9.2
1016.0762500000001 12.4
1016.6231250000001 8.8
1017.1700000000001 3.2
1017.7168750000001 8.8
1018.2637500000001 -14.4
1018.8106250000001 -24.4
1019.3575000000001 -12.4
1019.9043750000001 -8.4
1020.4512500000001 -14.8
1020.9981250000001 0.4
1021.5450000000001 16.4
1022.0918750000001 -7.6
1022.6387500000001 9.2
1023.1856250000001 16.4
1023.7325000000001 30.4
1024.279375 34.4
1024.82625 46.8
1025.373125 49.6
1025.92 31.6
1026.466875 4.8
1027.01375 14.4
1027.560625 17.2
1028.1075 24.0
1028.654375 10.0
1029.20125 5.2
1029.748125 7.2
1030.295 0.8
1030.841875 -10.4
1031.38875 6.4
1031.935625 11.6
1032.4825 -12.0
1033.029375 -17.6
1033.57625 -36.0
1034.123125 -36.8
1034.67 -24.0
1035.216875 -22.4
1035.76375 -28.0
1036.310625 -8.8
1036.8575 -4.4
1037.404375 -7.6
1037.95125 -1.6
1038.498125 27.6
1039.045 22.4
1039.591875 21.2
1040.13875 10.8
1040.685625 19.6
1041.2325 15.2
1041.779375 2.8
1042.32625 -14.8
1042.873125 -3.2
1043.42 7.2
1043.966875 -6.8
1044.51375 2.8
1045.060625 -2.0
1045.6075 6.4
1046.154375 1.6
1046.70125 0.0
1047.248125 -2.8
1047.795 28.8
1048.341875 27.2
1048.88875 -1.2
1049.435625 -2.8
1049.9825 -2.4
1050.529375 -8.8
1051.07625 -22.4
1051.623125 -27.2
1052.17 -16.8
1052.716875 -22.4
1053.26375 -37.6
1053.810625 -58.4
1054.3575 -44.0
1054.904375 -43.2
1055.45125 -38.8
1055.998125 -38.4
1056.545 -18.4
1057.091875 -23.6
1057.63875 -11.6
1058.185625 14.0
1058.7325 17.6
1059.279375 21.2
1059.82625 25.6
1060.373125 15.2
1060.92 9.2
1061.466875 2.4
1062.01375 -3.2
1062.560625 -10.0
1063.1075 -28.0
1063.654375 -56.4
1064.20125 -35.6
1064.748125 -14.0
1065.295 -10.4
1065.841875 -13.6
1066.38875 -15.2
1066.935625 -16.4
1067.4825 -34.0
1068.029375 -14.0
1068.57625 -23.2
1069.123125 -12.8
1069.67 -36.4
1070.216875 -64.0
1070.76375 -88.8
1071.310625 -72.8
1071.8575 -44.4
1072.404375 -13.6
1072.95125 13.2
1073.498125 26.0
1074.045 45.6
1074.591875 45.6
1075.13875 30.8
1075.685625 70.8
1076.2325 80.8
1076.779375 84.0
1077.32625 47.2
1077.873125 34.4
1078.42 30.4
1078.966875 9.6
1079.51375 6.4
1080.060625 0.4
1080.6075 4.4
1081.154375 -4.8
1081.70125 -6.8
1082.248125 -18.0
1082.795 -5.2
1083.341875 -17.2
1083.88875 -52.0
1084.435625 -32.0
1084.9825 -47.6
1085.529375 -38.0
1086.07625 -8.0
1086.623125 -14.4
1087.17 6.0
1087.716875 9.2
1088.26375 14.0
1088.810625 35.6
1089.3575 66.0
1089.904375 70.4
1090.45125 76.8
1090.998125 66.8
1091.545 40.8
1092.091875 38.0
1092.63875 36.4
1093.185625 43.6
1093.7325 28.8
1094.279375 31.6
1094.82625 21.2
1095.373125 4.4
1095.92 -14.0
1096.466875 -3.6
1097.01375 -8.0
1097.560625 -16.0
1098.1075 3.2
1098.654375 1.2
1099.20125 26.4
1099.748125 21.2
1100.295 30.8
1100.841875 48.8
1101.38875 56.0
1101.935625 45.6
1102.4825 44.4
1103.029375 42.8
1103.57625 15.6
1104.123125 14.4
1104.67 -1.6
1105.216875 -26.4
1105.76375 -32.8
1106.310625 -58.4
1106.8575 -34.0
1107.404375 -26.4
1107.95125 -16.0
1108.498125 2.4
1109.045 14.4
1109.591875 15.6
1110.13875 15.2
1110.685625 40.8
1111.2325 50.8
1111.779375 57.2
1112.32625 30.0
1112.873125 14.8
1113.42 24.0
1113.966875 -5.6
1114.51375 -14.4
1115.060625 -20.0
1115.6075 -12.0
1116.154375 -9.6
1116.70125 -15.6
1117.248125 -16.4
1117.795 -23.2
1118.341875 -11.6
1118.88875 -50.0
1119.435625 -28.0
1119.9825 -34.8
1120.529375 -28.0
1121.07625 -19.6
1121.623125 -35.2
1122.17 -48.4
1122.716875 -76.0
1123.26375 -62.0
1123.810625 -78.8
1124.3575 -36.4
1124.904375 -42.0
1125.45125 -38.0
1125.998125 -32.8
1126.545 -37.2
1127.091875 -50.8
1127.63875 -28.4
1128.185625 13.6
1128.7325 23.6
1129.279375 54.8
1129.82625 26.8
1130.373125 33.6
1130.92 42.8
1131.466875 22.4
1132.01375 12.4
1132.560625 24.8
1133.1075 9.2
1133.654375 -0.8
1134.20125 -16.0
1134.748125 -39.6
1135.295 -14.4
1135.841875 7.2
1136.38875 6.8
1136.935625 16.8
1137.4825 1.6
1138.029375 9.2
1138.57625 6.0
1139.123125 -9.2
1139.67 -2.4
1140.216875 -2.0
1140.76375 -14.8
1141.310625 -50.0
1141.8575 -71.2
1142.404375 -70.4
1142.95125 -58.0
1143.498125 -58.0
1144.045 -53.2
1144.591875 -47.2
1145.13875 -39.6
1145.685625 -32.4
1146.2325 -26.0
1146.779375 -13.6
1147.32625 0.8
1147.873125 4.8
1148.42 4.0
1148.966875 -35.2
1149.51375 -30.8
1150.060625 -52.8
1150.6075 -59.6
1151.154375 -58.4
1151.70125 -71.2
1152.248125 -64.0
1152.795 -68.4
1153.341875 -72.0
1153.88875 -62.4
1154.435625 -23.6
1154.9825 -29.2
1155.529375 8.0
1156.07625 20.8
1156.623125 39.2
1157.17 50.8
1157.716875 22.8
1158.26375 33.6
1158.810625 48.0
1159.3575 42.0
1159.904375 45.6
1160.45125 46.8
1160.998125 31.6
1161.545 9.6
1162.091875 -10.4
1162.63875 -8.0
1163.185625 20.0
1163.7325 20.8
1164.279375 3.6
1164.82625 2.8
1165.373125 -5.2
1165.92 8.8
1166.466875 -2.0
1167.01375 2.8
1167.560625 24.4
1168.1075 27.6
1168.654375 20.8
1169.20125 26.0
1169.748125 36.8
1170.295 42.0
1170.841875 27.2
1171.38875 14.8
1171.935625 36.0
1172.4825 52.0
1173.029375 38.0
1173.57625 30.8
1174.123125 48.8
1174.67 41.2
1175.216875 29.2
1175.76375 32.4
1176.310625 37.2
1176.8575 54.0
1177.404375 60.4
1177.95125 48.8
1178.498125 54.0
1179.045 60.0
1179.591875 40.4
1180.13875 42.4
1180.685625 15.2
1181.2325 8.0
1181.779375 33.6
1182.32625 3.2
1182.873125 -3.2
1183.42 20.4
1183.966875 8.4
1184.51375 4.4
1185.060625 0.0
1185.6075 -6.8
1186.154375 7.2
1186.70125 23.6
1187.248125 24.8
1187.795 47.2
1188.341875 38.8
1188.88875 21.6
1189.435625 29.2
1189.9825 21.2
1190.529375 40.8
1191.07625 50.8
1191.623125 31.6
1192.17 3.6
1192.716875 -21.2
1193.26375 -50.0
1193.810625 -43.6
1194.3575 -48.8
1194.904375 -59.2
1195.45125 -83.6
1195.998125 -76.0
1196.545 -94.0
1197.091875 -70.4
1197.63875 -45.2
1198.185625 -55.2
1198.7325 -38.0
1199.279375 -36.4
1199.82625 -18.0
1200.373125 -14.0
1200.92 14.4
1201.466875 -14.8
1202.01375 -1.2
1202.560625 15.6
1203.1075 6.4
1203.654375 32.4
1204.20125 30.0
1204.748125 24.4
1205.295 -11.2
1205.841875 7.2
1206.38875 32.4
1206.935625 66.8
1207.4825 64.4
1208.029375 78.0
1208.57625 79.2
1209.123125 82.0
1209.67 75.2
1210.216875 83.6
1210.76375 108.8
1211.310625 100.8
1211.8575 52.4
1212.404375 27.6
1212.95125 15.6
1213.498125 2.4
1214.045 -3.6
1214.591875 -6.4
1215.13875 20.4
1215.685625 -10.8
1216.2325 -2.8
1216.779375 5.6
1217.32625 48.4
1217.873125 33.6
1218.42 52.8
1218.966875 43.6
1219.51375 29.2
1220.060625 44.0
1220.6075 27.6
1221.154375 64.4
1221.70125 56.4
1222.248125 41.2
1222.795 20.4
1223.341875 30.0
1223.88875 17.2
1224.435625 40.8
1224.9825 34.0
1225.529375 2.8
1226.07625 -9.6
1226.623125 -54.4
1227.17 -62.8
1227.716875 -77.6
1228.26375 -55.6
1228.810625 -46.4
1229.3575 -14.8
1229.904375 -26.4
1230.45125 -0.8
1230.998125 2.8
1231.545 -5.2
1232.091875 21.2
1232.63875 22.8
1233.185625 36.0
1233.7325 9.2
1234.279375 -3.2
1234.82625 -35.2
1235.373125 -24.8
1235.92 -25.6
1236.466875 -50.8
1237.01375 -30.0
1237.560625 -16.4
1238.1075 -3.6
1238.654375 -10.0
1239.20125 3.6
1239.748125 12.8
1240.295 2.8
1240.841875 -16.8
1241.38875 -29.6
1241.935625 14.0
1242.4825 7.2
1243.029375 4.8
1243.57625 -7.2
1244.123125 21.2
1244.67 27.6
1245.216875 35.6
1245.76375 58.8
1246.310625 72.4
1246.8575 80.0
1247.404375 61.2
1247.95125 64.0
1248.498125 52.8
1249.045 50.4
1249.591875 10.8
1250.13875 -22.4
1250.685625 -32.0
1251.2325 -44.8
1251.779375 -56.0
1252.32625 -45.2
1252.873125 -28.8
1253.42 -40.8
1253.966875 -58.0
1254.51375 -54.8
1255.060625 -37.6
1255.6075 -21.2
1256.154375 -35.6
1256.70125 -27.2
1257.248125 -23.2
1257.795 -38.4
1258.341875 -48.8
1258.88875 -20.0
1259.435625 -6.4
1259.9825 16.0
1260.529375 32.8
1261.07625 36.8
1261.623125 51.2
1262.17 47.6
1262.716875 48.0
1263.26375 68.4
1263.810625 65.6
1264.3575 62.0
1264.904375 68.4
1265.45125 52.8
1265.998125 36.0
1266.545 26.4
1267.091875 23.6
1267.63875 35.6
1268.185625 15.6
1268.7325 4.0
1269.279375 21.6
1269.82625 28.4
1270.373125 25.2
1270.92 9.6
1271.466875 -8.0
1272.01375 0.4
1272.560625 12.4
1273.1075 13.6
1273.654375 36.8
1274.20125 48.4
1274.748125 30.4
1275.295 13.6
1275.841875 23.2
1276.38875 16.8
1276.935625 30.0
1277.4825 32.8
1278.029375 26.0
1278.57625 27.2
1279.123125 23.6
1279.67 0.8
1280.216875 7.6
1280.76375 12.4
1281.310625 1.2
1281.8575 0.4
1282.404375 7.6
1282.95125 8.4
1283.498125 5.2
1284.045 5.2
1284.591875 -22.0
1285.13875 -1.2
1285.685625 -17.2
1286.2325 -14.4
1286.779375 12.8
1287.32625 37.2
1287.873125 34.8
1288.42 27.6
1288.966875 30.0
1289.51375 22.8
1290.060625 26.8
1290.6075 0.8
1291.154375 23.6
1291.70125 10.0
1292.248125 -17.2
1292.795 -49.2
1293.341875 -40.0
1293.88875 -38.0
1294.435625 -42.4
1294.9825 -28.4
1295.529375 -27.2
1296.07625 -6.8
1296.623125 -20.0
1297.17 -7.2
1297.716875 -3.2
1298.26375 38.4
1298.810625 24.8
1299.3575 27.2
1299.904375 27.6
1300.45125 14.8
1300.998125 38.0
1301.545 47.2
1302.091875 36.0
1302.63875 19.6
1303.185625 10.4
1303.7325 -4.4
1304.279375 9.6
1304.82625 2.8
1305.373125 -6.4
1305.92 2.8
1306.466875 8.0
1307.01375 18.4
1307.560625 46.0
1308.1075 43.6
1308.654375 50.0
1309.20125 42.8
1309.748125 27.6
1310.295 37.2
1310.841875 50.8
1311.38875 28.0
1311.935625 7.6
1312.4825 -15.2
1313.029375 -34.4
1313.57625 -0.4
1314.123125 -7.2
1314.67 1.6
1315.216875 34.8
1315.76375 28.4
1316.310625 24.0
1316.8575 41.6
1317.404375 60.8
1317.95125 37.2
1318.498125 24.8
1319.045 -3.2
1319.591875 -3.6
1320.13875 1.6
1320.685625 -32.4
1321.2325 -26.4
1321.779375 -24.4
1322.32625 -40.8
1322.873125 -52.8
1323.42 -27.2
1323.966875 -2.4
1324.51375 -11.2
1325.060625 -13.2
1325.6075 -27.6
1326.154375 -34.0
1326.70125 -26.0
1327.248125 -21.2
1327.795 -5.2
1328.341875 -8.0
1328.88875 3.6
1329.435625 11.6
1329.9825 20.0
1330.529375 44.0
1331.07625 53.2
1331.623125 79.2
1332.17 60.4
1332.716875 54.0
1333.26375 40.0
1333.810625 82.0
1334.3575 74.8
1334.904375 50.8
1335.45125 78.4
1335.998125 65.2
1336.545 76.0
1337.091875 63.2
1337.63875 58.0
1338.185625 45.6
1338.7325 51.2
1339.279375 8.4
1339.82625 -0.4
1340.373125 21.6
1340.92 -3.2
1341.466875 -22.4
1342.01375 -56.8
1342.560625 -45.2
1343.1075 -40.8
1343.654375 1.6
1344.20125 0.0
1344.748125 5.2
1345.295 -24.8
1345.841875 -48.8
1346.38875 -36.4
1346.935625 -27.6
1347.4825 -13.6
1348.029375 -13.2
1348.57625 6.0
1349.123125 -24.4
1349.67 -49.2
1350.216875 -61.2
1350.76375 -58.0
1351.310625 -43.6
1351.8575 -58.8
1352.404375 -60.4
1352.95125 -60.8
1353.498125 -59.6
1354.045 -74.0
1354.591875 -73.6
1355.13875 -31.6
1355.685625 -27.6
1356.2325 -22.0
1356.779375 -11.2
1357.32625 -3.2
1357.873125 26.8
1358.42 34.4
1358.966875 20.0
1359.51375 38.8
1360.060625 38.4
1360.6075 20.8
1361.154375 12.4
1361.70125 35.2
1362.248125 -3.2
1362.795 16.8
1363.341875 17.6
1363.88875 18.8
1364.435625 32.8
1364.9825 18.0
1365.529375 37.2
1366.07625 56.8
1366.623125 72.4
1367.17 73.2
1367.716875 88.8
1368.26375 107.2
1368.810625 108.8
1369.3575 87.2
1369.904375 72.4
1370.45125 73.2
1370.998125 72.8
1371.545 48.8
1372.091875 22.8
1372.63875 14.8
1373.185625 14.4
1373.7325 -20.8
1374.279375 -47.6
1374.82625 -35.6
1375.373125 -29.6
1375.92 -53.2
1376.466875 -72.8
1377.01375 -77.6
1377.560625 -51.2
1378.1075 -53.6
1378.654375 -58.0
1379.20125 -74.8
1379.748125 -70.4
1380.295 -74.4
1380.841875 -84.4
1381.38875 -53.6
1381.935625 -53.2
1382.4825 -50.0
1383.029375 -80.8
1383.57625 -64.0
1384.123125 -50.8
1384.67 -38.4
1385.216875 -42.4
1385.76375 -52.0
1386.310625 -46.4
1386.8575 -37.6
1387.404375 -24.8
1387.95125 -38.0
1388.498125 6.0
1389.045 16.8
1389.591875 25.6
1390.13875 23.6
1390.685625 11.6
1391.2325 42.8
1391.779375 26.0
1392.32625 -5.2
1392.873125 3.6
1393.42 -4.0
1393.966875 -23.2
1394.51375 -38.0
1395.060625 -58.4
1395.6075 -68.0
1396.154375 -57.2
1396.70125 -77.2
1397.248125 -90.4
1397.795 -64.0
1398.341875 -80.8
1398.88875 -79.6
1399.435625 -68.4
1399.9825 -60.8
1400.529375 -53.6
1401.07625 -29.2
1401.623125 -27.2
1402.17 -29.6
1402.716875 -6.0
1403.26375 -29.6
1403.810625 -34.4
1404.3575 -12.4
1404.904375 -17.2
1405.45125 -3.2
1405.998125 2.8
1406.545 12.8
1407.091875 36.0
1407.63875 86.0
1408.185625 113.2
1408.7325 150.4
1409.279375 154.8
1409.82625 166.4
1410.373125 178.8
1410.92 156.8
1411.466875 177.6
1412.01375 111.2
1412.560625 127.6
1413.1075 98.0
1413.654375 54.0
