299.67 2332
300.216875 2040
300.76375 2436
301.310625 3240
301.8575 2184
302.404375 2652
302.95125 1728
303.498125 1952
304.045 1648
304.591875 2012
305.13875 2656
305.685625 2172
306.2325 2652
306.779375 3236
307.32625 2676
307.873125 2732
308.42 3380
308.966875 2396
309.51375 2328
310.060625 1720
310.6075 2092
311.154375 2140
311.70125 2180
312.248125 2312
312.795 3660
313.341875 1796
313.88875 3888
314.435625 2000
314.9825 2896
315.529375 1408
316.07625 1504
316.623125 2484
317.17 1700
317.716875 2276
318.26375 2348
318.810625 2152
319.3575 1820
319.904375 1480
320.45125 1816
320.998125 2468
321.545 1576
322.091875 2312
322.63875 2160
323.185625 1736
323.7325 1688
324.279375 2888
324.82625 2116
325.373125 2428
325.92 1920
326.466875 2220
327.01375 2148
327.560625 3384
328.1075 1904
328.654375 2116
329.20125 1808
329.748125 1976
330.295 1744
330.841875 2216
331.38875 1620
331.935625 1652
332.4825 2648
333.029375 1652
333.57625 2248
334.123125 1788
334.67 2036
335.216875 2628
335.76375 1920
336.310625 2252
336.8575 1964
337.404375 1532
337.95125 2060
338.498125 2368
339.045 2692
339.591875 1572
340.13875 1928
340.685625 1768
341.2325 2276
341.779375 1832
342.32625 1392
342.873125 2900
343.42 2512
343.966875 1832
344.51375 2428
345.060625 2728
345.6075 2024
346.154375 2032
346.70125 2608
347.248125 2192
347.795 1368
348.341875 3432
348.88875 2152
349.435625 1864
349.9825 1672
350.529375 1828
351.07625 2040
351.623125 1920
352.17 1728
352.716875 1780
353.26375 2724
353.810625 1272
354.3575 1880
354.904375 1496
355.45125 2604
355.998125 2044
356.545 1456
357.091875 2724
357.63875 1532
358.185625 1708
358.7325 2144
359.279375 1864
359.82625 1912
360.373125 2076
360.92 1296
361.466875 2080
362.01375 2004
362.560625 2448
363.1075 1620
363.654375 1532
364.20125 2972
364.748125 2220
365.295 1704
365.841875 1712
366.38875 1368
366.935625 2080
367.4825 1672
368.029375 1492
368.57625 2068
369.123125 2216
369.67 2168
370.216875 1948
370.76375 1908
371.310625 1684
371.8575 1768
372.404375 1872
372.95125 3348
373.498125 2280
374.045 2260
374.591875 2024
375.13875 2292
375.685625 1892
376.2325 1700
376.779375 1940
377.32625 3232
377.873125 2196
378.42 2076
378.966875 2424
379.51375 1484
380.060625 1628
380.6075 2320
381.154375 2212
381.70125 1744
382.248125 2300
382.795 2216
383.341875 1892
383.88875 2296
384.435625 1928
384.9825 1984
385.529375 2652
386.07625 2336
386.623125 1904
387.17 1932
387.716875 1584
388.26375 1908
388.810625 3036
389.3575 1476
389.904375 1856
390.45125 1684
390.998125 1196
391.545 1812
392.091875 1764
392.63875 2476
393.185625 3004
393.7325 1820
394.279375 2512
394.82625 1284
395.373125 1884
395.92 1420
396.466875 3120
397.01375 2184
397.560625 1796
398.1075 1456
398.654375 1460
399.20125 1912
399.748125 2648
400.295 1980
400.841875 1484
401.38875 2212
401.935625 2948
402.4825 1852
403.029375 1764
403.57625 1940
404.123125 1788
404.67 2532
405.216875 2464
405.76375 2016
406.310625 1984
406.8575 1716
407.404375 2212
407.95125 1856
408.498125 3020
409.045 2100
409.591875 2308
410.13875 2080
410.685625 1408
411.2325 2016
411.779375 1644
412.32625 1636
412.873125 1692
413.42 1844
413.966875 2352
414.51375 1788
415.060625 2316
415.6075 2132
416.154375 1556
416.70125 2024
417.248125 2452
417.795 1756
418.341875 1948
418.88875 2380
419.435625 1168
419.9825 2496
420.529375 1804
421.07625 2136
421.623125 1796
422.17 2892
422.716875 1688
423.26375 1584
423.810625 2596
424.3575 2252
424.904375 1492
425.45125 2088
425.998125 1632
426.545 1756
427.091875 2096
427.63875 1548
428.185625 2428
428.7325 1936
429.279375 2000
429.82625 1536
430.373125 2816
430.92 1300
431.466875 3036
432.01375 2888
432.560625 2332
433.1075 1564
433.654375 1760
434.20125 1560
434.748125 1400
435.295 1672
435.841875 1516
436.38875 1800
436.935625 2292
437.4825 2400
438.029375 1804
438.57625 1864
439.123125 1544
439.67 2176
440.216875 1396
440.76375 1560
441.310625 1560
441.8575 2036
442.404375 2376
442.95125 1744
443.498125 1168
444.045 1672
444.591875 2608
445.13875 1928
445.685625 1440
446.2325 3424
446.779375 2444
447.32625 2544
447.873125 4700
448.42 1580
448.966875 3184
449.51375 1572
450.060625 1752
450.6075 1348
451.154375 1440
451.70125 1900
452.248125 1628
452.795 1268
453.341875 2456
453.88875 2408
454.435625 2284
454.9825 1732
455.529375 1700
456.07625 1452
456.623125 1268
457.17 1812
457.716875 1836
458.26375 1932
458.810625 1680
459.3575 2248
459.904375 2708
460.45125 1564
460.998125 1508
461.545 1548
462.091875 4392
462.63875 2140
463.185625 1800
463.7325 1928
464.279375 1840
464.82625 2312
465.373125 1404
465.92 1840
466.466875 1752
467.01375 1644
467.560625 1576
468.1075 2052
468.654375 1620
469.20125 1548
469.748125 1548
470.295 1852
470.841875 1656
471.38875 1324
471.935625 2048
472.4825 2488
473.029375 1912
473.57625 2180
474.123125 2244
474.67 1572
475.216875 2680
475.76375 2196
476.310625 2076
476.8575 2404
477.404375 2076
477.95125 1788
478.498125 1572
479.045 3900
479.591875 1924
480.13875 1992
480.685625 1836
481.2325 1944
481.779375 2256
482.32625 1892
482.873125 2172
483.42 1900
483.966875 1804
484.51375 1176
485.060625 1404
485.6075 1668
486.154375 1976
486.70125 1292
487.248125 2052
487.795 2948
488.341875 2256
488.88875 1824
489.435625 2056
489.9825 1716
490.529375 1812
491.07625 1800
491.623125 1536
492.17 1660
492.716875 1800
493.26375 2076
493.810625 1660
494.3575 1720
494.904375 1412
495.45125 1832
495.998125 1464
496.545 1860
497.091875 2136
497.63875 1760
498.185625 1704
498.7325 1160
499.279375 1892
499.82625 2412
500.373125 1824
500.92 2404
501.466875 2788
502.01375 1336
502.560625 2268
503.1075 1932
503.654375 2004
504.20125 1488
504.748125 1660
505.295 2000
505.841875 1876
506.38875 2364
506.935625 1636
507.4825 2104
508.029375 1360
508.57625 1544
509.123125 1928
509.67 2148
510.216875 2600
510.76375 1420
511.310625 1724
511.8575 1180
512.4043750000001 2284
512.9512500000001 1416
513.4981250000001 1188
514.0450000000001 2008
514.5918750000001 2004
515.1387500000001 1968
515.6856250000001 1732
516.2325000000001 1780
516.7793750000001 1464
517.3262500000001 1508
517.8731250000001 1744
518.4200000000001 1336
518.9668750000001 1948
519.5137500000001 2300
520.0606250000001 1884
520.6075000000001 2056
521.1543750000001 1620
521.7012500000001 1384
522.2481250000001 2152
522.7950000000001 1480
523.3418750000001 1708
523.8887500000001 1332
524.4356250000001 1060
524.9825000000001 2384
525.5293750000001 2024
526.0762500000001 1492
526.6231250000001 1752
527.1700000000001 1996
527.7168750000001 1580
528.2637500000001 1528
528.8106250000001 2072
529.3575000000001 1832
529.9043750000001 1648
530.4512500000001 1604
530.9981250000001 1588
531.5450000000001 2168
532.0918750000001 1928
532.6387500000001 1996
533.1856250000001 1588
533.7325000000001 1744
534.2793750000001 2220
534.8262500000001 1688
535.3731250000001 1644
535.9200000000001 1916
536.4668750000001 2644
537.0137500000001 1868
537.5606250000001 2216
538.1075000000001 1680
538.6543750000001 1564
539.2012500000001 2728
539.7481250000001 1676
540.2950000000001 1968
540.8418750000001 2012
541.3887500000001 1716
541.9356250000001 2208
542.4825000000001 1412
543.0293750000001 2376
543.5762500000001 2664
544.1231250000001 1712
544.6700000000001 1380
545.2168750000001 1996
545.7637500000001 1988
546.3106250000001 2092
546.8575000000001 2428
547.4043750000001 2048
547.9512500000001 1872
548.4981250000001 2012
549.0450000000001 1996
549.5918750000001 1560
550.1387500000001 1772
550.6856250000001 1476
551.2325000000001 2724
551.7793750000001 1996
552.3262500000001 2524
552.8731250000001 2516
553.4200000000001 1524
553.9668750000001 2232
554.5137500000001 1940
555.0606250000001 1516
555.6075000000001 2096
556.1543750000001 2300
556.7012500000001 1376
557.2481250000001 2524
557.7950000000001 1956
558.3418750000001 1644
558.8887500000001 1516
559.4356250000001 1844
559.9825000000001 1652
560.5293750000001 1340
561.0762500000001 3128
561.6231250000001 2580
562.1700000000001 2092
562.7168750000001 2888
563.2637500000001 1768
563.8106250000001 2156
564.3575000000001 1592
564.9043750000001 2648
565.4512500000001 2048
565.9981250000001 2292
566.5450000000001 1244
567.0918750000001 1980
567.6387500000001 1520
568.1856250000001 1656
568.7325000000001 1512
569.2793750000001 2756
569.8262500000001 1848
570.3731250000001 1824
570.9200000000001 1588
571.4668750000001 1768
572.0137500000001 1852
572.5606250000001 2236
573.1075000000001 2116
573.6543750000001 1388
574.2012500000001 1828
574.7481250000001 1688
575.2950000000001 2472
575.8418750000001 2004
576.3887500000001 1744
576.9356250000001 1468
577.4825000000001 2516
578.0293750000001 1748
578.5762500000001 1740
579.1231250000001 1168
579.6700000000001 1356
580.2168750000001 2124
580.7637500000001 1812
581.3106250000001 1484
581.8575000000001 2200
582.4043750000001 1540
582.9512500000001 1892
583.4981250000001 2420
584.0450000000001 1848
584.5918750000001 2180
585.1387500000001 2272
585.6856250000001 1764
586.2325000000001 1972
586.7793750000001 2228
587.3262500000001 2508
587.8731250000001 1840
588.4200000000001 1860
588.9668750000001 2024
589.5137500000001 1468
590.0606250000001 2056
590.6075000000001 1680
591.1543750000001 1764
591.7012500000001 1432
592.2481250000001 1796
592.7950000000001 1928
593.3418750000001 2096
593.8887500000001 2072
594.4356250000001 1288
594.9825000000001 3088
595.5293750000001 1740
596.0762500000001 1644
596.6231250000001 1664
597.1700000000001 2384
597.7168750000001 2360
598.2637500000001 1788
598.8106250000001 2500
599.3575000000001 1300
599.9043750000001 1396
600.4512500000001 1680
600.9981250000001 1468
601.5450000000001 2008
602.0918750000001 1492
602.6387500000001 2240
603.1856250000001 1872
603.7325000000001 1496
604.2793750000001 1928
604.8262500000001 1828
605.3731250000001 1096
605.9200000000001 1184
606.4668750000001 2216
607.0137500000001 1708
607.5606250000001 1856
608.1075000000001 2348
608.6543750000001 1884
609.2012500000001 1420
609.7481250000001 1956
610.2950000000001 1296
610.8418750000001 1788
611.3887500000001 1848
611.9356250000001 2056
612.4825000000001 1916
613.0293750000001 2088
613.5762500000001 1884
614.1231250000001 1708
614.6700000000001 3416
615.2168750000001 2228
615.7637500000001 1904
616.3106250000001 1864
616.8575000000001 1936
617.4043750000001 1628
617.9512500000001 2376
618.4981250000001 1900
619.0450000000001 2340
619.5918750000001 1616
620.1387500000001 1700
620.6856250000001 2452
621.2325000000001 1892
621.7793750000001 1748
622.3262500000001 2448
622.8731250000001 1804
623.4200000000001 3736
623.9668750000001 2020
624.5137500000001 1492
625.0606250000001 2184
625.6075000000001 1652
626.1543750000001 1696
626.7012500000001 1324
627.2481250000001 1488
627.7950000000001 1856
628.3418750000001 1944
628.8887500000001 1792
629.4356250000001 2956
629.9825000000001 1956
630.5293750000001 2468
631.0762500000001 1620
631.6231250000001 1740
632.1700000000001 2100
632.7168750000001 1456
633.2637500000001 2252
633.8106250000001 1568
634.3575000000001 1812
634.9043750000001 2104
635.4512500000001 1800
635.9981250000001 2172
636.5450000000001 2076
637.0918750000001 1436
637.6387500000001 1676
638.1856250000001 2532
638.7325000000001 2116
639.2793750000001 1716
639.8262500000001 2228
640.3731250000001 2296
640.9200000000001 1480
641.4668750000001 1804
642.0137500000001 2172
642.5606250000001 2008
643.1075000000001 1568
643.6543750000001 1172
644.2012500000001 2012
644.7481250000001 1876
645.2950000000001 1948
645.8418750000001 1772
646.3887500000001 1848
646.9356250000001 2220
647.4825000000001 1808
648.0293750000001 1320
648.5762500000001 1400
649.1231250000001 1728
649.6700000000001 1920
650.2168750000001 1952
650.7637500000001 1720
651.3106250000001 1836
651.8575000000001 1920
652.4043750000001 1568
652.9512500000001 1828
653.4981250000001 1116
654.0450000000001 1516
654.5918750000001 2276
655.1387500000001 2228
655.6856250000001 2828
656.2325000000001 2116
656.7793750000001 2144
657.3262500000001 2244
657.8731250000001 2192
658.4200000000001 2196
658.9668750000001 1792
659.5137500000001 1856
660.0606250000001 1736
660.6075000000001 1760
661.1543750000001 2092
661.7012500000001 2064
662.2481250000001 2192
662.7950000000001 2208
663.3418750000001 1420
663.8887500000001 1860
664.4356250000001 1508
664.9825000000001 1232
665.5293750000001 1048
666.0762500000001 1964
666.6231250000001 1976
667.1700000000001 2004
667.7168750000001 2352
668.2637500000001 2356
668.8106250000001 1604
669.3575000000001 2224
669.9043750000001 1676
670.4512500000001 2476
670.9981250000001 1576
671.5450000000001 1952
672.0918750000001 1860
672.6387500000001 2012
673.1856250000001 1888
673.7325000000001 2008
674.2793750000001 2568
674.8262500000001 2984
675.3731250000001 1452
675.9200000000001 2080
676.4668750000001 1568
677.0137500000001 2148
677.5606250000001 1608
678.1075000000001 1356
678.6543750000001 1532
679.2012500000001 1336
679.7481250000001 2352
680.2950000000001 1928
680.8418750000001 2004
681.3887500000001 1844
681.9356250000001 1704
682.4825000000001 2332
683.0293750000001 1816
683.5762500000001 1388
684.1231250000001 1956
684.6700000000001 2104
685.2168750000001 1604
685.7637500000001 2748
686.3106250000001 2132
686.8575000000001 1564
687.4043750000001 1844
687.9512500000001 1720
688.4981250000001 2272
689.0450000000001 2144
689.5918750000001 2024
690.1387500000001 1748
690.6856250000001 2824
691.2325000000001 1936
691.7793750000001 1688
692.3262500000001 1312
692.8731250000001 1824
693.4200000000001 1428
693.9668750000001 2288
694.5137500000001 1328
695.0606250000001 2052
695.6075000000001 1604
696.1543750000001 2592
696.7012500000001 1964
697.2481250000001 1780
697.7950000000001 2108
698.3418750000001 2284
698.8887500000001 1316
699.4356250000001 2224
699.9825000000001 1976
700.5293750000001 1580
701.0762500000001 2320
701.6231250000001 1948
702.1700000000001 1908
702.7168750000001 2204
703.2637500000001 1588
703.8106250000001 2104
704.3575000000001 2208
704.9043750000001 2420
705.4512500000001 2232
705.9981250000001 1884
706.5450000000001 1624
707.0918750000001 2068
707.6387500000001 1740
708.1856250000001 1504
708.7325000000001 1712
709.2793750000001 1832
709.8262500000001 3032
710.3731250000001 1672
710.9200000000001 1420
711.4668750000001 1832
712.0137500000001 2004
712.5606250000001 1552
713.1075000000001 1452
713.6543750000001 2296
714.2012500000001 1896
714.7481250000001 2100
715.2950000000001 1600
715.8418750000001 1988
716.3887500000001 2068
716.9356250000001 2104
717.4825000000001 2332
718.0293750000001 1824
718.5762500000001 2288
719.1231250000001 2780
719.6700000000001 2216
720.2168750000001 1980
720.7637500000001 1900
721.3106250000001 1832
721.8575000000001 1272
722.4043750000001 2692
722.9512500000001 2180
723.4981250000001 1496
724.0450000000001 2144
724.5918750000001 1728
725.1387500000001 2064
725.6856250000001 2500
726.2325000000001 1896
726.7793750000001 2076
727.3262500000001 1668
727.8731250000001 2004
728.4200000000001 1400
728.9668750000001 3984
729.5137500000001 1276
730.0606250000001 2360
730.6075000000001 2368
731.1543750000001 1620
731.7012500000001 1708
732.2481250000001 1828
732.7950000000001 2336
733.3418750000001 2476
733.8887500000001 2256
734.4356250000001 1336
734.9825000000001 1764
735.5293750000001 1844
736.0762500000001 1948
736.6231250000001 2276
737.1700000000001 1728
737.7168750000001 2560
738.2637500000001 2320
738.8106250000001 1848
739.3575000000001 3124
739.9043750000001 1872
740.4512500000001 1796
740.9981250000001 1516
741.5450000000001 1748
742.0918750000001 1368
742.6387500000001 2260
743.1856250000001 2032
743.7325000000001 1972
744.2793750000001 1896
744.8262500000001 2092
745.3731250000001 2424
745.9200000000001 3136
746.4668750000001 2012
747.0137500000001 2428
747.5606250000001 1380
748.1075000000001 1356
748.6543750000001 1864
749.2012500000001 2132
749.7481250000001 1988
750.2950000000001 1556
750.8418750000001 2056
751.3887500000001 1660
751.9356250000001 1908
752.4825000000001 1588
753.0293750000001 1584
753.5762500000001 1624
754.1231250000001 1340
754.6700000000001 1712
755.2168750000001 2772
755.7637500000001 1636
756.3106250000001 1096
756.8575000000001 2236
757.4043750000001 1828
757.9512500000001 1320
758.4981250000001 1500
759.0450000000001 2100
759.5918750000001 2188
760.1387500000001 2064
760.6856250000001 1320
761.2325000000001 3132
761.7793750000001 2004
762.3262500000001 2504
762.8731250000001 1916
763.4200000000001 1452
763.9668750000001 2124
764.5137500000001 1964
765.0606250000001 2008
765.6075000000001 1856
766.1543750000001 1832
766.7012500000001 2296
767.2481250000001 1604
767.7950000000001 2056
768.3418750000001 1572
768.8887500000001 2160
769.4356250000001 2208
769.9825000000001 1496
770.5293750000001 1572
771.0762500000001 2176
771.6231250000001 2176
772.1700000000001 1812
772.7168750000001 2136
773.2637500000001 2360
773.8106250000001 2072
774.3575000000001 1464
774.9043750000001 1392
775.4512500000001 2440
775.9981250000001 1736
776.5450000000001 1912
777.0918750000001 2084
777.6387500000001 1764
778.1856250000001 1796
778.7325000000001 2264
779.2793750000001 1768
779.8262500000001 2232
780.3731250000001 1948
780.9200000000001 2040
781.4668750000001 2400
782.0137500000001 1512
782.5606250000001 1692
783.1075000000001 1972
783.6543750000001 2188
784.2012500000001 2104
784.7481250000001 2176
785.2950000000001 1404
785.8418750000001 1968
786.3887500000001 1512
786.9356250000001 1652
787.4825000000001 1856
788.0293750000001 2120
788.5762500000001 2436
789.1231250000001 1920
789.6700000000001 1736
790.2168750000001 2012
790.7637500000001 1828
791.3106250000001 1688
791.8575000000001 1240
792.4043750000001 2292
792.9512500000001 1372
793.4981250000001 2088
794.0450000000001 2100
794.5918750000001 1972
795.1387500000001 1592
795.6856250000001 1928
796.2325000000001 2536
796.7793750000001 1708
797.3262500000001 1608
797.8731250000001 2252
798.4200000000001 1704
798.9668750000001 1604
799.5137500000001 1564
800.0606250000001 1912
800.6075000000001 1936
801.1543750000001 1324
801.7012500000001 2484
802.2481250000001 1500
802.7950000000001 2476
803.3418750000001 1928
803.8887500000001 1140
804.4356250000001 1788
804.9825000000001 2436
805.5293750000001 2536
806.0762500000001 1804
806.6231250000001 1556
807.1700000000001 2072
807.7168750000001 1764
808.2637500000001 2308
808.8106250000001 1992
809.3575000000001 1920
809.9043750000001 1692
810.4512500000001 1564
810.9981250000001 2140
811.5450000000001 1868
812.0918750000001 3736
812.6387500000001 1776
813.1856250000001 1660
813.7325000000001 3080
814.2793750000001 2160
814.8262500000001 2168
815.3731250000001 2468
815.9200000000001 1960
816.4668750000001 2204
817.0137500000001 2284
817.5606250000001 1600
818.1075000000001 2284
818.6543750000001 2188
819.2012500000001 2096
819.7481250000001 1536
820.2950000000001 2012
820.8418750000001 1504
821.3887500000001 2192
821.9356250000001 1500
822.4825000000001 1788
823.0293750000001 2184
823.5762500000001 2124
824.1231250000001 1608
824.6700000000001 1796
825.2168750000001 1628
825.7637500000001 1336
826.3106250000001 2704
826.8575000000001 1836
827.4043750000001 1712
827.9512500000001 1432
828.4981250000001 1608
829.0450000000001 2120
829.5918750000001 2140
830.1387500000001 1756
830.6856250000001 2508
831.2325000000001 2008
831.7793750000001 2156
832.3262500000001 2740
832.8731250000001 1912
833.4200000000001 1376
833.9668750000001 2140
834.5137500000001 2384
835.0606250000001 2292
835.6075000000001 1292
836.1543750000001 2188
836.7012500000001 2200
837.2481250000001 1576
837.7950000000001 1652
838.3418750000001 2776
838.8887500000001 1816
839.4356250000001 2492
839.9825000000001 2260
840.5293750000001 1732
841.0762500000001 1156
841.6231250000001 1780
842.1700000000001 1240
842.7168750000001 1716
843.2637500000001 1732
843.8106250000001 1640
844.3575000000001 1512
844.9043750000001 1904
845.4512500000001 2512
845.9981250000001 1928
846.5450000000001 1276
847.0918750000001 1436
847.6387500000001 2768
848.1856250000001 1748
848.7325000000001 2404
849.2793750000001 1856
849.8262500000001 1464
850.3731250000001 1144
850.9200000000001 2428
851.4668750000001 1332
852.0137500000001 1628
852.5606250000001 1776
853.1075000000001 2884
853.6543750000001 2000
854.2012500000001 1408
854.7481250000001 1884
855.2950000000001 1676
855.8418750000001 1864
856.3887500000001 1544
856.9356250000001 1776
857.4825000000001 1324
858.0293750000001 2088
858.5762500000001 1696
859.1231250000001 1864
859.6700000000001 2980
860.2168750000001 2272
860.7637500000001 1440
861.3106250000001 1752
861.8575000000001 1896
862.4043750000001 1428
862.9512500000001 2292
863.4981250000001 1656
864.0450000000001 2220
864.5918750000001 2300
865.1387500000001 1968
865.6856250000001 8460
866.2325000000001 1448
866.7793750000001 1616
867.3262500000001 1356
867.8731250000001 2136
868.4200000000001 1624
868.9668750000001 2256
869.5137500000001 1612
870.0606250000001 1916
870.6075000000001 1496
871.1543750000001 1764
871.7012500000001 1888
872.2481250000001 1492
872.7950000000001 1396
873.3418750000001 2548
873.8887500000001 2092
874.4356250000001 2336
874.9825000000001 2668
875.5293750000001 1704
876.0762500000001 1968
876.6231250000001 1436
877.1700000000001 1784
877.7168750000001 1472
878.2637500000001 2212
878.8106250000001 1824
879.3575000000001 1908
879.9043750000001 1632
880.4512500000001 2280
880.9981250000001 2680
881.5450000000001 1472
882.0918750000001 3036
882.6387500000001 1564
883.1856250000001 2400
883.7325000000001 1520
884.2793750000001 1584
884.8262500000001 2448
885.3731250000001 1484
885.9200000000001 1876
886.4668750000001 1888
887.0137500000001 2488
887.5606250000001 1676
888.1075000000001 1828
888.6543750000001 1948
889.2012500000001 1460
889.7481250000001 1648
890.2950000000001 1628
890.8418750000001 1740
891.3887500000001 2268
891.9356250000001 2588
892.4825000000001 1824
893.0293750000001 2192
893.5762500000001 1660
894.1231250000001 2440
894.6700000000001 1356
895.2168750000001 1852
895.7637500000001 2080
896.3106250000001 2448
896.8575000000001 1584
897.4043750000001 1772
897.9512500000001 2012
898.4981250000001 1724
899.0450000000001 2140
899.5918750000001 1160
900.1387500000001 2064
900.6856250000001 1272
901.2325000000001 2308
901.7793750000001 1872
902.3262500000001 1928
902.8731250000001 2000
903.4200000000001 2040
903.9668750000001 1636
904.5137500000001 1732
905.0606250000001 1908
905.6075000000001 2852
906.1543750000001 2136
906.7012500000001 1388
907.2481250000001 1308
907.7950000000001 3084
908.3418750000001 1844
908.8887500000001 1708
909.4356250000001 1496
909.9825000000001 1836
910.5293750000001 2412
911.0762500000001 2036
911.6231250000001 2072
912.1700000000001 2252
912.7168750000001 2068
913.2637500000001 1724
913.8106250000001 2308
914.3575000000001 1420
914.9043750000001 1804
915.4512500000001 2900
915.9981250000001 1336
916.5450000000001 2500
917.0918750000001 2164
917.6387500000001 1784
918.1856250000001 2528
918.7325000000001 2132
919.2793750000001 1660
919.8262500000001 2312
920.3731250000001 1732
920.9200000000001 1372
921.4668750000001 2128
922.0137500000001 2292
922.5606250000001 1636
923.1075000000001 2484
923.6543750000001 1936
924.2012500000001 1720
924.7481250000001 1720
925.2950000000001 1672
925.8418750000001 1604
926.3887500000001 2052
926.9356250000001 2308
927.4825000000001 1360
928.0293750000001 1820
928.5762500000001 1776
929.1231250000001 1980
929.6700000000001 1252
930.2168750000001 1624
930.7637500000001 2600
931.3106250000001 2796
931.8575000000001 1848
932.4043750000001 1368
932.9512500000001 1780
933.4981250000001 1884
934.0450000000001 2212
934.5918750000001 1352
935.1387500000001 1840
935.6856250000001 2572
936.2325000000001 1848
936.7793750000001 1716
937.3262500000001 1792
937.8731250000001 1836
938.4200000000001 1204
938.9668750000001 1624
939.5137500000001 1508
940.0606250000001 2128
940.6075000000001 2200
941.1543750000001 1704
941.7012500000001 1556
942.2481250000001 1836
942.7950000000001 1864
943.3418750000001 1884
943.8887500000001 3500
944.4356250000001 1356
944.9825000000001 1860
945.5293750000001 2024
946.0762500000001 1960
946.6231250000001 1948
947.1700000000001 1668
947.7168750000001 2908
948.2637500000001 1552
948.8106250000001 1624
949.3575000000001 1580
949.9043750000001 2108
950.4512500000001 1596
950.9981250000001 1480
951.5450000000001 1564
952.0918750000001 3668
952.6387500000001 1288
953.1856250000001 2212
953.7325000000001 2388
954.2793750000001 2080
954.8262500000001 2580
955.3731250000001 2108
955.9200000000001 1672
956.4668750000001 1356
957.0137500000001 1668
957.5606250000001 1204
958.1075000000001 1520
958.6543750000001 1960
959.2012500000001 1676
959.7481250000001 1876
960.2950000000001 2712
960.8418750000001 2168
961.3887500000001 1668
961.9356250000001 1692
962.4825000000001 2268
963.0293750000001 1772
963.5762500000001 1500
964.1231250000001 2384
964.6700000000001 1452
965.2168750000001 3336
965.7637500000001 1488
966.3106250000001 2472
966.8575000000001 1396
967.4043750000001 1660
967.9512500000001 1688
968.4981250000001 2096
969.0450000000001 2428
969.5918750000001 2436
970.1387500000001 2844
970.6856250000001 2352
971.2325000000001 1592
971.7793750000001 1900
972.3262500000001 1372
972.8731250000001 1944
973.4200000000001 1848
973.9668750000001 2796
974.5137500000001 1828
975.0606250000001 2012
975.6075000000001 2368
976.1543750000001 2196
976.7012500000001 2728
977.2481250000001 1660
977.7950000000001 1660
978.3418750000001 1708
978.8887500000001 1588
979.4356250000001 1880
979.9825000000001 2148
980.5293750000001 1600
981.0762500000001 1584
981.6231250000001 2136
982.1700000000001 1364
982.7168750000001 2248
983.2637500000001 2364
983.8106250000001 1596
984.3575000000001 1808
984.9043750000001 1764
985.4512500000001 1596
985.9981250000001 1656
986.5450000000001 1844
987.0918750000001 1876
987.6387500000001 1692
988.1856250000001 2308
988.7325000000001 1704
989.2793750000001 2328
989.8262500000001 2220
990.3731250000001 1508
990.9200000000001 1468
991.4668750000001 2508
992.0137500000001 1844
992.5606250000001 1812
993.1075000000001 2464
993.6543750000001 1936
994.2012500000001 1528
994.7481250000001 2388
995.2950000000001 1612
995.8418750000001 2384
996.3887500000001 1488
996.9356250000001 1936
997.4825000000001 1844
998.0293750000001 1984
998.5762500000001 1728
999.1231250000001 1508
999.6700000000001 1668
1000.2168750000001 2120
1000.7637500000001 1896
1001.3106250000001 1876
1001.8575000000001 1872
1002.4043750000001 2744
1002.9512500000001 1960
1003.4981250000001 1796
1004.0450000000001 1412
1004.5918750000001 2804
1005.1387500000001 2360
1005.6856250000001 1416
1006.2325000000001 1652
1006.7793750000001 1528
1007.3262500000001 2748
1007.8731250000001 1712
1008.4200000000001 1576
1008.9668750000001 2676
1009.5137500000001 1796
1010.0606250000001 1700
1010.6075000000001 1876
1011.1543750000001 1988
1011.7012500000001 2592
1012.2481250000001 1812
1012.7950000000001 1520
1013.3418750000001 1532
1013.8887500000001 2296
1014.4356250000001 1832
1014.9825000000001 1860
1015.5293750000001 2224
1016.0762500000001 2392
1016.6231250000001 2380
1017.1700000000001 1776
1017.7168750000001 2312
1018.2637500000001 2156
1018.8106250000001 1964
1019.3575000000001 1424
1019.9043750000001 2400
1020.4512500000001 1688
1020.9981250000001 1880
1021.5450000000001 1432
1022.0918750000001 2152
1022.6387500000001 2052
1023.1856250000001 1604
1023.7325000000001 2108
1024.279375 2184
1024.82625 1496
1025.373125 2692
1025.92 1772
1026.466875 1528
1027.01375 1732
1027.560625 2064
1028.1075 1536
1028.654375 1616
1029.20125 1260
1029.748125 1888
1030.295 1504
1030.841875 1668
1031.38875 1364
1031.935625 1724
1032.4825 1896
1033.029375 2320
1033.57625 1656
1034.123125 2004
1034.67 2380
1035.216875 2028
1035.76375 2832
1036.310625 2220
1036.8575 2228
1037.404375 2532
1037.95125 2360
1038.498125 2552
1039.045 2508
1039.591875 1652
1040.13875 1968
1040.685625 2148
1041.2325 3244
1041.779375 1928
1042.32625 1992
1042.873125 1916
1043.42 1976
1043.966875 1728
1044.51375 2008
1045.060625 2052
1045.6075 1652
1046.154375 2136
1046.70125 2308
1047.248125 1840
1047.795 1512
1048.341875 2188
1048.88875 1620
1049.435625 1764
1049.9825 1824
1050.529375 1440
1051.07625 2136
1051.623125 2600
1052.17 1116
1052.716875 1768
1053.26375 1440
1053.810625 3196
1054.3575 1844
1054.904375 1804
1055.45125 2136
1055.998125 1952
1056.545 2060
1057.091875 1528
1057.63875 1720
1058.185625 2000
1058.7325 2356
1059.279375 1944
1059.82625 1596
1060.373125 2448
1060.92 1900
1061.466875 2052
1062.01375 1552
1062.560625 3008
1063.1075 2908
1063.654375 1996
1064.20125 2120
1064.748125 1496
1065.295 1900
1065.841875 2068
1066.38875 2116
1066.935625 1736
1067.4825 2108
1068.029375 2076
1068.57625 1948
1069.123125 2144
1069.67 2448
1070.216875 1132
1070.76375 2208
1071.310625 2536
1071.8575 2672
1072.404375 2044
1072.95125 1820
1073.498125 2760
1074.045 2064
1074.591875 2072
1075.13875 1980
1075.685625 3212
1076.2325 1488
1076.779375 2464
1077.32625 2576
1077.873125 2192
1078.42 1832
1078.966875 1672
1079.51375 2512
1080.060625 1856
1080.6075 1388
1081.154375 1720
1081.70125 1372
1082.248125 2724
1082.795 2616
1083.341875 1388
1083.88875 2480
1084.435625 2744
1084.9825 1660
1085.529375 1892
1086.07625 2116
1086.623125 1800
1087.17 2048
1087.716875 1432
1088.26375 1536
1088.810625 2436
1089.3575 2396
1089.904375 2392
1090.45125 1788
1090.998125 1488
1091.545 1696
1092.091875 1332
1092.63875 2900
1093.185625 2132
1093.7325 1268
1094.279375 2364
1094.82625 1976
1095.373125 1652
1095.92 2264
1096.466875 1816
1097.01375 1568
1097.560625 1772
1098.1075 2268
1098.654375 1344
1099.20125 1716
1099.748125 1560
1100.295 2044
1100.841875 1936
1101.38875 2164
1101.935625 2164
1102.4825 1888
1103.029375 2300
1103.57625 1628
1104.123125 1644
1104.67 2180
1105.216875 2340
1105.76375 1928
1106.310625 1708
1106.8575 2292
1107.404375 1852
1107.95125 2264
1108.498125 2100
1109.045 2168
1109.591875 2716
1110.13875 1884
1110.685625 1980
1111.2325 2052
1111.779375 2840
1112.32625 1660
1112.873125 2152
1113.42 2356
1113.966875 2292
1114.51375 1676
1115.060625 1972
1115.6075 1564
1116.154375 1836
1116.70125 2140
1117.248125 3988
1117.795 1928
1118.341875 1708
1118.88875 1320
1119.435625 1936
1119.9825 2916
1120.529375 1624
1121.07625 1340
1121.623125 1572
1122.17 2416
1122.716875 1796
1123.26375 1972
1123.810625 2884
1124.3575 1996
1124.904375 1720
1125.45125 1396
1125.998125 2136
1126.545 1356
1127.091875 1752
1127.63875 1932
1128.185625 1964
1128.7325 2400
1129.279375 2452
1129.82625 2036
1130.373125 1708
1130.92 2968
1131.466875 2780
1132.01375 2376
1132.560625 1840
1133.1075 2404
1133.654375 2428
1134.20125 2080
1134.748125 2060
1135.295 2600
1135.841875 1636
1136.38875 1360
1136.935625 1944
1137.4825 1668
1138.029375 2876
1138.57625 2088
1139.123125 1728
1139.67 1696
1140.216875 1752
1140.76375 1788
1141.310625 2036
1141.8575 1864
1142.404375 2108
1142.95125 1784
1143.498125 1752
1144.045 2328
1144.591875 2420
1145.13875 1904
1145.685625 2556
1146.2325 2148
1146.779375 1748
1147.32625 2656
1147.873125 2296
1148.42 2536
1148.966875 1516
1149.51375 2300
1150.060625 2440
1150.6075 2436
1151.154375 1728
1151.70125 1536
1152.248125 1608
1152.795 1308
1153.341875 2076
1153.88875 2448
1154.435625 2496
1154.9825 1936
1155.529375 2332
1156.07625 1880
1156.623125 1392
1157.17 1848
1157.716875 1876
1158.26375 1508
1158.810625 1560
1159.3575 2216
1159.904375 2040
1160.45125 1992
1160.998125 1856
1161.545 2028
1162.091875 1612
1162.63875 2736
1163.185625 2028
1163.7325 3120
1164.279375 1720
1164.82625 1816
1165.373125 1992
1165.92 1644
1166.466875 2484
1167.01375 1564
1167.560625 1816
1168.1075 2108
1168.654375 2736
1169.20125 1616
1169.748125 1984
1170.295 1560
1170.841875 1512
1171.38875 1748
1171.935625 1508
1172.4825 2532
1173.029375 1708
1173.57625 1744
1174.123125 2604
1174.67 2476
1175.216875 2720
1175.76375 1820
1176.310625 2524
1176.8575 1912
1177.404375 2300
1177.95125 2756
1178.498125 1964
1179.045 1936
1179.591875 1744
1180.13875 1876
1180.685625 2984
1181.2325 1416
1181.779375 2508
1182.32625 1512
1182.873125 1816
1183.42 1712
1183.966875 1768
1184.51375 2176
1185.060625 1608
1185.6075 2064
1186.154375 2000
1186.70125 1396
1187.248125 2408
1187.795 1472
1188.341875 2412
1188.88875 1768
1189.435625 1832
1189.9825 1936
1190.529375 2136
1191.07625 1796
1191.623125 2640
1192.17 1896
1192.716875 1628
1193.26375 2028
1193.810625 1704
1194.3575 1240
1194.904375 2288
1195.45125 2132
1195.998125 2252
1196.545 1764
1197.091875 1468
1197.63875 1604
1198.185625 1956
1198.7325 2300
1199.279375 1420
1199.82625 2676
1200.373125 2364
1200.92 2488
1201.466875 1944
1202.01375 2268
1202.560625 1564
1203.1075 1784
1203.654375 1972
1204.20125 1500
1204.748125 1888
1205.295 1848
1205.841875 1948
1206.38875 2212
1206.935625 1812
1207.4825 2220
1208.029375 1892
1208.57625 1596
1209.123125 1216
1209.67 1992
1210.216875 2556
1210.76375 2136
1211.310625 2936
1211.8575 1980
1212.404375 1640
1212.95125 2156
1213.498125 1420
1214.045 1788
1214.591875 1648
1215.13875 2188
1215.685625 2180
1216.2325 1816
1216.779375 2224
1217.32625 2588
1217.873125 2156
1218.42 2496
1218.966875 2348
1219.51375 1564
1220.060625 2076
1220.6075 1948
1221.154375 1548
1221.70125 2032
1222.248125 1700
1222.795 2088
1223.341875 1780
1223.88875 2256
1224.435625 2352
1224.9825 2160
1225.529375 2608
1226.07625 1808
1226.623125 2088
1227.17 2436
1227.716875 2292
1228.26375 2364
1228.810625 2324
1229.3575 2240
1229.904375 2916
1230.45125 2180
1230.998125 2032
1231.545 2532
1232.091875 1788
1232.63875 1856
1233.185625 1996
1233.7325 3248
1234.279375 2340
1234.82625 1720
1235.373125 1920
1235.92 2132
1236.466875 2444
1237.01375 1484
1237.560625 1884
1238.1075 2020
1238.654375 2188
1239.20125 2248
1239.748125 2080
1240.295 1728
1240.841875 1596
1241.38875 1948
1241.935625 1664
1242.4825 2340
1243.029375 2184
1243.57625 1444
1244.123125 1812
1244.67 2968
1245.216875 1876
1245.76375 2344
1246.310625 2488
1246.8575 1992
1247.404375 1796
1247.95125 2532
1248.498125 2876
1249.045 2612
1249.591875 1876
1250.13875 1728
1250.685625 1904
1251.2325 2096
1251.779375 2464
1252.32625 1996
1252.873125 2632
1253.42 2188
1253.966875 1616
1254.51375 1932
1255.060625 2332
1255.6075 1384
1256.154375 1728
1256.70125 1428
1257.248125 1828
1257.795 2340
1258.341875 2852
1258.88875 2460
1259.435625 2092
1259.9825 1804
1260.529375 2636
1261.07625 2300
1261.623125 2344
1262.17 2248
1262.716875 1688
1263.26375 2496
1263.810625 3112
1264.3575 2888
1264.904375 1700
1265.45125 1632
1265.998125 1760
1266.545 1776
1267.091875 2140
1267.63875 2436
1268.185625 1860
1268.7325 2308
1269.279375 3172
1269.82625 2600
1270.373125 1872
1270.92 1668
1271.466875 2588
1272.01375 1912
1272.560625 1892
1273.1075 1868
1273.654375 1728
1274.20125 2292
1274.748125 1712
1275.295 1956
1275.841875 1816
1276.38875 2592
1276.935625 2236
1277.4825 1564
1278.029375 2268
1278.57625 2520
1279.123125 2156
1279.67 2064
1280.216875 1500
1280.76375 1956
1281.310625 1804
1281.8575 2012
1282.404375 1872
1282.95125 2060
1283.498125 1940
1284.045 2056
1284.591875 2240
1285.13875 1988
1285.685625 1792
1286.2325 1900
1286.779375 1656
1287.32625 2240
1287.873125 1804
1288.42 2000
1288.966875 1768
1289.51375 3008
1290.060625 1360
1290.6075 3148
1291.154375 2344
1291.70125 2608
1292.248125 1948
1292.795 1812
1293.341875 2740
1293.88875 2504
1294.435625 2052
1294.9825 2192
1295.529375 1880
1296.07625 1708
1296.623125 1944
1297.17 2272
1297.716875 3204
1298.26375 2672
1298.810625 2144
1299.3575 2996
1299.904375 1980
1300.45125 1772
1300.998125 2164
1301.545 2668
1302.091875 1844
1302.63875 2184
1303.185625 1996
1303.7325 1916
1304.279375 2184
1304.82625 2556
1305.373125 2352
1305.92 2464
1306.466875 2576
1307.01375 2332
1307.560625 1784
1308.1075 3152
1308.654375 2284
1309.20125 2360
1309.748125 2500
1310.295 1736
1310.841875 2108
1311.38875 2512
1311.935625 2904
1312.4825 1944
1313.029375 2104
1313.57625 2448
1314.123125 2424
1314.67 2516
1315.216875 2064
1315.76375 1628
1316.310625 1852
1316.8575 1816
1317.404375 2656
1317.95125 2460
1318.498125 1880
1319.045 2576
1319.591875 2232
1320.13875 1920
1320.685625 1932
1321.2325 2812
1321.779375 2312
1322.32625 2016
1322.873125 1912
1323.42 2380
1323.966875 1920
1324.51375 1824
1325.060625 2280
1325.6075 2008
1326.154375 2296
1326.70125 2564
1327.248125 1972
1327.795 2628
1328.341875 2044
1328.88875 2012
1329.435625 2180
1329.9825 2340
1330.529375 2316
1331.07625 1980
1331.623125 2924
1332.17 1636
1332.716875 1664
1333.26375 1704
1333.810625 2376
1334.3575 2600
1334.904375 2432
1335.45125 2012
1335.998125 2920
1336.545 2448
1337.091875 1904
1337.63875 2260
1338.185625 2072
1338.7325 2044
1339.279375 2384
1339.82625 2156
1340.373125 1656
1340.92 2616
1341.466875 1884
1342.01375 2236
1342.560625 2524
1343.1075 2480
1343.654375 2184
1344.20125 2144
1344.748125 2544
1345.295 2908
1345.841875 2064
1346.38875 2232
1346.935625 1748
1347.4825 2484
1348.029375 2276
1348.57625 2172
1349.123125 2092
1349.67 2504
1350.216875 2604
1350.76375 2052
1351.310625 2244
1351.8575 2016
1352.404375 2692
1352.95125 2112
1353.498125 1968
1354.045 3268
1354.591875 2452
1355.13875 2240
1355.685625 2392
1356.2325 1964
1356.779375 2500
1357.32625 2660
1357.873125 2572
1358.42 2132
1358.966875 2820
1359.51375 2356
1360.060625 2512
1360.6075 3148
1361.154375 2452
1361.70125 2524
1362.248125 2060
1362.795 3440
1363.341875 2804
1363.88875 2344
1364.435625 2636
1364.9825 3056
1365.529375 2360
1366.07625 3572
1366.623125 2552
1367.17 2856
1367.716875 2284
1368.26375 2208
1368.810625 2344
1369.3575 2956
1369.904375 2680
1370.45125 2312
1370.998125 2460
1371.545 2760
1372.091875 4108
1372.63875 2724
1373.185625 3600
1373.7325 2560
1374.279375 2248
1374.82625 2716
1375.373125 2960
1375.92 2952
1376.466875 2660
1377.01375 2512
1377.560625 2680
1378.1075 3036
1378.654375 2696
1379.20125 2528
1379.748125 2484
1380.295 2772
1380.841875 3044
1381.38875 2504
1381.935625 2628
1382.4825 3076
1383.029375 2300
1383.57625 2852
1384.123125 2476
1384.67 2740
1385.216875 2712
1385.76375 2536
1386.310625 2908
1386.8575 3216
1387.404375 3044
1387.95125 3276
1388.498125 2628
1389.045 3084
1389.591875 3008
1390.13875 3208
1390.685625 2644
1391.2325 3764
1391.779375 3012
1392.32625 3404
1392.873125 3500
1393.42 3252
1393.966875 3564
1394.51375 3076
1395.060625 4828
1395.6075 3720
1396.154375 2956
1396.70125 3116
1397.248125 3448
1397.795 3740
1398.341875 2712
1398.88875 3436
1399.435625 3516
1399.9825 3608
1400.529375 2996
1401.07625 3488
1401.623125 3940
1402.17 3364
1402.716875 3436
1403.26375 4288
1403.810625 3244
1404.3575 3556
1404.904375 3668
1405.45125 3740
1405.998125 3688
1406.545 3776
1407.091875 3508
1407.63875 3696
1408.185625 4676
1408.7325 4092
1409.279375 4468
1409.82625 3388
1410.373125 4060
1410.92 4528
1411.466875 4348
1412.01375 3460
1412.560625 4444
1413.1075 4796
1413.654375 4060
1414.20125 5184
1414.748125 4384
1415.295 4444
1415.841875 5516
1416.38875 4500
1416.935625 5916
1417.4825 5588
1418.029375 5308
1418.57625 5948
1419.123125 5428
