299.67 20.8
300.216875 34.4
300.76375 24.4
301.310625 36.8
301.8575 20.8
302.404375 35.2
302.95125 30.4
303.498125 25.2
304.045 9.6
304.591875 -16.0
305.13875 -35.6
305.685625 -38.4
306.2325 -28.4
306.779375 -49.6
307.32625 -41.6
307.873125 -58.4
308.42 -30.0
308.966875 -8.0
309.51375 20.8
310.060625 37.6
310.6075 47.6
311.154375 54.4
311.70125 45.6
312.248125 47.2
312.795 56.8
313.341875 49.6
313.88875 32.8
314.435625 20.8
314.9825 12.0
315.529375 10.4
316.07625 8.0
316.623125 -3.6
317.17 1.6
317.716875 4.0
318.26375 22.0
318.810625 13.2
319.3575 4.0
319.904375 16.4
320.45125 -8.4
320.998125 -4.8
321.545 -8.4
322.091875 2.8
322.63875 -13.2
323.185625 0.0
323.7325 -14.4
324.279375 -3.6
324.82625 -2.0
325.373125 -4.8
325.92 12.0
326.466875 7.6
327.01375 28.0
327.560625 12.4
328.1075 20.4
328.654375 8.0
329.20125 -3.6
329.748125 -10.8
330.295 -7.2
330.841875 -0.4
331.38875 -1.2
331.935625 1.2
332.4825 -16.4
333.029375 -22.8
333.57625 16.4
334.123125 25.2
334.67 35.2
335.216875 35.6
335.76375 42.0
336.310625 26.0
336.8575 41.2
337.404375 42.4
337.95125 48.0
338.498125 44.8
339.045 5.6
339.591875 -23.6
340.13875 -38.4
340.685625 -35.6
341.2325 -39.6
341.779375 -43.6
342.32625 -56.4
342.873125 -33.2
343.42 -32.8
343.966875 -30.8
344.51375 -23.2
345.060625 2.8
345.6075 -4.0
346.154375 -14.4
346.70125 -14.8
347.248125 -23.2
347.795 -22.4
348.341875 -52.8
348.88875 -54.4
349.435625 -38.8
349.9825 -47.2
350.529375 -61.2
351.07625 -36.0
351.623125 -27.2
352.17 3.6
352.716875 18.4
353.26375 22.0
353.810625 16.4
354.3575 3.6
354.904375 -3.2
355.45125 -6.8
355.998125 2.0
356.545 -16.8
357.091875 -37.2
357.63875 -65.2
358.185625 -67.6
358.7325 -78.0
359.279375 -68.8
359.82625 -62.0
360.373125 -50.0
360.92 -41.6
361.466875 -33.2
362.01375 -29.2
362.560625 -4.4
363.1075 -16.0
363.654375 -16.0
364.20125 -26.8
364.748125 -31.2
365.295 -23.2
365.841875 -41.6
366.38875 -34.8
366.935625 -34.8
367.4825 -14.8
368.029375 -20.4
368.57625 -6.4
369.123125 -3.6
369.67 12.0
370.216875 47.2
370.76375 33.6
371.310625 40.4
371.8575 46.0
372.404375 20.0
372.95125 -2.0
373.498125 -7.6
374.045 4.0
374.591875 14.8
375.13875 26.8
375.685625 30.8
376.2325 40.0
376.779375 38.0
377.32625 28.8
377.873125 48.8
378.42 54.8
378.966875 72.8
379.51375 62.0
380.060625 52.8
380.6075 43.2
381.154375 20.4
381.70125 11.6
382.248125 6.8
382.795 10.0
383.341875 12.8
383.88875 9.6
384.435625 4.0
384.9825 -8.4
385.529375 8.4
386.07625 0.8
386.623125 -1.2
387.17 5.2
387.716875 1.6
388.26375 25.2
388.810625 12.8
389.3575 12.8
389.904375 -1.6
390.45125 -2.4
390.998125 -7.2
391.545 -12.0
392.091875 -15.2
392.63875 -18.4
393.185625 12.8
393.7325 -7.6
394.279375 1.2
394.82625 14.0
395.373125 23.6
395.92 34.8
396.466875 40.8
397.01375 36.4
397.560625 50.0
398.1075 57.2
398.654375 29.6
399.20125 24.0
399.748125 39.2
400.295 31.2
400.841875 42.4
401.38875 54.8
401.935625 35.6
402.4825 43.6
403.029375 34.8
403.57625 35.6
404.123125 51.6
404.67 32.8
405.216875 27.2
405.76375 26.4
406.310625 0.4
406.8575 -20.4
407.404375 -23.2
407.95125 -16.4
408.498125 -13.2
409.045 -26.0
409.591875 -37.6
410.13875 -24.4
410.685625 -38.8
411.2325 -36.4
411.779375 -37.2
412.32625 -47.6
412.873125 -32.8
413.42 -30.0
413.966875 -34.8
414.51375 -11.2
415.060625 -25.6
415.6075 -24.0
416.154375 -18.4
416.70125 -9.2
417.248125 2.0
417.795 13.2
418.341875 4.0
418.88875 -4.8
419.435625 -16.0
419.9825 -24.4
420.529375 -6.4
421.07625 0.0
421.623125 19.6
422.17 1.6
422.716875 2.4
423.26375 8.0
423.810625 7.2
424.3575 9.2
424.904375 28.4
425.45125 0.4
425.998125 -0.4
426.545 -0.4
427.091875 -21.2
427.63875 -20.0
428.185625 -8.8
428.7325 -10.4
429.279375 -12.0
429.82625 0.4
430.373125 8.4
430.92 26.8
431.466875 22.8
432.01375 14.4
432.560625 18.0
433.1075 27.2
433.654375 22.4
434.20125 23.2
434.748125 43.2
435.295 40.4
435.841875 40.8
436.38875 48.0
436.935625 48.4
437.4825 72.4
438.029375 66.0
438.57625 87.6
439.123125 76.4
439.67 53.6
440.216875 33.6
440.76375 33.2
441.310625 10.4
441.8575 2.0
442.404375 -14.8
442.95125 -26.8
443.498125 -9.6
444.045 -33.6
444.591875 -29.6
445.13875 -17.6
445.685625 -11.2
446.2325 -0.8
446.779375 9.6
447.32625 18.8
447.873125 23.6
448.42 5.2
448.966875 -6.0
449.51375 -14.4
450.060625 -16.8
450.6075 -26.4
451.154375 -37.6
451.70125 -43.2
452.248125 -57.6
452.795 -48.8
453.341875 -41.2
453.88875 -32.0
454.435625 -39.6
454.9825 -32.4
455.529375 -22.4
456.07625 -0.8
456.623125 2.8
457.17 -15.6
457.716875 2.0
458.26375 -7.6
458.810625 11.6
459.3575 12.8
459.904375 2.0
460.45125 14.8
460.998125 5.6
461.545 -5.6
462.091875 3.2
462.63875 26.8
463.185625 30.8
463.7325 25.2
464.279375 33.2
464.82625 61.6
465.373125 113.6
465.92 135.6
466.466875 176.8
467.01375 215.6
467.560625 224.0
468.1075 215.6
468.654375 203.6
469.20125 196.8
469.748125 202.8
470.295 147.6
470.841875 126.4
471.38875 76.4
471.935625 41.2
472.4825 2.4
473.029375 -12.0
473.57625 -28.0
474.123125 -32.0
474.67 -25.6
475.216875 -56.0
475.76375 -7.2
476.310625 -32.4
476.8575 -28.8
477.404375 -32.8
477.95125 -42.0
478.498125 -35.2
479.045 -34.4
479.591875 -27.2
480.13875 -30.4
480.685625 -32.4
481.2325 -59.2
481.779375 -52.4
482.32625 -57.6
482.873125 -57.6
483.42 -55.6
483.966875 -76.0
484.51375 -66.8
485.060625 -92.4
485.6075 -97.6
486.154375 -99.6
486.70125 -94.0
487.248125 -91.6
487.795 -80.4
488.341875 -74.8
488.88875 -69.2
489.435625 -49.2
489.9825 -47.2
490.529375 -21.6
491.07625 -4.8
491.623125 6.0
492.17 9.2
492.716875 32.4
493.26375 49.2
493.810625 47.6
494.3575 54.0
494.904375 46.0
495.45125 56.0
495.998125 64.0
496.545 63.6
497.091875 64.4
497.63875 54.0
498.185625 23.2
498.7325 14.4
499.279375 15.6
499.82625 18.0
500.373125 6.4
500.92 -5.6
501.466875 -10.8
502.01375 -9.6
502.560625 -10.4
503.1075 -8.8
503.654375 8.4
504.20125 1.6
504.748125 -3.6
505.295 -2.0
505.841875 11.6
506.38875 14.8
506.935625 13.2
507.4825 11.6
508.029375 -12.4
508.57625 9.6
509.123125 -4.8
509.67 8.4
510.216875 -1.6
510.76375 -9.6
511.310625 -15.6
511.8575 -10.8
512.4043750000001 -10.0
512.9512500000001 -2.8
513.4981250000001 29.6
514.0450000000001 10.4
514.5918750000001 31.2
515.1387500000001 23.2
515.6856250000001 40.0
516.2325000000001 38.0
516.7793750000001 40.8
517.3262500000001 24.8
517.8731250000001 26.8
518.4200000000001 9.2
518.9668750000001 -8.4
519.5137500000001 12.8
520.0606250000001 -8.0
520.6075000000001 -13.2
521.1543750000001 -37.2
521.7012500000001 -34.0
522.2481250000001 -32.0
522.7950000000001 -23.2
523.3418750000001 -22.0
523.8887500000001 -28.0
524.4356250000001 -16.8
524.9825000000001 -46.4
525.5293750000001 -38.4
526.0762500000001 -30.0
526.6231250000001 -26.8
527.1700000000001 -34.4
527.7168750000001 -33.2
528.2637500000001 -24.8
528.8106250000001 -41.2
529.3575000000001 -31.6
529.9043750000001 -36.4
530.4512500000001 -24.8
530.9981250000001 -20.8
531.5450000000001 -28.4
532.0918750000001 -18.0
532.6387500000001 8.4
533.1856250000001 13.6
533.7325000000001 7.2
534.2793750000001 4.8
534.8262500000001 2.4
535.3731250000001 -5.2
535.9200000000001 -3.6
536.4668750000001 -17.6
537.0137500000001 -5.6
537.5606250000001 3.2
538.1075000000001 -4.0
538.6543750000001 -15.6
539.2012500000001 -17.2
539.7481250000001 -16.4
540.2950000000001 -23.6
540.8418750000001 6.0
541.3887500000001 4.4
541.9356250000001 14.0
542.4825000000001 -5.2
543.0293750000001 3.6
543.5762500000001 -1.2
544.1231250000001 24.8
544.6700000000001 19.6
545.2168750000001 38.4
545.7637500000001 48.4
546.3106250000001 32.0
546.8575000000001 20.8
547.4043750000001 7.6
547.9512500000001 34.4
548.4981250000001 27.6
549.0450000000001 25.6
549.5918750000001 4.8
550.1387500000001 8.4
550.6856250000001 4.0
551.2325000000001 -0.8
551.7793750000001 -6.8
552.3262500000001 5.2
552.8731250000001 12.8
553.4200000000001 1.6
553.9668750000001 -0.4
554.5137500000001 -10.4
555.0606250000001 -16.4
555.6075000000001 -23.2
556.1543750000001 -19.6
556.7012500000001 -6.8
557.2481250000001 -3.6
557.7950000000001 -6.8
558.3418750000001 0.8
558.8887500000001 15.6
559.4356250000001 6.8
559.9825000000001 6.4
560.5293750000001 8.8
561.0762500000001 15.6
561.6231250000001 3.6
562.1700000000001 26.8
562.7168750000001 25.6
563.2637500000001 12.8
563.8106250000001 4.0
564.3575000000001 -18.4
564.9043750000001 -2.4
565.4512500000001 -16.0
565.9981250000001 -3.2
566.5450000000001 3.6
567.0918750000001 1.6
567.6387500000001 -42.0
568.1856250000001 -35.6
568.7325000000001 -15.6
569.2793750000001 -9.6
569.8262500000001 -12.0
570.3731250000001 -28.0
570.9200000000001 -10.8
571.4668750000001 -17.6
572.0137500000001 -22.8
572.5606250000001 -21.2
573.1075000000001 -15.2
573.6543750000001 -20.0
574.2012500000001 -18.4
574.7481250000001 -8.4
575.2950000000001 -6.8
575.8418750000001 -2.0
576.3887500000001 8.0
576.9356250000001 -16.0
577.4825000000001 -16.8
578.0293750000001 -8.0
578.5762500000001 -4.8
579.1231250000001 -20.0
579.6700000000001 -18.4
580.2168750000001 -8.0
580.7637500000001 0.8
581.3106250000001 11.2
581.8575000000001 8.0
582.4043750000001 35.6
582.9512500000001 34.4
583.4981250000001 25.6
584.0450000000001 24.0
584.5918750000001 47.6
585.1387500000001 10.4
585.6856250000001 -4.8
586.2325000000001 -16.8
586.7793750000001 -32.0
587.3262500000001 -36.8
587.8731250000001 -38.8
588.4200000000001 -43.6
588.9668750000001 -25.6
589.5137500000001 -24.0
590.0606250000001 -54.4
590.6075000000001 -23.6
591.1543750000001 -31.6
591.7012500000001 -28.8
592.2481250000001 -28.0
592.7950000000001 -32.0
593.3418750000001 -27.2
593.8887500000001 -30.4
594.4356250000001 -48.0
594.9825000000001 -60.8
595.5293750000001 -58.8
596.0762500000001 -68.0
596.6231250000001 -93.2
597.1700000000001 -92.0
597.7168750000001 -92.8
598.2637500000001 -81.6
598.8106250000001 -74.8
599.3575000000001 -70.4
599.9043750000001 -67.6
600.4512500000001 -51.2
600.9981250000001 -23.6
601.5450000000001 -29.2
602.0918750000001 10.0
602.6387500000001 3.2
603.1856250000001 36.0
603.7325000000001 17.2
604.2793750000001 -4.8
604.8262500000001 6.8
605.3731250000001 -4.0
605.9200000000001 6.4
606.4668750000001 6.0
607.0137500000001 44.0
607.5606250000001 41.6
608.1075000000001 60.8
608.6543750000001 32.0
609.2012500000001 56.8
609.7481250000001 54.8
610.2950000000001 46.8
610.8418750000001 55.6
611.3887500000001 38.4
611.9356250000001 40.0
612.4825000000001 10.4
613.0293750000001 -19.6
613.5762500000001 -14.4
614.1231250000001 -16.0
614.6700000000001 -31.6
615.2168750000001 -24.8
615.7637500000001 -23.6
616.3106250000001 -26.8
616.8575000000001 -25.6
617.4043750000001 -14.4
617.9512500000001 -18.0
618.4981250000001 -11.2
619.0450000000001 -29.2
619.5918750000001 -29.6
620.1387500000001 -18.8
620.6856250000001 -31.2
621.2325000000001 -15.6
621.7793750000001 -2.4
622.3262500000001 15.2
622.8731250000001 -26.0
623.4200000000001 -18.0
623.9668750000001 0.4
624.5137500000001 -6.0
625.0606250000001 -3.2
625.6075000000001 -7.6
626.1543750000001 14.4
626.7012500000001 -22.0
627.2481250000001 -22.4
627.7950000000001 -37.2
628.3418750000001 -30.0
628.8887500000001 -25.6
629.4356250000001 -27.2
629.9825000000001 -16.0
630.5293750000001 -28.4
631.0762500000001 -12.0
631.6231250000001 -43.6
632.1700000000001 -28.8
632.7168750000001 -38.8
633.2637500000001 -57.2
633.8106250000001 -47.2
634.3575000000001 -54.8
634.9043750000001 -43.2
635.4512500000001 -59.6
635.9981250000001 -64.8
636.5450000000001 -62.8
637.0918750000001 -36.4
637.6387500000001 -38.8
638.1856250000001 -39.2
638.7325000000001 -1.6
639.2793750000001 -14.0
639.8262500000001 3.6
640.3731250000001 0.8
640.9200000000001 8.8
641.4668750000001 41.6
642.0137500000001 12.0
642.5606250000001 6.8
643.1075000000001 29.2
643.6543750000001 40.4
644.2012500000001 31.6
644.7481250000001 72.4
645.2950000000001 41.6
645.8418750000001 53.6
646.3887500000001 61.6
646.9356250000001 38.8
647.4825000000001 32.8
648.0293750000001 34.0
648.5762500000001 33.6
649.1231250000001 29.6
649.6700000000001 16.4
650.2168750000001 -17.6
650.7637500000001 -4.8
651.3106250000001 -28.0
651.8575000000001 -27.6
652.4043750000001 -37.2
652.9512500000001 -19.6
653.4981250000001 -13.6
654.0450000000001 -26.4
654.5918750000001 -34.8
655.1387500000001 -33.2
655.6856250000001 -6.0
656.2325000000001 -6.0
656.7793750000001 -11.6
657.3262500000001 -12.4
657.8731250000001 1.6
658.4200000000001 -0.4
658.9668750000001 -4.4
659.5137500000001 12.0
660.0606250000001 18.8
660.6075000000001 26.4
661.1543750000001 -9.2
661.7012500000001 8.0
662.2481250000001 44.0
662.7950000000001 37.2
663.3418750000001 63.2
663.8887500000001 53.2
664.4356250000001 36.4
664.9825000000001 20.0
665.5293750000001 8.8
666.0762500000001 3.2
666.6231250000001 6.4
667.1700000000001 -6.4
667.7168750000001 -47.6
668.2637500000001 -34.4
668.8106250000001 -66.4
669.3575000000001 -76.4
669.9043750000001 -47.6
670.4512500000001 -48.4
670.9981250000001 -10.8
671.5450000000001 -17.6
672.0918750000001 7.6
672.6387500000001 -3.6
673.1856250000001 22.4
673.7325000000001 17.6
674.2793750000001 18.0
674.8262500000001 28.8
675.3731250000001 20.8
675.9200000000001 18.4
676.4668750000001 -7.2
677.0137500000001 7.2
677.5606250000001 -3.2
678.1075000000001 -6.4
678.6543750000001 -21.6
679.2012500000001 -33.6
679.7481250000001 -28.0
680.2950000000001 -14.4
680.8418750000001 -2.0
681.3887500000001 5.2
681.9356250000001 3.6
682.4825000000001 -10.0
683.0293750000001 -24.0
683.5762500000001 -6.4
684.1231250000001 -12.8
684.6700000000001 1.6
685.2168750000001 6.4
685.7637500000001 -0.4
686.3106250000001 0.0
686.8575000000001 11.2
687.4043750000001 5.6
687.9512500000001 18.4
688.4981250000001 50.0
689.0450000000001 53.6
689.5918750000001 66.8
690.1387500000001 41.2
690.6856250000001 49.6
691.2325000000001 38.0
691.7793750000001 12.8
692.3262500000001 4.0
692.8731250000001 8.8
693.4200000000001 2.4
693.9668750000001 -27.6
694.5137500000001 -33.6
695.0606250000001 -38.8
695.6075000000001 -33.6
696.1543750000001 -55.6
696.7012500000001 -34.4
697.2481250000001 -19.2
697.7950000000001 -11.6
698.3418750000001 -10.4
698.8887500000001 -15.2
699.4356250000001 -13.6
699.9825000000001 -24.8
700.5293750000001 -42.8
701.0762500000001 -7.6
701.6231250000001 15.2
702.1700000000001 -6.0
702.7168750000001 -24.8
703.2637500000001 -48.0
703.8106250000001 -52.8
704.3575000000001 -48.0
704.9043750000001 -40.0
705.4512500000001 -50.0
705.9981250000001 -12.8
706.5450000000001 -33.2
707.0918750000001 -36.0
707.6387500000001 -17.2
708.1856250000001 22.8
708.7325000000001 28.8
709.2793750000001 46.4
709.8262500000001 59.2
710.3731250000001 49.2
710.9200000000001 70.8
711.4668750000001 35.6
712.0137500000001 37.2
712.5606250000001 19.6
713.1075000000001 24.4
713.6543750000001 -19.2
714.2012500000001 -42.4
714.7481250000001 -46.8
715.2950000000001 -58.0
715.8418750000001 -50.0
716.3887500000001 -71.6
716.9356250000001 -48.4
717.4825000000001 -38.4
718.0293750000001 -19.6
718.5762500000001 -15.2
719.1231250000001 -10.0
719.6700000000001 2.4
720.2168750000001 -16.4
720.7637500000001 -33.2
721.3106250000001 -15.2
721.8575000000001 6.8
722.4043750000001 -4.0
722.9512500000001 -1.2
723.4981250000001 -8.0
724.0450000000001 -16.8
724.5918750000001 8.4
725.1387500000001 22.0
725.6856250000001 35.6
726.2325000000001 56.8
726.7793750000001 23.6
727.3262500000001 27.6
727.8731250000001 30.8
728.4200000000001 29.2
728.9668750000001 24.8
729.5137500000001 36.4
730.0606250000001 16.0
730.6075000000001 24.0
731.1543750000001 25.2
731.7012500000001 15.2
732.2481250000001 33.2
732.7950000000001 20.8
733.3418750000001 25.2
733.8887500000001 14.0
734.4356250000001 6.4
734.9825000000001 -1.6
735.5293750000001 -22.8
736.0762500000001 -10.0
736.6231250000001 -34.4
737.1700000000001 -11.2
737.7168750000001 -15.2
738.2637500000001 -4.0
738.8106250000001 -18.4
739.3575000000001 -10.4
739.9043750000001 -4.4
740.4512500000001 -25.6
740.9981250000001 20.4
741.5450000000001 9.6
742.0918750000001 24.4
742.6387500000001 22.0
743.1856250000001 38.4
743.7325000000001 37.2
744.2793750000001 36.0
744.8262500000001 22.4
745.3731250000001 41.2
745.9200000000001 43.6
746.4668750000001 43.6
747.0137500000001 32.0
747.5606250000001 28.4
748.1075000000001 -4.0
748.6543750000001 -17.2
749.2012500000001 -8.0
749.7481250000001 13.2
750.2950000000001 20.8
750.8418750000001 -0.8
751.3887500000001 6.4
751.9356250000001 -18.0
752.4825000000001 -11.2
753.0293750000001 8.8
753.5762500000001 15.2
754.1231250000001 30.8
754.6700000000001 16.8
755.2168750000001 23.2
755.7637500000001 10.8
756.3106250000001 14.8
756.8575000000001 0.8
757.4043750000001 4.4
757.9512500000001 -10.4
758.4981250000001 -15.6
759.0450000000001 3.2
759.5918750000001 -3.2
760.1387500000001 -14.0
760.6856250000001 -9.2
761.2325000000001 10.0
761.7793750000001 -3.2
762.3262500000001 32.8
762.8731250000001 38.4
763.4200000000001 51.2
763.9668750000001 35.6
764.5137500000001 20.4
765.0606250000001 0.8
765.6075000000001 17.2
766.1543750000001 -1.2
766.7012500000001 -10.4
767.2481250000001 15.2
767.7950000000001 -2.4
768.3418750000001 -27.6
768.8887500000001 -31.6
769.4356250000001 -21.6
769.9825000000001 -23.2
770.5293750000001 -13.6
771.0762500000001 2.0
771.6231250000001 4.8
772.1700000000001 2.0
772.7168750000001 -21.2
773.2637500000001 -10.8
773.8106250000001 -4.4
774.3575000000001 -7.2
774.9043750000001 -23.6
775.4512500000001 -22.4
775.9981250000001 -1.2
776.5450000000001 -5.6
777.0918750000001 -18.4
777.6387500000001 -24.0
778.1856250000001 15.2
778.7325000000001 5.2
779.2793750000001 8.8
779.8262500000001 26.0
780.3731250000001 40.4
780.9200000000001 57.2
781.4668750000001 40.8
782.0137500000001 16.4
782.5606250000001 21.2
783.1075000000001 26.4
783.6543750000001 7.2
784.2012500000001 6.4
784.7481250000001 23.2
785.2950000000001 20.8
785.8418750000001 30.4
786.3887500000001 34.0
786.9356250000001 30.4
787.4825000000001 41.2
788.0293750000001 45.2
788.5762500000001 70.4
789.1231250000001 62.0
789.6700000000001 63.2
790.2168750000001 86.8
790.7637500000001 92.8
791.3106250000001 74.8
791.8575000000001 53.2
792.4043750000001 56.4
792.9512500000001 48.4
793.4981250000001 60.4
794.0450000000001 49.6
794.5918750000001 49.2
795.1387500000001 51.6
795.6856250000001 14.0
796.2325000000001 -2.0
796.7793750000001 -6.8
797.3262500000001 -5.2
797.8731250000001 -18.8
798.4200000000001 -28.0
798.9668750000001 -22.8
799.5137500000001 -28.8
800.0606250000001 -23.2
800.6075000000001 -18.0
801.1543750000001 -15.2
801.7012500000001 -26.4
802.2481250000001 -11.2
802.7950000000001 4.8
803.3418750000001 42.4
803.8887500000001 68.8
804.4356250000001 56.4
804.9825000000001 41.6
805.5293750000001 42.0
806.0762500000001 41.2
806.6231250000001 62.8
807.1700000000001 64.0
807.7168750000001 74.8
808.2637500000001 44.8
808.8106250000001 19.6
809.3575000000001 -24.8
809.9043750000001 -48.8
810.4512500000001 -43.2
810.9981250000001 -30.8
811.5450000000001 -37.2
812.0918750000001 -60.0
812.6387500000001 -53.6
813.1856250000001 -48.4
813.7325000000001 -25.2
814.2793750000001 -28.0
814.8262500000001 4.4
815.3731250000001 37.2
815.9200000000001 41.6
816.4668750000001 40.4
817.0137500000001 26.0
817.5606250000001 48.4
818.1075000000001 54.4
818.6543750000001 41.2
819.2012500000001 37.2
819.7481250000001 17.2
820.2950000000001 11.6
820.8418750000001 -25.6
821.3887500000001 -25.6
821.9356250000001 -39.6
822.4825000000001 -35.6
823.0293750000001 -43.6
823.5762500000001 -42.8
824.1231250000001 -44.8
824.6700000000001 -46.8
825.2168750000001 -22.8
825.7637500000001 -46.4
826.3106250000001 -35.2
826.8575000000001 -45.2
827.4043750000001 -32.0
827.9512500000001 -32.0
828.4981250000001 -51.6
829.0450000000001 -48.0
829.5918750000001 -56.4
830.1387500000001 -58.8
830.6856250000001 -51.6
831.2325000000001 -29.6
831.7793750000001 -9.2
832.3262500000001 6.0
832.8731250000001 -9.6
833.4200000000001 14.8
833.9668750000001 32.8
834.5137500000001 13.6
835.0606250000001 23.2
835.6075000000001 27.6
836.1543750000001 6.8
836.7012500000001 20.4
837.2481250000001 6.0
837.7950000000001 12.0
838.3418750000001 22.0
838.8887500000001 17.2
839.4356250000001 22.8
839.9825000000001 32.0
840.5293750000001 34.8
841.0762500000001 33.2
841.6231250000001 49.2
842.1700000000001 44.0
842.7168750000001 73.2
843.2637500000001 59.2
843.8106250000001 51.6
844.3575000000001 24.0
844.9043750000001 28.0
845.4512500000001 32.4
845.9981250000001 27.2
846.5450000000001 43.2
847.0918750000001 24.4
847.6387500000001 12.8
848.1856250000001 -28.8
848.7325000000001 -28.8
849.2793750000001 -44.4
849.8262500000001 -36.0
850.3731250000001 -56.4
850.9200000000001 -58.4
851.4668750000001 -52.8
852.0137500000001 -73.6
852.5606250000001 -47.6
853.1075000000001 -50.8
853.6543750000001 -36.8
854.2012500000001 -38.4
854.7481250000001 -42.8
855.2950000000001 -30.8
855.8418750000001 -21.6
856.3887500000001 -15.6
856.9356250000001 -14.4
857.4825000000001 -6.4
858.0293750000001 -23.2
858.5762500000001 7.6
859.1231250000001 8.4
859.6700000000001 24.4
860.2168750000001 56.8
860.7637500000001 10.4
861.3106250000001 0.8
861.8575000000001 -6.4
862.4043750000001 -19.2
862.9512500000001 -16.0
863.4981250000001 -10.8
864.0450000000001 -32.0
864.5918750000001 -35.6
865.1387500000001 -64.4
865.6856250000001 -79.2
866.2325000000001 -35.6
866.7793750000001 -46.0
867.3262500000001 -39.6
867.8731250000001 -40.8
868.4200000000001 -54.4
868.9668750000001 -62.4
869.5137500000001 -50.8
870.0606250000001 -41.6
870.6075000000001 -20.4
871.1543750000001 -13.2
871.7012500000001 -20.4
872.2481250000001 -15.6
872.7950000000001 -13.6
873.3418750000001 6.8
873.8887500000001 26.0
874.4356250000001 34.0
874.9825000000001 21.2
875.5293750000001 21.2
876.0762500000001 18.4
876.6231250000001 17.2
877.1700000000001 20.4
877.7168750000001 48.0
878.2637500000001 34.4
878.8106250000001 14.8
879.3575000000001 -8.8
879.9043750000001 -9.2
880.4512500000001 -4.4
880.9981250000001 -2.0
881.5450000000001 20.4
882.0918750000001 12.8
882.6387500000001 32.8
883.1856250000001 27.2
883.7325000000001 52.4
884.2793750000001 66.8
884.8262500000001 90.0
885.3731250000001 83.6
885.9200000000001 96.8
886.4668750000001 95.2
887.0137500000001 86.8
887.5606250000001 94.8
888.1075000000001 57.6
888.6543750000001 50.4
889.2012500000001 40.8
889.7481250000001 38.8
890.2950000000001 40.8
890.8418750000001 63.6
891.3887500000001 44.4
891.9356250000001 46.4
892.4825000000001 25.6
893.0293750000001 4.4
893.5762500000001 42.0
894.1231250000001 30.8
894.6700000000001 37.6
895.2168750000001 38.0
895.7637500000001 24.0
896.3106250000001 13.6
896.8575000000001 14.4
897.4043750000001 14.8
897.9512500000001 13.6
898.4981250000001 18.8
899.0450000000001 8.8
899.5918750000001 9.2
900.1387500000001 -16.0
900.6856250000001 -40.4
901.2325000000001 -38.8
901.7793750000001 -49.6
902.3262500000001 -39.2
902.8731250000001 -48.0
903.4200000000001 -38.8
903.9668750000001 -20.4
904.5137500000001 -26.4
905.0606250000001 -16.4
905.6075000000001 -13.2
906.1543750000001 -4.8
906.7012500000001 4.4
907.2481250000001 -4.4
907.7950000000001 7.2
908.3418750000001 2.8
908.8887500000001 -14.0
909.4356250000001 -9.2
909.9825000000001 -2.0
910.5293750000001 4.4
911.0762500000001 10.8
911.6231250000001 6.8
912.1700000000001 12.8
912.7168750000001 21.6
913.2637500000001 -16.0
913.8106250000001 -25.2
914.3575000000001 -14.8
914.9043750000001 -33.6
915.4512500000001 -46.8
915.9981250000001 -57.6
916.5450000000001 -58.4
917.0918750000001 -63.2
917.6387500000001 -60.0
918.1856250000001 -58.0
918.7325000000001 -49.6
919.2793750000001 -28.0
919.8262500000001 -24.4
920.3731250000001 -18.4
920.9200000000001 -21.2
921.4668750000001 -24.0
922.0137500000001 -21.6
922.5606250000001 -3.2
923.1075000000001 -17.2
923.6543750000001 -4.0
924.2012500000001 12.8
924.7481250000001 12.8
925.2950000000001 10.8
925.8418750000001 2.0
926.3887500000001 26.0
926.9356250000001 32.0
927.4825000000001 27.2
928.0293750000001 32.0
928.5762500000001 21.2
929.1231250000001 6.4
929.6700000000001 -1.6
930.2168750000001 -7.6
930.7637500000001 12.8
931.3106250000001 37.2
931.8575000000001 18.0
932.4043750000001 24.4
932.9512500000001 20.4
933.4981250000001 -2.0
934.0450000000001 8.4
934.5918750000001 14.8
935.1387500000001 21.6
935.6856250000001 26.4
936.2325000000001 25.2
936.7793750000001 25.2
937.3262500000001 22.0
937.8731250000001 14.8
938.4200000000001 18.0
938.9668750000001 32.0
939.5137500000001 23.6
940.0606250000001 20.0
940.6075000000001 7.2
941.1543750000001 2.4
941.7012500000001 -30.8
942.2481250000001 -56.4
942.7950000000001 -68.4
943.3418750000001 -67.6
943.8887500000001 -82.0
944.4356250000001 -86.8
944.9825000000001 -83.2
945.5293750000001 -76.0
946.0762500000001 -50.4
946.6231250000001 -67.6
947.1700000000001 -64.0
947.7168750000001 -50.4
948.2637500000001 -24.4
948.8106250000001 -14.8
949.3575000000001 -13.6
949.9043750000001 -5.6
950.4512500000001 4.8
950.9981250000001 -12.0
951.5450000000001 -25.2
952.0918750000001 -22.0
952.6387500000001 -14.4
953.1856250000001 -18.0
953.7325000000001 -26.4
954.2793750000001 -38.4
954.8262500000001 -16.8
955.3731250000001 -1.6
955.9200000000001 -18.0
956.4668750000001 6.4
957.0137500000001 23.2
957.5606250000001 39.6
958.1075000000001 32.4
958.6543750000001 53.6
959.2012500000001 44.8
959.7481250000001 46.4
960.2950000000001 38.0
960.8418750000001 18.0
961.3887500000001 26.0
961.9356250000001 11.6
962.4825000000001 -8.8
963.0293750000001 -20.4
963.5762500000001 -9.2
964.1231250000001 -18.0
964.6700000000001 -4.8
965.2168750000001 32.0
965.7637500000001 14.8
966.3106250000001 22.0
966.8575000000001 17.2
967.4043750000001 18.4
967.9512500000001 25.6
968.4981250000001 39.2
969.0450000000001 38.0
969.5918750000001 26.0
970.1387500000001 30.0
970.6856250000001 -2.4
971.2325000000001 23.2
971.7793750000001 13.6
972.3262500000001 20.0
972.8731250000001 30.4
973.4200000000001 17.2
973.9668750000001 17.2
974.5137500000001 18.8
975.0606250000001 9.2
975.6075000000001 8.8
976.1543750000001 -3.6
976.7012500000001 -14.0
977.2481250000001 -14.0
977.7950000000001 -24.8
978.3418750000001 -50.0
978.8887500000001 -48.4
979.4356250000001 -43.2
979.9825000000001 -36.0
980.5293750000001 -21.2
981.0762500000001 -28.8
981.6231250000001 -27.2
982.1700000000001 -22.8
982.7168750000001 2.0
983.2637500000001 20.0
983.8106250000001 50.4
984.3575000000001 54.8
984.9043750000001 56.8
985.4512500000001 51.2
985.9981250000001 39.2
986.5450000000001 32.8
987.0918750000001 29.2
987.6387500000001 28.0
988.1856250000001 10.0
988.7325000000001 -7.2
989.2793750000001 -36.8
989.8262500000001 -29.6
990.3731250000001 -29.2
990.9200000000001 -40.4
991.4668750000001 -41.6
992.0137500000001 -21.6
992.5606250000001 -10.4
993.1075000000001 -16.0
993.6543750000001 -19.2
994.2012500000001 -6.8
994.7481250000001 2.8
995.2950000000001 -17.2
995.8418750000001 -50.0
996.3887500000001 -32.8
996.9356250000001 -5.6
997.4825000000001 -9.2
998.0293750000001 -4.0
998.5762500000001 2.0
999.1231250000001 -6.0
999.6700000000001 -11.6
1000.2168750000001 -5.2
1000.7637500000001 7.6
1001.3106250000001 35.2
1001.8575000000001 26.8
1002.4043750000001 -5.2
1002.9512500000001 -18.0
1003.4981250000001 -26.8
1004.0450000000001 -27.2
1004.5918750000001 -20.0
1005.1387500000001 -23.2
1005.6856250000001 -30.8
1006.2325000000001 -37.2
1006.7793750000001 -35.2
1007.3262500000001 -24.4
1007.8731250000001 -14.4
1008.4200000000001 -12.4
1008.9668750000001 5.2
1009.5137500000001 11.6
1010.0606250000001 4.0
1010.6075000000001 16.8
1011.1543750000001 22.8
1011.7012500000001 11.2
1012.2481250000001 7.2
1012.7950000000001 -12.0
1013.3418750000001 -6.0
1013.8887500000001 -6.0
1014.4356250000001 -14.4
1014.9825000000001 -18.0
1015.5293750000001 3.6
1016.0762500000001 -8.0
1016.6231250000001 -4.0
1017.1700000000001 7.6
1017.7168750000001 1.2
1018.2637500000001 16.0
1018.8106250000001 4.8
1019.3575000000001 2.8
1019.9043750000001 11.6
1020.4512500000001 21.2
1020.9981250000001 -5.6
1021.5450000000001 4.4
1022.0918750000001 -10.0
1022.6387500000001 -7.6
1023.1856250000001 -0.4
1023.7325000000001 -6.4
1024.279375 18.8
1024.82625 14.4
1025.373125 -14.8
1025.92 -59.2
1026.466875 -46.8
1027.01375 -40.8
1027.560625 -53.6
1028.1075 -41.2
1028.654375 -51.2
1029.20125 -47.2
1029.748125 -46.0
1030.295 -46.0
1030.841875 -50.0
1031.38875 -16.0
1031.935625 -24.8
1032.4825 -12.8
1033.029375 21.6
1033.57625 17.2
1034.123125 10.0
1034.67 10.0
1035.216875 -24.8
1035.76375 -31.6
1036.310625 -14.8
1036.8575 -15.2
1037.404375 -5.6
1037.95125 -21.2
1038.498125 -27.6
1039.045 -30.4
1039.591875 -17.2
1040.13875 -23.6
1040.685625 -8.8
1041.2325 6.8
1041.779375 23.6
1042.32625 16.4
1042.873125 19.2
1043.42 9.2
1043.966875 9.6
1044.51375 -4.8
1045.060625 -19.6
1045.6075 -10.4
1046.154375 -12.0
1046.70125 -20.8
1047.248125 -34.0
1047.795 -35.2
1048.341875 -31.6
1048.88875 -40.4
1049.435625 -32.0
1049.9825 -12.4
1050.529375 -2.0
1051.07625 -20.4
1051.623125 -26.0
1052.17 -22.8
1052.716875 -39.2
1053.26375 -37.6
1053.810625 -46.0
1054.3575 -41.6
1054.904375 -40.8
1055.45125 -44.0
1055.998125 -43.6
1056.545 -30.4
1057.091875 -22.4
1057.63875 -30.8
1058.185625 -28.8
1058.7325 -45.6
1059.279375 -33.6
1059.82625 -34.0
1060.373125 -45.2
1060.92 -40.4
1061.466875 -46.0
1062.01375 -33.2
1062.560625 -35.2
1063.1075 -14.4
1063.654375 -0.8
1064.20125 30.4
1064.748125 13.6
1065.295 20.8
1065.841875 5.6
1066.38875 -4.4
1066.935625 -1.6
1067.4825 -32.0
1068.029375 -39.2
1068.57625 -36.8
1069.123125 -36.8
1069.67 -51.6
1070.216875 -32.0
1070.76375 -37.6
1071.310625 -0.4
1071.8575 12.0
1072.404375 27.6
1072.95125 48.8
1073.498125 62.0
1074.045 72.4
1074.591875 75.2
1075.13875 71.2
1075.685625 60.4
1076.2325 58.4
1076.779375 34.4
1077.32625 1.6
1077.873125 -4.4
1078.42 -20.0
1078.966875 -4.8
1079.51375 -28.4
1080.060625 -21.6
1080.6075 -16.8
1081.154375 8.8
1081.70125 12.4
1082.248125 18.8
1082.795 48.4
1083.341875 52.8
1083.88875 48.0
1084.435625 48.8
1084.9825 46.8
1085.529375 44.0
1086.07625 50.0
1086.623125 25.6
1087.17 25.6
1087.716875 8.4
1088.26375 -8.0
1088.810625 -20.4
1089.3575 -19.2
1089.904375 -59.2
1090.45125 -57.2
1090.998125 -76.0
1091.545 -84.4
1092.091875 -94.8
1092.63875 -90.0
1093.185625 -94.0
1093.7325 -82.8
1094.279375 -68.0
1094.82625 -64.0
1095.373125 -52.4
1095.92 -67.6
1096.466875 -63.6
1097.01375 -56.0
1097.560625 -34.0
1098.1075 -46.0
1098.654375 -38.8
1099.20125 -33.2
1099.748125 -52.0
1100.295 -49.6
1100.841875 -40.4
1101.38875 -28.0
1101.935625 -30.8
1102.4825 -16.8
1103.029375 -35.6
1103.57625 -28.8
1104.123125 -14.0
1104.67 -30.8
1105.216875 -17.6
1105.76375 1.6
1106.310625 6.0
1106.8575 20.0
1107.404375 27.2
1107.95125 20.4
1108.498125 -14.4
1109.045 -17.2
1109.591875 -30.0
1110.13875 -28.8
1110.685625 -44.4
1111.2325 -52.8
1111.779375 -60.0
1112.32625 -36.4
1112.873125 -48.4
1113.42 -44.8
1113.966875 -2.4
1114.51375 8.4
1115.060625 -3.2
1115.6075 15.2
1116.154375 25.6
1116.70125 46.8
1117.248125 58.8
1117.795 20.4
1118.341875 29.6
1118.88875 24.0
1119.435625 22.4
1119.9825 14.0
1120.529375 34.0
1121.07625 38.0
1121.623125 25.6
1122.17 -12.8
1122.716875 -32.0
1123.26375 -31.6
1123.810625 -32.0
1124.3575 -39.2
1124.904375 -52.0
1125.45125 -34.4
1125.998125 -40.8
1126.545 -54.8
1127.091875 -40.8
1127.63875 -41.2
1128.185625 -20.4
1128.7325 -10.8
1129.279375 -12.0
1129.82625 -2.0
1130.373125 16.8
1130.92 12.8
1131.466875 12.8
1132.01375 -0.4
1132.560625 2.0
1133.1075 6.0
1133.654375 9.6
1134.20125 36.4
1134.748125 25.2
1135.295 38.0
1135.841875 41.6
1136.38875 28.8
1136.935625 22.8
1137.4825 32.0
1138.029375 17.6
1138.57625 21.2
1139.123125 -11.6
1139.67 -40.0
1140.216875 -27.2
1140.76375 -48.4
1141.310625 -72.0
1141.8575 -67.2
1142.404375 -51.2
1142.95125 10.4
1143.498125 13.2
1144.045 20.0
1144.591875 12.8
1145.13875 1.6
1145.685625 -9.2
1146.2325 -1.6
1146.779375 20.0
1147.32625 19.6
1147.873125 4.8
1148.42 -53.2
1148.966875 -46.0
1149.51375 -54.0
1150.060625 -37.6
1150.6075 -40.0
1151.154375 -14.4
1151.70125 -16.4
1152.248125 -13.2
1152.795 12.0
1153.341875 30.0
1153.88875 28.4
1154.435625 24.8
1154.9825 24.8
1155.529375 31.2
1156.07625 36.8
1156.623125 26.0
1157.17 24.8
1157.716875 18.0
1158.26375 -9.6
1158.810625 -48.4
1159.3575 -38.0
1159.904375 -36.4
1160.45125 -26.4
1160.998125 -8.8
1161.545 -4.0
1162.091875 -7.2
1162.63875 -29.2
1163.185625 -48.4
1163.7325 -29.2
1164.279375 7.2
1164.82625 -3.2
1165.373125 5.6
1165.92 14.0
1166.466875 8.4
1167.01375 26.8
1167.560625 16.4
1168.1075 44.0
1168.654375 78.0
1169.20125 69.2
1169.748125 58.0
1170.295 72.4
1170.841875 72.8
1171.38875 55.2
1171.935625 46.8
1172.4825 31.6
1173.029375 49.2
1173.57625 58.8
1174.123125 42.0
1174.67 28.4
1175.216875 19.6
1175.76375 17.2
1176.310625 24.4
1176.8575 29.2
1177.404375 30.4
1177.95125 40.8
1178.498125 37.2
1179.045 4.8
1179.591875 2.4
1180.13875 -2.4
1180.685625 -8.8
1181.2325 -8.4
1181.779375 -27.6
1182.32625 -25.2
1182.873125 -21.6
1183.42 -38.8
1183.966875 -38.4
1184.51375 -26.4
1185.060625 -28.4
1185.6075 -18.4
1186.154375 -5.6
1186.70125 -18.4
1187.248125 -18.0
1187.795 -27.6
1188.341875 -20.8
1188.88875 -14.0
1189.435625 0.0
1189.9825 -0.8
1190.529375 10.4
1191.07625 14.4
1191.623125 24.8
1192.17 33.2
1192.716875 41.6
1193.26375 43.2
1193.810625 34.0
1194.3575 19.6
1194.904375 -9.6
1195.45125 -7.2
1195.998125 2.8
1196.545 -5.2
1197.091875 -25.2
1197.63875 -23.2
1198.185625 -24.0
1198.7325 -4.8
1199.279375 -0.4
1199.82625 21.6
1200.373125 56.0
1200.92 76.0
1201.466875 69.6
1202.01375 80.4
1202.560625 102.4
1203.1075 90.0
1203.654375 99.6
1204.20125 89.2
1204.748125 101.6
1205.295 96.4
1205.841875 74.4
1206.38875 60.0
1206.935625 59.6
1207.4825 60.8
1208.029375 59.6
1208.57625 66.4
1209.123125 59.6
1209.67 64.4
1210.216875 33.6
1210.76375 20.4
1211.310625 24.0
1211.8575 35.2
1212.404375 28.8
1212.95125 27.6
1213.498125 20.8
1214.045 14.8
1214.591875 1.6
1215.13875 -13.2
1215.685625 14.0
1216.2325 24.8
1216.779375 38.4
1217.32625 16.4
1217.873125 23.2
1218.42 30.0
1218.966875 32.8
1219.51375 9.2
1220.060625 2.8
1220.6075 27.2
1221.154375 12.0
1221.70125 14.8
1222.248125 -6.4
1222.795 -20.8
1223.341875 -17.6
1223.88875 -32.0
1224.435625 -43.2
1224.9825 -22.0
1225.529375 -7.6
1226.07625 -24.8
1226.623125 -3.6
1227.17 -5.2
1227.716875 1.2
1228.26375 0.4
1228.810625 -27.2
1229.3575 -31.6
1229.904375 -25.2
1230.45125 -8.4
1230.998125 1.6
1231.545 17.6
1232.091875 -4.8
1232.63875 -21.6
1233.185625 -25.2
1233.7325 18.0
1234.279375 38.0
1234.82625 28.0
1235.373125 27.2
1235.92 31.2
1236.466875 13.2
1237.01375 9.2
1237.560625 -1.2
1238.1075 24.8
1238.654375 25.6
1239.20125 9.2
1239.748125 -12.8
1240.295 -7.6
1240.841875 15.2
1241.38875 13.6
1241.935625 9.2
1242.4825 -4.4
1243.029375 4.0
1243.57625 -13.6
1244.123125 -21.2
1244.67 -29.6
1245.216875 -6.0
1245.76375 -24.4
1246.310625 -50.8
1246.8575 -76.4
1247.404375 -69.2
1247.95125 -73.6
1248.498125 -71.2
1249.045 -78.8
1249.591875 -70.0
1250.13875 -46.0
1250.685625 -63.2
1251.2325 -37.6
1251.779375 -30.0
1252.32625 -15.2
1252.873125 -8.4
1253.42 -16.0
1253.966875 -18.0
1254.51375 -31.6
1255.060625 -37.2
1255.6075 -54.4
1256.154375 -48.8
1256.70125 -52.4
1257.248125 -50.8
1257.795 -41.6
1258.341875 -47.6
1258.88875 -19.6
1259.435625 -26.4
1259.9825 25.2
1260.529375 24.4
1261.07625 24.4
1261.623125 46.0
1262.17 47.2
1262.716875 42.0
1263.26375 20.4
1263.810625 19.6
1264.3575 4.8
1264.904375 -17.2
1265.45125 -39.6
1265.998125 -20.4
1266.545 -18.0
1267.091875 -28.4
1267.63875 -26.8
1268.185625 -29.2
1268.7325 -14.8
1269.279375 -1.6
1269.82625 -1.2
1270.373125 29.6
1270.92 32.8
1271.466875 22.8
1272.01375 20.4
1272.560625 6.0
1273.1075 20.0
1273.654375 42.8
1274.20125 34.4
1274.748125 22.0
1275.295 43.2
1275.841875 41.6
1276.38875 46.4
1276.935625 44.8
1277.4825 39.6
1278.029375 55.2
1278.57625 46.0
1279.123125 13.6
1279.67 25.6
1280.216875 29.2
1280.76375 24.8
1281.310625 21.2
1281.8575 0.0
1282.404375 -15.6
1282.95125 -5.2
1283.498125 0.8
1284.045 -6.4
1284.591875 10.0
1285.13875 1.6
1285.685625 24.0
1286.2325 9.6
1286.779375 8.4
1287.32625 24.8
1287.873125 46.8
1288.42 71.6
1288.966875 27.2
1289.51375 24.4
1290.060625 3.6
1290.6075 17.6
1291.154375 -3.6
1291.70125 -12.0
1292.248125 -8.4
1292.795 -36.0
1293.341875 -59.2
1293.88875 -74.4
1294.435625 -81.2
1294.9825 -82.8
1295.529375 -49.6
1296.07625 -51.6
1296.623125 -70.8
1297.17 -61.2
1297.716875 -62.0
1298.26375 -30.4
1298.810625 -10.0
1299.3575 -26.4
1299.904375 9.2
1300.45125 19.6
1300.998125 -2.0
1301.545 -17.2
1302.091875 -5.2
1302.63875 -0.8
1303.185625 -0.8
1303.7325 -7.6
1304.279375 12.0
1304.82625 7.2
1305.373125 7.6
1305.92 4.8
1306.466875 4.8
1307.01375 6.8
1307.560625 6.0
1308.1075 -16.4
1308.654375 -18.0
1309.20125 -0.8
1309.748125 -45.2
1310.295 -43.6
1310.841875 -49.6
1311.38875 -49.2
1311.935625 -37.2
1312.4825 -36.0
1313.029375 -33.2
1313.57625 -10.0
1314.123125 6.0
1314.67 -16.8
1315.216875 -11.6
1315.76375 -22.0
1316.310625 -12.8
1316.8575 -21.6
1317.404375 -38.0
1317.95125 -32.8
1318.498125 -19.2
1319.045 -22.4
1319.591875 -26.8
1320.13875 -18.0
1320.685625 1.2
1321.2325 10.8
1321.779375 26.8
1322.32625 23.2
1322.873125 52.8
1323.42 73.6
1323.966875 74.4
1324.51375 65.6
1325.060625 50.4
1325.6075 36.4
1326.154375 13.2
1326.70125 -1.6
1327.248125 -12.8
1327.795 8.4
1328.341875 -19.6
1328.88875 -31.6
1329.435625 -37.2
1329.9825 -37.6
1330.529375 -8.0
1331.07625 -21.6
1331.623125 -6.0
1332.17 16.8
1332.716875 14.0
1333.26375 0.0
1333.810625 8.8
1334.3575 -14.0
1334.904375 -5.2
1335.45125 2.8
1335.998125 -29.2
1336.545 -7.2
1337.091875 -12.8
1337.63875 -28.4
1338.185625 -32.8
1338.7325 -15.2
1339.279375 -2.0
1339.82625 3.2
1340.373125 -3.6
1340.92 -6.0
1341.466875 10.0
1342.01375 12.4
1342.560625 19.2
1343.1075 24.8
1343.654375 20.4
1344.20125 21.2
1344.748125 -18.8
1345.295 12.8
1345.841875 7.2
1346.38875 2.0
1346.935625 11.2
1347.4825 -11.6
1348.029375 4.4
1348.57625 4.8
1349.123125 3.2
1349.67 8.4
1350.216875 40.8
1350.76375 10.4
1351.310625 -2.0
1351.8575 -1.2
1352.404375 -37.2
1352.95125 -0.8
1353.498125 -18.8
1354.045 -15.6
1354.591875 -2.4
1355.13875 -1.2
1355.685625 -3.2
1356.2325 -2.4
1356.779375 34.4
1357.32625 34.0
1357.873125 56.8
1358.42 52.4
1358.966875 50.4
1359.51375 45.6
1360.060625 20.8
1360.6075 20.0
1361.154375 18.8
1361.70125 39.6
1362.248125 4.8
1362.795 24.0
1363.341875 28.4
1363.88875 11.2
1364.435625 48.0
1364.9825 63.2
1365.529375 90.8
1366.07625 60.4
1366.623125 60.4
1367.17 60.8
1367.716875 54.8
1368.26375 57.6
1368.810625 36.8
1369.3575 39.6
1369.904375 -10.4
1370.45125 -16.4
1370.998125 -19.6
1371.545 -7.2
1372.091875 20.8
1372.63875 20.4
1373.185625 16.0
1373.7325 13.2
1374.279375 43.2
1374.82625 77.2
1375.373125 88.0
1375.92 89.2
1376.466875 76.4
1377.01375 56.4
1377.560625 42.8
1378.1075 5.2
1378.654375 37.6
1379.20125 35.6
1379.748125 27.6
1380.295 12.4
1380.841875 18.8
1381.38875 10.0
1381.935625 -2.4
1382.4825 24.8
1383.029375 10.0
1383.57625 20.8
1384.123125 7.6
1384.67 -0.8
1385.216875 2.4
1385.76375 -25.6
1386.310625 -17.6
1386.8575 -8.0
1387.404375 20.4
1387.95125 5.6
1388.498125 4.0
1389.045 7.2
1389.591875 -3.6
1390.13875 -30.0
1390.685625 -21.2
1391.2325 -21.6
1391.779375 -26.8
1392.32625 -59.2
1392.873125 -84.4
1393.42 -83.6
1393.966875 -76.4
1394.51375 -85.2
1395.060625 -91.6
1395.6075 -58.0
1396.154375 -86.8
1396.70125 -66.8
1397.248125 -54.4
1397.795 -22.0
1398.341875 -23.6
1398.88875 -33.6
1399.435625 -29.6
1399.9825 -35.6
1400.529375 -23.6
1401.07625 -28.8
1401.623125 -32.8
1402.17 -14.4
1402.716875 -28.4
1403.26375 -41.2
1403.810625 -17.6
1404.3575 -30.0
1404.904375 -44.4
1405.45125 -29.2
1405.998125 -34.4
1406.545 -35.2
1407.091875 -24.4
1407.63875 -46.4
1408.185625 -49.2
1408.7325 -57.2
1409.279375 -76.4
1409.82625 -53.6
1410.373125 -60.4
1410.92 -56.4
1411.466875 -25.6
1412.01375 -40.8
1412.560625 -73.6
1413.1075 -108.4
1413.654375 -108.0
