299.67 2300
300.216875 2084
300.76375 2420
301.310625 3256
301.8575 2340
302.404375 2632
302.95125 1624
303.498125 1968
304.045 1660
304.591875 2148
305.13875 2760
305.685625 2116
306.2325 2760
306.779375 3092
307.32625 2976
307.873125 2664
308.42 3224
308.966875 2256
309.51375 2084
310.060625 1660
310.6075 2168
311.154375 2184
311.70125 2076
312.248125 2248
312.795 3792
313.341875 2012
313.88875 3952
314.435625 2148
314.9825 2820
315.529375 1448
316.07625 1648
316.623125 2440
317.17 1612
317.716875 2308
318.26375 2408
318.810625 2200
319.3575 1764
319.904375 1540
320.45125 1724
320.998125 2484
321.545 1604
322.091875 2320
322.63875 2096
323.185625 1948
323.7325 1660
324.279375 2844
324.82625 2184
325.373125 2240
325.92 1864
326.466875 2200
327.01375 2288
327.560625 3232
328.1075 1972
328.654375 2184
329.20125 1888
329.748125 1948
330.295 1784
330.841875 2196
331.38875 1520
331.935625 1836
332.4825 2632
333.029375 1580
333.57625 2192
334.123125 1740
334.67 2044
335.216875 2636
335.76375 2028
336.310625 2224
336.8575 1888
337.404375 1540
337.95125 1980
338.498125 2688
339.045 2724
339.591875 1624
340.13875 1940
340.685625 1840
341.2325 2224
341.779375 1956
342.32625 1328
342.873125 2964
343.42 2400
343.966875 1760
344.51375 2168
345.060625 2632
345.6075 2064
346.154375 2064
346.70125 2516
347.248125 2188
347.795 1536
348.341875 3500
348.88875 2060
349.435625 1868
349.9825 1672
350.529375 1664
351.07625 1976
351.623125 1948
352.17 1552
352.716875 1784
353.26375 2588
353.810625 1324
354.3575 1944
354.904375 1416
355.45125 2464
355.998125 2132
356.545 1480
357.091875 3060
357.63875 1504
358.185625 1748
358.7325 1952
359.279375 1788
359.82625 1908
360.373125 1960
360.92 1244
361.466875 1980
362.01375 1824
362.560625 2504
363.1075 1568
363.654375 1468
364.20125 2872
364.748125 2212
365.295 1820
365.841875 1680
366.38875 1400
366.935625 2020
367.4825 1740
368.029375 1432
368.57625 2016
369.123125 2044
369.67 2024
370.216875 2020
370.76375 1840
371.310625 1720
371.8575 1800
372.404375 2012
372.95125 3360
373.498125 2360
374.045 2236
374.591875 2008
375.13875 2500
375.685625 1828
376.2325 1700
376.779375 2032
377.32625 3004
377.873125 2116
378.42 2032
378.966875 2620
379.51375 1568
380.060625 1732
380.6075 2568
381.154375 2240
381.70125 1724
382.248125 2300
382.795 2188
383.341875 1872
383.88875 2432
384.435625 2016
384.9825 1976
385.529375 2660
386.07625 2356
386.623125 1844
387.17 1864
387.716875 1616
388.26375 1908
388.810625 2984
389.3575 1556
389.904375 1820
390.45125 1844
390.998125 1128
391.545 1812
392.091875 1768
392.63875 2372
393.185625 3272
393.7325 1696
394.279375 2460
394.82625 1220
395.373125 1840
395.92 1532
396.466875 3004
397.01375 2152
397.560625 1768
398.1075 1664
398.654375 1524
399.20125 1876
399.748125 2724
400.295 2012
400.841875 1552
401.38875 2384
401.935625 2788
402.4825 1956
403.029375 1808
403.57625 1872
404.123125 1796
404.67 2648
405.216875 2460
405.76375 2160
406.310625 2176
406.8575 1696
407.404375 2132
407.95125 1872
408.498125 3072
409.045 2192
409.591875 2128
410.13875 2140
410.685625 1396
411.2325 1900
411.779375 1628
412.32625 1588
412.873125 1680
413.42 1892
413.966875 2276
414.51375 1764
415.060625 2268
415.6075 2048
416.154375 1568
416.70125 1900
417.248125 2332
417.795 1856
418.341875 1964
418.88875 2380
419.435625 1328
419.9825 2328
420.529375 1772
421.07625 2108
421.623125 1900
422.17 2880
422.716875 1680
423.26375 1592
423.810625 2524
424.3575 2140
424.904375 1568
425.45125 2100
425.998125 1664
426.545 1924
427.091875 2020
427.63875 1544
428.185625 2476
428.7325 1936
429.279375 1948
429.82625 1616
430.373125 2612
430.92 1304
431.466875 3068
432.01375 2848
432.560625 2268
433.1075 1672
433.654375 1792
434.20125 1544
434.748125 1472
435.295 1832
435.841875 1496
436.38875 1764
436.935625 2240
437.4825 2396
438.029375 1832
438.57625 1924
439.123125 1584
439.67 2360
440.216875 1440
440.76375 1724
441.310625 1612
441.8575 2004
442.404375 2564
442.95125 1676
443.498125 1412
444.045 1620
444.591875 2420
445.13875 1912
445.685625 1480
446.2325 3360
446.779375 2412
447.32625 2344
447.873125 4768
448.42 1684
448.966875 3188
449.51375 1560
450.060625 1684
450.6075 1396
451.154375 1584
451.70125 1940
452.248125 1688
452.795 1116
453.341875 2340
453.88875 2400
454.435625 2204
454.9825 1696
455.529375 1536
456.07625 1388
456.623125 1356
457.17 1708
457.716875 1984
458.26375 1856
458.810625 1656
459.3575 2164
459.904375 2700
460.45125 1628
460.998125 1560
461.545 1520
462.091875 4296
462.63875 2212
463.185625 1852
463.7325 2044
464.279375 1828
464.82625 2120
465.373125 1524
465.92 1812
466.466875 1692
467.01375 1704
467.560625 1716
468.1075 2164
468.654375 1616
469.20125 1744
469.748125 1820
470.295 2180
470.841875 1996
471.38875 1708
471.935625 2376
472.4825 2632
473.029375 1968
473.57625 2172
474.123125 2172
474.67 1828
475.216875 2400
475.76375 2312
476.310625 1916
476.8575 2436
477.404375 2016
477.95125 1788
478.498125 1468
479.045 3852
479.591875 1916
480.13875 1944
480.685625 2044
481.2325 1808
481.779375 2132
482.32625 1884
482.873125 2020
483.42 1968
483.966875 1708
484.51375 1200
485.060625 1364
485.6075 1600
486.154375 1916
486.70125 1224
487.248125 1876
487.795 2940
488.341875 2124
488.88875 1688
489.435625 2052
489.9825 1484
490.529375 1720
491.07625 1712
491.623125 1532
492.17 1616
492.716875 1736
493.26375 2124
493.810625 1584
494.3575 1784
494.904375 1428
495.45125 1856
495.998125 1540
496.545 1880
497.091875 2164
497.63875 1948
498.185625 1808
498.7325 1192
499.279375 1880
499.82625 2396
500.373125 1940
500.92 2508
501.466875 2860
502.01375 1364
502.560625 2192
503.1075 1812
503.654375 2020
504.20125 1532
504.748125 1672
505.295 1868
505.841875 1872
506.38875 2416
506.935625 1720
507.4825 2124
508.029375 1300
508.57625 1596
509.123125 1876
509.67 2140
510.216875 2628
510.76375 1424
511.310625 1752
511.8575 1216
512.4043750000001 2352
512.9512500000001 1196
513.4981250000001 1348
514.0450000000001 1916
514.5918750000001 2084
515.1387500000001 1860
515.6856250000001 1680
516.2325000000001 1724
516.7793750000001 1540
517.3262500000001 1552
517.8731250000001 1884
518.4200000000001 1440
518.9668750000001 1916
519.5137500000001 2416
520.0606250000001 1884
520.6075000000001 2116
521.1543750000001 1548
521.7012500000001 1356
522.2481250000001 2068
522.7950000000001 1544
523.3418750000001 1672
523.8887500000001 1260
524.4356250000001 1240
524.9825000000001 2292
525.5293750000001 1972
526.0762500000001 1312
526.6231250000001 1712
527.1700000000001 1988
527.7168750000001 1584
528.2637500000001 1604
528.8106250000001 1976
529.3575000000001 1872
529.9043750000001 1532
530.4512500000001 1592
530.9981250000001 1620
531.5450000000001 2020
532.0918750000001 1812
532.6387500000001 2000
533.1856250000001 1676
533.7325000000001 1656
534.2793750000001 2220
534.8262500000001 1680
535.3731250000001 1644
535.9200000000001 1944
536.4668750000001 2600
537.0137500000001 1824
537.5606250000001 2364
538.1075000000001 1736
538.6543750000001 1588
539.2012500000001 2616
539.7481250000001 1652
540.2950000000001 1884
540.8418750000001 2028
541.3887500000001 1604
541.9356250000001 2284
542.4825000000001 1456
543.0293750000001 2452
543.5762500000001 2604
544.1231250000001 1720
544.6700000000001 1276
545.2168750000001 1900
545.7637500000001 2200
546.3106250000001 2092
546.8575000000001 2412
547.4043750000001 1932
547.9512500000001 2004
548.4981250000001 2040
549.0450000000001 2196
549.5918750000001 1516
550.1387500000001 1856
550.6856250000001 1480
551.2325000000001 2772
551.7793750000001 1884
552.3262500000001 2376
552.8731250000001 2668
553.4200000000001 1588
553.9668750000001 2240
554.5137500000001 1932
555.0606250000001 1508
555.6075000000001 2136
556.1543750000001 2256
556.7012500000001 1364
557.2481250000001 2532
557.7950000000001 1884
558.3418750000001 1684
558.8887500000001 1560
559.4356250000001 1752
559.9825000000001 1584
560.5293750000001 1264
561.0762500000001 3204
561.6231250000001 2664
562.1700000000001 2112
562.7168750000001 2864
563.2637500000001 1772
563.8106250000001 2344
564.3575000000001 1548
564.9043750000001 2552
565.4512500000001 2004
565.9981250000001 2284
566.5450000000001 1200
567.0918750000001 2296
567.6387500000001 1528
568.1856250000001 1504
568.7325000000001 1428
569.2793750000001 2720
569.8262500000001 1964
570.3731250000001 1592
570.9200000000001 1672
571.4668750000001 1828
572.0137500000001 1788
572.5606250000001 2116
573.1075000000001 2188
573.6543750000001 1436
574.2012500000001 1804
574.7481250000001 1628
575.2950000000001 2428
575.8418750000001 1944
576.3887500000001 1760
576.9356250000001 1476
577.4825000000001 2468
578.0293750000001 1688
578.5762500000001 1764
579.1231250000001 1232
579.6700000000001 1432
580.2168750000001 2080
580.7637500000001 1816
581.3106250000001 1524
581.8575000000001 1976
582.4043750000001 1540
582.9512500000001 1932
583.4981250000001 2392
584.0450000000001 1720
584.5918750000001 2260
585.1387500000001 2452
585.6856250000001 1808
586.2325000000001 2080
586.7793750000001 2236
587.3262500000001 2560
587.8731250000001 1828
588.4200000000001 1812
588.9668750000001 1980
589.5137500000001 1576
590.0606250000001 1764
590.6075000000001 1708
591.1543750000001 1688
591.7012500000001 1388
592.2481250000001 1756
592.7950000000001 1960
593.3418750000001 2036
593.8887500000001 2204
594.4356250000001 1260
594.9825000000001 2892
595.5293750000001 1756
596.0762500000001 1592
596.6231250000001 1616
597.1700000000001 2348
597.7168750000001 2280
598.2637500000001 1868
598.8106250000001 2408
599.3575000000001 1256
599.9043750000001 1240
600.4512500000001 1504
600.9981250000001 1392
601.5450000000001 1704
602.0918750000001 1456
602.6387500000001 2196
603.1856250000001 1904
603.7325000000001 1644
604.2793750000001 1880
604.8262500000001 1812
605.3731250000001 1104
605.9200000000001 1284
606.4668750000001 2084
607.0137500000001 1796
607.5606250000001 1752
608.1075000000001 2632
608.6543750000001 1728
609.2012500000001 1348
609.7481250000001 2024
610.2950000000001 1172
610.8418750000001 1900
611.3887500000001 1944
611.9356250000001 2304
612.4825000000001 1980
613.0293750000001 2176
613.5762500000001 1880
614.1231250000001 1800
614.6700000000001 3324
615.2168750000001 2216
615.7637500000001 1868
616.3106250000001 1804
616.8575000000001 2048
617.4043750000001 1580
617.9512500000001 2140
618.4981250000001 2040
619.0450000000001 2320
619.5918750000001 1552
620.1387500000001 1676
620.6856250000001 2452
621.2325000000001 1824
621.7793750000001 1700
622.3262500000001 2672
622.8731250000001 1720
623.4200000000001 3568
623.9668750000001 1980
624.5137500000001 1468
625.0606250000001 2228
625.6075000000001 1504
626.1543750000001 1852
626.7012500000001 1388
627.2481250000001 1616
627.7950000000001 1668
628.3418750000001 1940
628.8887500000001 1808
629.4356250000001 2852
629.9825000000001 1960
630.5293750000001 2468
631.0762500000001 1692
631.6231250000001 1532
632.1700000000001 2160
632.7168750000001 1436
633.2637500000001 2136
633.8106250000001 1608
634.3575000000001 1812
634.9043750000001 2112
635.4512500000001 1680
635.9981250000001 2336
636.5450000000001 1832
637.0918750000001 1376
637.6387500000001 1636
638.1856250000001 2328
638.7325000000001 2100
639.2793750000001 1680
639.8262500000001 2344
640.3731250000001 2140
640.9200000000001 1308
641.4668750000001 1988
642.0137500000001 2192
642.5606250000001 1924
643.1075000000001 1524
643.6543750000001 1344
644.2012500000001 1872
644.7481250000001 2016
645.2950000000001 2036
645.8418750000001 1696
646.3887500000001 2004
646.9356250000001 2108
647.4825000000001 1776
648.0293750000001 1460
648.5762500000001 1468
649.1231250000001 1812
649.6700000000001 2188
650.2168750000001 1784
650.7637500000001 1928
651.3106250000001 1840
651.8575000000001 1848
652.4043750000001 1396
652.9512500000001 1808
653.4981250000001 1252
654.0450000000001 1544
654.5918750000001 2228
655.1387500000001 2156
655.6856250000001 2788
656.2325000000001 2092
656.7793750000001 2152
657.3262500000001 2076
657.8731250000001 2196
658.4200000000001 2236
658.9668750000001 1800
659.5137500000001 1800
660.0606250000001 1704
660.6075000000001 1960
661.1543750000001 2052
661.7012500000001 1984
662.2481250000001 2192
662.7950000000001 2180
663.3418750000001 1404
663.8887500000001 1860
664.4356250000001 1680
664.9825000000001 1244
665.5293750000001 1092
666.0762500000001 1808
666.6231250000001 2108
667.1700000000001 2284
667.7168750000001 2284
668.2637500000001 2588
668.8106250000001 1488
669.3575000000001 2056
669.9043750000001 1684
670.4512500000001 2376
670.9981250000001 1564
671.5450000000001 1828
672.0918750000001 1864
672.6387500000001 1880
673.1856250000001 1952
673.7325000000001 1920
674.2793750000001 2352
674.8262500000001 3104
675.3731250000001 1452
675.9200000000001 2356
676.4668750000001 1488
677.0137500000001 2276
677.5606250000001 1500
678.1075000000001 1484
678.6543750000001 1548
679.2012500000001 1252
679.7481250000001 2244
680.2950000000001 1968
680.8418750000001 1980
681.3887500000001 1864
681.9356250000001 1768
682.4825000000001 2356
683.0293750000001 1676
683.5762500000001 1364
684.1231250000001 1852
684.6700000000001 2076
685.2168750000001 1632
685.7637500000001 2912
686.3106250000001 2180
686.8575000000001 1568
687.4043750000001 1772
687.9512500000001 1604
688.4981250000001 2308
689.0450000000001 2056
689.5918750000001 2064
690.1387500000001 1768
690.6856250000001 2784
691.2325000000001 2104
691.7793750000001 1848
692.3262500000001 1260
692.8731250000001 1880
693.4200000000001 1628
693.9668750000001 2360
694.5137500000001 1372
695.0606250000001 1836
695.6075000000001 1708
696.1543750000001 2436
696.7012500000001 1880
697.2481250000001 1852
697.7950000000001 2104
698.3418750000001 2276
698.8887500000001 1216
699.4356250000001 2236
699.9825000000001 1968
700.5293750000001 1416
701.0762500000001 2204
701.6231250000001 2004
702.1700000000001 1976
702.7168750000001 2352
703.2637500000001 1596
703.8106250000001 2048
704.3575000000001 2124
704.9043750000001 2320
705.4512500000001 2044
705.9981250000001 2072
706.5450000000001 1736
707.0918750000001 1912
707.6387500000001 1620
708.1856250000001 1420
708.7325000000001 1672
709.2793750000001 1824
709.8262500000001 3028
710.3731250000001 1472
710.9200000000001 1604
711.4668750000001 1816
712.0137500000001 2088
712.5606250000001 1584
713.1075000000001 1732
713.6543750000001 2272
714.2012500000001 2032
714.7481250000001 2220
715.2950000000001 1496
715.8418750000001 2004
716.3887500000001 1900
716.9356250000001 2104
717.4825000000001 2240
718.0293750000001 1904
718.5762500000001 2132
719.1231250000001 2524
719.6700000000001 2308
720.2168750000001 1988
720.7637500000001 1876
721.3106250000001 1632
721.8575000000001 1336
722.4043750000001 2792
722.9512500000001 2276
723.4981250000001 1620
724.0450000000001 2040
724.5918750000001 1596
725.1387500000001 1968
725.6856250000001 2340
726.2325000000001 2052
726.7793750000001 2096
727.3262500000001 1624
727.8731250000001 2132
728.4200000000001 1428
728.9668750000001 4020
729.5137500000001 1424
730.0606250000001 2364
730.6075000000001 2408
731.1543750000001 1672
731.7012500000001 1532
732.2481250000001 1888
732.7950000000001 2324
733.3418750000001 2588
733.8887500000001 2240
734.4356250000001 1488
734.9825000000001 1708
735.5293750000001 1928
736.0762500000001 2000
736.6231250000001 2228
737.1700000000001 1732
737.7168750000001 2496
738.2637500000001 2352
738.8106250000001 1848
739.3575000000001 3032
739.9043750000001 1944
740.4512500000001 1528
740.9981250000001 1728
741.5450000000001 1556
742.0918750000001 1552
742.6387500000001 2224
743.1856250000001 2080
743.7325000000001 1860
744.2793750000001 1976
744.8262500000001 2060
745.3731250000001 2284
745.9200000000001 3328
746.4668750000001 2116
747.0137500000001 2384
747.5606250000001 1540
748.1075000000001 1484
748.6543750000001 1900
749.2012500000001 2008
749.7481250000001 1932
750.2950000000001 1712
750.8418750000001 1940
751.3887500000001 1852
751.9356250000001 1896
752.4825000000001 1508
753.0293750000001 1420
753.5762500000001 1620
754.1231250000001 1468
754.6700000000001 1800
755.2168750000001 2792
755.7637500000001 1576
756.3106250000001 1052
756.8575000000001 2184
757.4043750000001 1884
757.9512500000001 1440
758.4981250000001 1400
759.0450000000001 2252
759.5918750000001 2176
760.1387500000001 2216
760.6856250000001 1216
761.2325000000001 3112
761.7793750000001 1820
762.3262500000001 2488
762.8731250000001 1824
763.4200000000001 1520
763.9668750000001 2212
764.5137500000001 2052
765.0606250000001 1888
765.6075000000001 2056
766.1543750000001 1920
766.7012500000001 2144
767.2481250000001 1780
767.7950000000001 2096
768.3418750000001 1608
768.8887500000001 2072
769.4356250000001 2144
769.9825000000001 1388
770.5293750000001 1616
771.0762500000001 2192
771.6231250000001 2172
772.1700000000001 1916
772.7168750000001 2136
773.2637500000001 2148
773.8106250000001 2068
774.3575000000001 1476
774.9043750000001 1312
775.4512500000001 2428
775.9981250000001 1936
776.5450000000001 1956
777.0918750000001 2052
777.6387500000001 1636
778.1856250000001 1900
778.7325000000001 2116
779.2793750000001 1736
779.8262500000001 2080
780.3731250000001 1880
780.9200000000001 2240
781.4668750000001 2556
782.0137500000001 1428
782.5606250000001 1604
783.1075000000001 2236
783.6543750000001 2192
784.2012500000001 1992
784.7481250000001 2316
785.2950000000001 1396
785.8418750000001 2068
786.3887500000001 1548
786.9356250000001 1564
787.4825000000001 1820
788.0293750000001 2084
788.5762500000001 2508
789.1231250000001 1916
789.6700000000001 1792
790.2168750000001 2128
790.7637500000001 1916
791.3106250000001 1824
791.8575000000001 1240
792.4043750000001 2312
792.9512500000001 1376
793.4981250000001 2304
794.0450000000001 2088
794.5918750000001 1980
795.1387500000001 1884
795.6856250000001 2104
796.2325000000001 2444
796.7793750000001 1628
797.3262500000001 1640
797.8731250000001 2192
798.4200000000001 1828
798.9668750000001 1712
799.5137500000001 1548
800.0606250000001 1944
800.6075000000001 1852
801.1543750000001 1340
801.7012500000001 2344
802.2481250000001 1436
802.7950000000001 2372
803.3418750000001 1776
803.8887500000001 1316
804.4356250000001 1836
804.9825000000001 2476
805.5293750000001 2620
806.0762500000001 1748
806.6231250000001 1460
807.1700000000001 2084
807.7168750000001 1860
808.2637500000001 2580
808.8106250000001 2104
809.3575000000001 1972
809.9043750000001 1592
810.4512500000001 1608
810.9981250000001 2216
811.5450000000001 2028
812.0918750000001 3652
812.6387500000001 1896
813.1856250000001 1456
813.7325000000001 3100
814.2793750000001 1828
814.8262500000001 1980
815.3731250000001 2424
815.9200000000001 2128
816.4668750000001 2216
817.0137500000001 2216
817.5606250000001 1580
818.1075000000001 2456
818.6543750000001 2216
819.2012500000001 2088
819.7481250000001 1528
820.2950000000001 2152
820.8418750000001 1504
821.3887500000001 2348
821.9356250000001 1368
822.4825000000001 1944
823.0293750000001 2224
823.5762500000001 2164
824.1231250000001 1596
824.6700000000001 1588
825.2168750000001 1564
825.7637500000001 1104
826.3106250000001 2704
826.8575000000001 1852
827.4043750000001 1620
827.9512500000001 1508
828.4981250000001 1656
829.0450000000001 2140
829.5918750000001 2108
830.1387500000001 1788
830.6856250000001 2208
831.2325000000001 1888
831.7793750000001 2056
832.3262500000001 2888
832.8731250000001 1820
833.4200000000001 1256
833.9668750000001 2224
834.5137500000001 2320
835.0606250000001 2236
835.6075000000001 1396
836.1543750000001 2108
836.7012500000001 2284
837.2481250000001 1628
837.7950000000001 1644
838.3418750000001 2928
838.8887500000001 1876
839.4356250000001 2384
839.9825000000001 2292
840.5293750000001 1720
841.0762500000001 1052
841.6231250000001 1836
842.1700000000001 1180
842.7168750000001 1828
843.2637500000001 1824
843.8106250000001 1744
844.3575000000001 1628
844.9043750000001 1888
845.4512500000001 2572
845.9981250000001 1900
846.5450000000001 1332
847.0918750000001 1440
847.6387500000001 3000
848.1856250000001 1720
848.7325000000001 2420
849.2793750000001 1684
849.8262500000001 1620
850.3731250000001 1172
850.9200000000001 2436
851.4668750000001 1464
852.0137500000001 1496
852.5606250000001 1664
853.1075000000001 2700
853.6543750000001 1972
854.2012500000001 1268
854.7481250000001 1796
855.2950000000001 1628
855.8418750000001 1872
856.3887500000001 1608
856.9356250000001 1700
857.4825000000001 1452
858.0293750000001 1944
858.5762500000001 1652
859.1231250000001 1820
859.6700000000001 2796
860.2168750000001 2304
860.7637500000001 1484
861.3106250000001 1820
861.8575000000001 1972
862.4043750000001 1432
862.9512500000001 2252
863.4981250000001 1820
864.0450000000001 2184
864.5918750000001 2416
865.1387500000001 2108
865.6856250000001 8028
866.2325000000001 1396
866.7793750000001 1612
867.3262500000001 1304
867.8731250000001 2172
868.4200000000001 1636
868.9668750000001 2208
869.5137500000001 1540
870.0606250000001 1744
870.6075000000001 1488
871.1543750000001 1768
871.7012500000001 1732
872.2481250000001 1552
872.7950000000001 1332
873.3418750000001 2448
873.8887500000001 2024
874.4356250000001 2404
874.9825000000001 2688
875.5293750000001 1744
876.0762500000001 2032
876.6231250000001 1368
877.1700000000001 1676
877.7168750000001 1552
878.2637500000001 2352
878.8106250000001 1916
879.3575000000001 1920
879.9043750000001 1572
880.4512500000001 2300
880.9981250000001 2692
881.5450000000001 1524
882.0918750000001 3000
882.6387500000001 1732
883.1856250000001 2344
883.7325000000001 1464
884.2793750000001 1440
884.8262500000001 2456
885.3731250000001 1472
885.9200000000001 1920
886.4668750000001 2124
887.0137500000001 2464
887.5606250000001 1840
888.1075000000001 1940
888.6543750000001 2144
889.2012500000001 1548
889.7481250000001 1736
890.2950000000001 1572
890.8418750000001 1860
891.3887500000001 2296
891.9356250000001 2740
892.4825000000001 1880
893.0293750000001 1984
893.5762500000001 1700
894.1231250000001 2540
894.6700000000001 1424
895.2168750000001 1960
895.7637500000001 2252
896.3106250000001 2376
896.8575000000001 1632
897.4043750000001 1716
897.9512500000001 1856
898.4981250000001 1892
899.0450000000001 2068
899.5918750000001 1328
900.1387500000001 2136
900.6856250000001 1240
901.2325000000001 2376
901.7793750000001 1808
902.3262500000001 1980
902.8731250000001 1932
903.4200000000001 1936
903.9668750000001 1704
904.5137500000001 1664
905.0606250000001 1824
905.6075000000001 2680
906.1543750000001 2120
906.7012500000001 1348
907.2481250000001 1348
907.7950000000001 3048
908.3418750000001 1868
908.8887500000001 1788
909.4356250000001 1504
909.9825000000001 1868
910.5293750000001 2360
911.0762500000001 1948
911.6231250000001 2148
912.1700000000001 2124
912.7168750000001 2224
913.2637500000001 1644
913.8106250000001 2164
914.3575000000001 1548
914.9043750000001 1884
915.4512500000001 2996
915.9981250000001 1348
916.5450000000001 2372
917.0918750000001 2300
917.6387500000001 1744
918.1856250000001 2308
918.7325000000001 1960
919.2793750000001 1620
919.8262500000001 2252
920.3731250000001 1680
920.9200000000001 1360
921.4668750000001 2132
922.0137500000001 2116
922.5606250000001 1804
923.1075000000001 2464
923.6543750000001 1800
924.2012500000001 1764
924.7481250000001 1716
925.2950000000001 1672
925.8418750000001 1524
926.3887500000001 2012
926.9356250000001 2336
927.4825000000001 1368
928.0293750000001 1848
928.5762500000001 1888
929.1231250000001 2012
929.6700000000001 1296
930.2168750000001 1600
930.7637500000001 2512
931.3106250000001 2956
931.8575000000001 1868
932.4043750000001 1348
932.9512500000001 1836
933.4981250000001 1804
934.0450000000001 2176
934.5918750000001 1304
935.1387500000001 1824
935.6856250000001 2752
936.2325000000001 2004
936.7793750000001 1684
937.3262500000001 1876
937.8731250000001 1776
938.4200000000001 1036
938.9668750000001 1648
939.5137500000001 1536
940.0606250000001 2148
940.6075000000001 2232
941.1543750000001 1872
941.7012500000001 1712
942.2481250000001 1772
942.7950000000001 1876
943.3418750000001 1856
943.8887500000001 3472
944.4356250000001 1296
944.9825000000001 1852
945.5293750000001 1916
946.0762500000001 1944
946.6231250000001 1784
947.1700000000001 1568
947.7168750000001 2724
948.2637500000001 1572
948.8106250000001 1452
949.3575000000001 1504
949.9043750000001 2084
950.4512500000001 1660
950.9981250000001 1628
951.5450000000001 1376
952.0918750000001 3540
952.6387500000001 1324
953.1856250000001 2288
953.7325000000001 2504
954.2793750000001 1920
954.8262500000001 2584
955.3731250000001 2188
955.9200000000001 1568
956.4668750000001 1372
957.0137500000001 1512
957.5606250000001 1152
958.1075000000001 1520
958.6543750000001 1952
959.2012500000001 1672
959.7481250000001 1932
960.2950000000001 2868
960.8418750000001 2084
961.3887500000001 1808
961.9356250000001 1876
962.4825000000001 2276
963.0293750000001 1648
963.5762500000001 1712
964.1231250000001 2288
964.6700000000001 1464
965.2168750000001 3308
965.7637500000001 1444
966.3106250000001 2468
966.8575000000001 1392
967.4043750000001 1640
967.9512500000001 1580
968.4981250000001 2084
969.0450000000001 2552
969.5918750000001 2472
970.1387500000001 3224
970.6856250000001 2152
971.2325000000001 1620
971.7793750000001 1848
972.3262500000001 1380
972.8731250000001 1996
973.4200000000001 1876
973.9668750000001 2772
974.5137500000001 1832
975.0606250000001 2088
975.6075000000001 2424
976.1543750000001 2252
976.7012500000001 2660
977.2481250000001 1672
977.7950000000001 1772
978.3418750000001 1628
978.8887500000001 1616
979.4356250000001 1872
979.9825000000001 2056
980.5293750000001 1672
981.0762500000001 1516
981.6231250000001 2088
982.1700000000001 1296
982.7168750000001 2152
983.2637500000001 2224
983.8106250000001 1532
984.3575000000001 1888
984.9043750000001 1828
985.4512500000001 1652
985.9981250000001 1652
986.5450000000001 1792
987.0918750000001 1872
987.6387500000001 1872
988.1856250000001 2392
988.7325000000001 1868
989.2793750000001 2308
989.8262500000001 2320
990.3731250000001 1516
990.9200000000001 1404
991.4668750000001 2440
992.0137500000001 1756
992.5606250000001 1796
993.1075000000001 2464
993.6543750000001 1848
994.2012500000001 1396
994.7481250000001 2440
995.2950000000001 1716
995.8418750000001 2280
996.3887500000001 1412
996.9356250000001 2068
997.4825000000001 1868
998.0293750000001 1912
998.5762500000001 1696
999.1231250000001 1544
999.6700000000001 1632
1000.2168750000001 1972
1000.7637500000001 1672
1001.3106250000001 1944
1001.8575000000001 2068
1002.4043750000001 2840
1002.9512500000001 2036
1003.4981250000001 1784
1004.0450000000001 1300
1004.5918750000001 2784
1005.1387500000001 2388
1005.6856250000001 1396
1006.2325000000001 1704
1006.7793750000001 1512
1007.3262500000001 2624
1007.8731250000001 1680
1008.4200000000001 1564
1008.9668750000001 2660
1009.5137500000001 1756
1010.0606250000001 1648
1010.6075000000001 1828
1011.1543750000001 1904
1011.7012500000001 2664
1012.2481250000001 1904
1012.7950000000001 1496
1013.3418750000001 1520
1013.8887500000001 2460
1014.4356250000001 1880
1014.9825000000001 1744
1015.5293750000001 2300
1016.0762500000001 2404
1016.6231250000001 2180
1017.1700000000001 1808
1017.7168750000001 2212
1018.2637500000001 2192
1018.8106250000001 1952
1019.3575000000001 1504
1019.9043750000001 2412
1020.4512500000001 1788
1020.9981250000001 1840
1021.5450000000001 1484
1022.0918750000001 2068
1022.6387500000001 2020
1023.1856250000001 1652
1023.7325000000001 2032
1024.279375 2152
1024.82625 1664
1025.373125 2800
1025.92 1604
1026.466875 1588
1027.01375 1640
1027.560625 2004
1028.1075 1576
1028.654375 1604
1029.20125 1436
1029.748125 1812
1030.295 1380
1030.841875 1332
1031.38875 1320
1031.935625 1844
1032.4825 1676
1033.029375 2384
1033.57625 1596
1034.123125 2032
1034.67 2568
1035.216875 1952
1035.76375 2668
1036.310625 2224
1036.8575 2096
1037.404375 2772
1037.95125 2484
1038.498125 2572
1039.045 2376
1039.591875 1680
1040.13875 1808
1040.685625 2004
1041.2325 3248
1041.779375 1928
1042.32625 1956
1042.873125 2000
1043.42 2036
1043.966875 1720
1044.51375 2008
1045.060625 2016
1045.6075 1640
1046.154375 2148
1046.70125 2480
1047.248125 1768
1047.795 1504
1048.341875 2172
1048.88875 1684
1049.435625 1612
1049.9825 1676
1050.529375 1496
1051.07625 2108
1051.623125 2524
1052.17 1156
1052.716875 1684
1053.26375 1468
1053.810625 3092
1054.3575 1992
1054.904375 1848
1055.45125 2092
1055.998125 1824
1056.545 1976
1057.091875 1484
1057.63875 1596
1058.185625 1932
1058.7325 2300
1059.279375 1884
1059.82625 1752
1060.373125 2460
1060.92 1860
1061.466875 2056
1062.01375 1548
1062.560625 2880
1063.1075 2804
1063.654375 1760
1064.20125 2184
1064.748125 1432
1065.295 1944
1065.841875 2128
1066.38875 2020
1066.935625 1868
1067.4825 2084
1068.029375 2156
1068.57625 1980
1069.123125 2220
1069.67 2344
1070.216875 1140
1070.76375 2100
1071.310625 2496
1071.8575 2604
1072.404375 1872
1072.95125 1724
1073.498125 2864
1074.045 2096
1074.591875 2000
1075.13875 2072
1075.685625 3164
1076.2325 1752
1076.779375 2548
1077.32625 2664
1077.873125 2232
1078.42 1868
1078.966875 1880
1079.51375 2572
1080.060625 1744
1080.6075 1372
1081.154375 1652
1081.70125 1396
1082.248125 2480
1082.795 2644
1083.341875 1272
1083.88875 2668
1084.435625 2716
1084.9825 1788
1085.529375 1828
1086.07625 2356
1086.623125 1768
1087.17 2136
1087.716875 1484
1088.26375 1608
1088.810625 2272
1089.3575 2592
1089.904375 2344
1090.45125 1888
1090.998125 1484
1091.545 1692
1092.091875 1300
1092.63875 2816
1093.185625 2020
1093.7325 1216
1094.279375 2212
1094.82625 1772
1095.373125 1624
1095.92 2176
1096.466875 1728
1097.01375 1460
1097.560625 1788
1098.1075 2144
1098.654375 1344
1099.20125 1812
1099.748125 1448
1100.295 1956
1100.841875 1756
1101.38875 2116
1101.935625 2152
1102.4825 2000
1103.029375 2196
1103.57625 1576
1104.123125 1700
1104.67 2088
1105.216875 2252
1105.76375 1932
1106.310625 1652
1106.8575 2216
1107.404375 1980
1107.95125 2188
1108.498125 2064
1109.045 2264
1109.591875 2604
1110.13875 1924
1110.685625 2084
1111.2325 2100
1111.779375 2924
1112.32625 1656
1112.873125 2212
1113.42 1932
1113.966875 2228
1114.51375 1644
1115.060625 1872
1115.6075 1448
1116.154375 1856
1116.70125 2116
1117.248125 4308
1117.795 1804
1118.341875 1804
1118.88875 1320
1119.435625 1980
1119.9825 2768
1120.529375 1708
1121.07625 1328
1121.623125 1804
1122.17 2512
1122.716875 1732
1123.26375 1940
1123.810625 2924
1124.3575 1980
1124.904375 1680
1125.45125 1448
1125.998125 2260
1126.545 1220
1127.091875 1600
1127.63875 1836
1128.185625 1904
1128.7325 2364
1129.279375 2420
1129.82625 1892
1130.373125 1844
1130.92 2956
1131.466875 2764
1132.01375 2380
1132.560625 1684
1133.1075 2516
1133.654375 2464
1134.20125 2032
1134.748125 2128
1135.295 2644
1135.841875 1732
1136.38875 1348
1136.935625 1796
1137.4825 1696
1138.029375 2760
1138.57625 2236
1139.123125 2032
1139.67 1536
1140.216875 1948
1140.76375 1868
1141.310625 2004
1141.8575 1792
1142.404375 2052
1142.95125 1668
1143.498125 1672
1144.045 2148
1144.591875 2440
1145.13875 1872
1145.685625 2540
1146.2325 1992
1146.779375 1764
1147.32625 2744
1147.873125 2856
1148.42 2448
1148.966875 1504
1149.51375 2048
1150.060625 2348
1150.6075 2296
1151.154375 1788
1151.70125 1596
1152.248125 1620
1152.795 1248
1153.341875 2056
1153.88875 2432
1154.435625 2404
1154.9825 1848
1155.529375 2216
1156.07625 1996
1156.623125 1432
1157.17 1940
1157.716875 2140
1158.26375 1628
1158.810625 1524
1159.3575 2164
1159.904375 1948
1160.45125 1968
1160.998125 1796
1161.545 2036
1162.091875 1640
1162.63875 2760
1163.185625 2016
1163.7325 2852
1164.279375 1788
1164.82625 1780
1165.373125 2000
1165.92 1796
1166.466875 2472
1167.01375 1540
1167.560625 1624
1168.1075 1940
1168.654375 2916
1169.20125 1712
1169.748125 1948
1170.295 1612
1170.841875 1604
1171.38875 1844
1171.935625 1680
1172.4825 2404
1173.029375 1792
1173.57625 1916
1174.123125 2696
1174.67 2460
1175.216875 2828
1175.76375 1876
1176.310625 2440
1176.8575 1924
1177.404375 2320
1177.95125 2804
1178.498125 2144
1179.045 1940
1179.591875 1700
1180.13875 1772
1180.685625 3068
1181.2325 1544
1181.779375 2472
1182.32625 1536
1182.873125 1940
1183.42 1724
1183.966875 1624
1184.51375 2156
1185.060625 1516
1185.6075 1896
1186.154375 2088
1186.70125 1332
1187.248125 2396
1187.795 1532
1188.341875 2364
1188.88875 1784
1189.435625 1808
1189.9825 1896
1190.529375 2144
1191.07625 1756
1191.623125 2600
1192.17 1836
1192.716875 1520
1193.26375 2156
1193.810625 1724
1194.3575 1396
1194.904375 2256
1195.45125 2204
1195.998125 2300
1196.545 1828
1197.091875 1512
1197.63875 1628
1198.185625 1864
1198.7325 2336
1199.279375 1296
1199.82625 2540
1200.373125 2356
1200.92 2660
1201.466875 1912
1202.01375 2132
1202.560625 1628
1203.1075 1800
1203.654375 2072
1204.20125 1580
1204.748125 1984
1205.295 2056
1205.841875 2140
1206.38875 2320
1206.935625 1888
1207.4825 2304
1208.029375 1832
1208.57625 1708
1209.123125 1212
1209.67 2196
1210.216875 2600
1210.76375 2124
1211.310625 2984
1211.8575 2084
1212.404375 1728
1212.95125 2228
1213.498125 1428
1214.045 1832
1214.591875 1692
1215.13875 2084
1215.685625 2092
1216.2325 1840
1216.779375 2384
1217.32625 2628
1217.873125 2232
1218.42 2500
1218.966875 2296
1219.51375 1476
1220.060625 1972
1220.6075 2116
1221.154375 1568
1221.70125 2192
1222.248125 1640
1222.795 2196
1223.341875 1924
1223.88875 2288
1224.435625 2064
1224.9825 2008
1225.529375 2748
1226.07625 1824
1226.623125 2136
1227.17 2384
1227.716875 2088
1228.26375 2504
1228.810625 2324
1229.3575 2160
1229.904375 2840
1230.45125 2172
1230.998125 2000
1231.545 2760
1232.091875 1820
1232.63875 1868
1233.185625 1784
1233.7325 3112
1234.279375 2296
1234.82625 1704
1235.373125 2012
1235.92 2224
1236.466875 2572
1237.01375 1488
1237.560625 1748
1238.1075 1996
1238.654375 2408
1239.20125 2312
1239.748125 1936
1240.295 1704
1240.841875 1728
1241.38875 1860
1241.935625 1752
1242.4825 2240
1243.029375 2308
1243.57625 1428
1244.123125 1868
1244.67 2812
1245.216875 1784
1245.76375 2548
1246.310625 2604
1246.8575 1860
1247.404375 1748
1247.95125 2516
1248.498125 2824
1249.045 2520
1249.591875 1848
1250.13875 1808
1250.685625 1628
1251.2325 2036
1251.779375 2324
1252.32625 1936
1252.873125 2540
1253.42 2196
1253.966875 1488
1254.51375 1928
1255.060625 2544
1255.6075 1292
1256.154375 1708
1256.70125 1444
1257.248125 1836
1257.795 2348
1258.341875 2684
1258.88875 2448
1259.435625 1828
1259.9825 1744
1260.529375 2676
1261.07625 2264
1261.623125 2288
1262.17 2280
1262.716875 1788
1263.26375 2444
1263.810625 3224
1264.3575 2808
1264.904375 1952
1265.45125 1564
1265.998125 1800
1266.545 1956
1267.091875 2096
1267.63875 2416
1268.185625 1744
1268.7325 2248
1269.279375 3136
1269.82625 2300
1270.373125 1900
1270.92 1792
1271.466875 2652
1272.01375 1988
1272.560625 1864
1273.1075 1824
1273.654375 1756
1274.20125 2364
1274.748125 1680
1275.295 1964
1275.841875 1876
1276.38875 2616
1276.935625 2276
1277.4825 1496
1278.029375 2380
1278.57625 2704
1279.123125 2100
1279.67 2012
1280.216875 1680
1280.76375 1948
1281.310625 1912
1281.8575 2020
1282.404375 1860
1282.95125 2148
1283.498125 1960
1284.045 1916
1284.591875 2304
1285.13875 1972
1285.685625 1928
1286.2325 1856
1286.779375 1552
1287.32625 2092
1287.873125 1896
1288.42 2148
1288.966875 1716
1289.51375 3032
1290.060625 1340
1290.6075 3356
1291.154375 2336
1291.70125 2552
1292.248125 2008
1292.795 1884
1293.341875 3080
1293.88875 2208
1294.435625 1972
1294.9825 2008
1295.529375 2000
1296.07625 1704
1296.623125 1852
1297.17 2252
1297.716875 2988
1298.26375 2512
1298.810625 2332
1299.3575 2632
1299.904375 1884
1300.45125 1920
1300.998125 2264
1301.545 2472
1302.091875 1848
1302.63875 2156
1303.185625 2096
1303.7325 1960
1304.279375 2208
1304.82625 2548
1305.373125 2360
1305.92 2396
1306.466875 2524
1307.01375 2256
1307.560625 1832
1308.1075 3124
1308.654375 2316
1309.20125 2600
1309.748125 2476
1310.295 1732
1310.841875 2088
1311.38875 2444
1311.935625 2872
1312.4825 1860
1313.029375 1928
1313.57625 2404
1314.123125 2628
1314.67 2312
1315.216875 2056
1315.76375 1564
1316.310625 1836
1316.8575 1868
1317.404375 2636
1317.95125 2404
1318.498125 1936
1319.045 2692
1319.591875 2208
1320.13875 1768
1320.685625 1820
1321.2325 2840
1321.779375 2208
1322.32625 1904
1322.873125 1944
1323.42 2460
1323.966875 1944
1324.51375 1896
1325.060625 2344
1325.6075 2048
1326.154375 2280
1326.70125 2752
1327.248125 1832
1327.795 2812
1328.341875 2284
1328.88875 2100
1329.435625 2116
1329.9825 2260
1330.529375 2240
1331.07625 1788
1331.623125 2760
1332.17 1712
1332.716875 1736
1333.26375 1608
1333.810625 2496
1334.3575 2632
1334.904375 2364
1335.45125 2228
1335.998125 2708
1336.545 2412
1337.091875 1968
1337.63875 2308
1338.185625 2004
1338.7325 2036
1339.279375 2276
1339.82625 2276
1340.373125 1668
1340.92 2512
1341.466875 1892
1342.01375 2144
1342.560625 2432
1343.1075 2484
1343.654375 2292
1344.20125 2268
1344.748125 2488
1345.295 2960
1345.841875 2052
1346.38875 2288
1346.935625 1780
1347.4825 2460
1348.029375 2240
1348.57625 2132
1349.123125 2208
1349.67 2228
1350.216875 2864
1350.76375 2048
1351.310625 2180
1351.8575 2164
1352.404375 2496
1352.95125 2248
1353.498125 1936
1354.045 3212
1354.591875 2620
1355.13875 2288
1355.685625 2348
1356.2325 1836
1356.779375 2444
1357.32625 2448
1357.873125 2740
1358.42 2088
1358.966875 2820
1359.51375 2432
1360.060625 2692
1360.6075 3176
1361.154375 2416
1361.70125 2764
1362.248125 2000
1362.795 3456
1363.341875 2928
1363.88875 2280
1364.435625 2588
1364.9825 2884
1365.529375 2532
1366.07625 3588
1366.623125 2724
1367.17 2748
1367.716875 2416
1368.26375 2268
1368.810625 2296
1369.3575 3260
1369.904375 2784
1370.45125 2416
1370.998125 2328
1371.545 2776
1372.091875 4284
1372.63875 2556
1373.185625 3760
1373.7325 2412
1374.279375 2228
1374.82625 2520
1375.373125 3004
1375.92 3024
1376.466875 2652
1377.01375 2808
1377.560625 2852
1378.1075 2824
1378.654375 2828
1379.20125 2680
1379.748125 2804
1380.295 2684
1380.841875 3100
1381.38875 2448
1381.935625 2420
1382.4825 3236
1383.029375 2096
1383.57625 2964
1384.123125 2588
1384.67 2812
1385.216875 2880
1385.76375 2512
1386.310625 2876
1386.8575 3036
1387.404375 3108
1387.95125 3288
1388.498125 2532
1389.045 3064
1389.591875 3036
1390.13875 3312
1390.685625 2532
1391.2325 3820
1391.779375 3076
1392.32625 3508
1392.873125 3416
1393.42 3248
1393.966875 3500
1394.51375 2948
1395.060625 4592
1395.6075 3912
1396.154375 2840
1396.70125 3120
1397.248125 3188
1397.795 3592
1398.341875 2636
1398.88875 3504
1399.435625 3364
1399.9825 3416
1400.529375 3096
1401.07625 3392
1401.623125 4024
1402.17 3492
1402.716875 3500
1403.26375 4124
1403.810625 3068
1404.3575 3664
1404.904375 3456
1405.45125 3668
1405.998125 3736
1406.545 3640
1407.091875 3776
1407.63875 3684
1408.185625 4612
1408.7325 4164
1409.279375 4168
1409.82625 3352
1410.373125 4000
1410.92 4404
1411.466875 4388
1412.01375 3432
1412.560625 4492
1413.1075 4756
1413.654375 3916
1414.20125 5064
1414.748125 4312
1415.295 4340
1415.841875 5496
1416.38875 4684
1416.935625 5804
1417.4825 5232
1418.029375 5008
1418.57625 5912
1419.123125 5464
