299.67 -32
300.216875 44
300.76375 -16
301.310625 16
301.8575 156
302.404375 -20
302.95125 -104
303.498125 16
304.045 12
304.591875 136
305.13875 104
305.685625 -56
306.2325 108
306.779375 -144
307.32625 300
307.873125 -68
308.42 -156
308.966875 -140
309.51375 -244
310.060625 -60
310.6075 76
311.154375 44
311.70125 -104
312.248125 -64
312.795 132
313.341875 216
313.88875 64
314.435625 148
314.9825 -76
315.529375 40
316.07625 144
316.623125 -44
317.17 -88
317.716875 32
318.26375 60
318.810625 48
319.3575 -56
319.904375 60
320.45125 -92
320.998125 16
321.545 28
322.091875 8
322.63875 -64
323.185625 212
323.7325 -28
324.279375 -44
324.82625 68
325.373125 -188
325.92 -56
326.466875 -20
327.01375 140
327.560625 -152
328.1075 68
328.654375 68
329.20125 80
329.748125 -28
330.295 40
330.841875 -20
331.38875 -100
331.935625 184
332.4825 -16
333.029375 -72
333.57625 -56
334.123125 -48
334.67 8
335.216875 8
335.76375 108
336.310625 -28
336.8575 -76
337.404375 8
337.95125 -80
338.498125 320
339.045 32
339.591875 52
340.13875 12
340.685625 72
341.2325 -52
341.779375 124
342.32625 -64
342.873125 64
343.42 -112
343.966875 -72
344.51375 -260
345.060625 -96
345.6075 40
346.154375 32
346.70125 -92
347.248125 -4
347.795 168
348.341875 68
348.88875 -92
349.435625 4
349.9825 0
350.529375 -164
351.07625 -64
351.623125 28
352.17 -176
352.716875 4
353.26375 -136
353.810625 52
354.3575 64
354.904375 -80
355.45125 -140
355.998125 88
356.545 24
357.091875 336
357.63875 -28
358.185625 40
358.7325 -192
359.279375 -76
359.82625 -4
360.373125 -116
360.92 -52
361.466875 -100
362.01375 -180
362.560625 56
363.1075 -52
363.654375 -64
364.20125 -100
364.748125 -8
365.295 116
365.841875 -32
366.38875 32
366.935625 -60
367.4825 68
368.029375 -60
368.57625 -52
369.123125 -172
369.67 -144
370.216875 72
370.76375 -68
371.310625 36
371.8575 32
372.404375 140
372.95125 12
373.498125 80
374.045 -24
374.591875 -16
375.13875 208
375.685625 -64
376.2325 0
376.779375 92
377.32625 -228
377.873125 -80
378.42 -44
378.966875 196
379.51375 84
380.060625 104
380.6075 248
381.154375 28
381.70125 -20
382.248125 0
382.795 -28
383.341875 -20
383.88875 136
384.435625 88
384.9825 -8
385.529375 8
386.07625 20
386.623125 -60
387.17 -68
387.716875 32
388.26375 0
388.810625 -52
389.3575 80
389.904375 -36
390.45125 160
390.998125 -68
391.545 0
392.091875 4
392.63875 -104
393.185625 268
393.7325 -124
394.279375 -52
394.82625 -64
395.373125 -44
395.92 112
396.466875 -116
397.01375 -32
397.560625 -28
398.1075 208
398.654375 64
399.20125 -36
399.748125 76
400.295 32
400.841875 68
401.38875 172
401.935625 -160
402.4825 104
403.029375 44
403.57625 -68
404.123125 8
404.67 116
405.216875 -4
405.76375 144
406.310625 192
406.8575 -20
407.404375 -80
407.95125 16
408.498125 52
409.045 92
409.591875 -180
410.13875 60
410.685625 -12
411.2325 -116
411.779375 -16
412.32625 -48
412.873125 -12
413.42 48
413.966875 -76
414.51375 -24
415.060625 -48
415.6075 -84
416.154375 12
416.70125 -124
417.248125 -120
417.795 100
418.341875 16
418.88875 0
419.435625 160
419.9825 -168
420.529375 -32
421.07625 -28
421.623125 104
422.17 -12
422.716875 -8
423.26375 8
423.810625 -72
424.3575 -112
424.904375 76
425.45125 12
425.998125 32
426.545 168
427.091875 -76
427.63875 -4
428.185625 48
428.7325 0
429.279375 -52
429.82625 80
430.373125 -204
430.92 4
431.466875 32
432.01375 -40
432.560625 -64
433.1075 108
433.654375 32
434.20125 -16
434.748125 72
435.295 160
435.841875 -20
436.38875 -36
436.935625 -52
437.4825 -4
438.029375 28
438.57625 60
439.123125 40
439.67 184
440.216875 44
440.76375 164
441.310625 52
441.8575 -32
442.404375 188
442.95125 -68
443.498125 244
444.045 -52
444.591875 -188
445.13875 -16
445.685625 40
446.2325 -64
446.779375 -32
447.32625 -200
447.873125 68
448.42 104
448.966875 4
449.51375 -12
450.060625 -68
450.6075 48
451.154375 144
451.70125 40
452.248125 60
452.795 -152
453.341875 -116
453.88875 -8
454.435625 -80
454.9825 -36
455.529375 -164
456.07625 -64
456.623125 88
457.17 -104
457.716875 148
458.26375 -76
458.810625 -24
459.3575 -84
459.904375 -8
460.45125 64
460.998125 52
461.545 -28
462.091875 -96
462.63875 72
463.185625 52
463.7325 116
464.279375 -12
464.82625 -192
465.373125 120
465.92 -28
466.466875 -60
467.01375 60
467.560625 140
468.1075 112
468.654375 -4
469.20125 196
469.748125 272
470.295 328
470.841875 340
471.38875 384
471.935625 328
472.4825 144
473.029375 56
473.57625 -8
474.123125 -72
474.67 256
475.216875 -280
475.76375 116
476.310625 -160
476.8575 32
477.404375 -60
477.95125 0
478.498125 -104
479.045 -48
479.591875 -8
480.13875 -48
480.685625 208
481.2325 -136
481.779375 -124
482.32625 -8
482.873125 -152
483.42 68
483.966875 -96
484.51375 24
485.060625 -40
485.6075 -68
486.154375 -60
486.70125 -68
487.248125 -176
487.795 -8
488.341875 -132
488.88875 -136
489.435625 -4
489.9825 -232
490.529375 -92
491.07625 -88
491.623125 -4
492.17 -44
492.716875 -64
493.26375 48
493.810625 -76
494.3575 64
494.904375 16
495.45125 24
495.998125 76
496.545 20
497.091875 28
497.63875 188
498.185625 104
498.7325 32
499.279375 -12
499.82625 -16
500.373125 116
500.92 104
501.466875 72
502.01375 28
502.560625 -76
503.1075 -120
503.654375 16
504.20125 44
504.748125 12
505.295 -132
505.841875 -4
506.38875 52
506.935625 84
507.4825 20
508.029375 -60
508.57625 52
509.123125 -52
509.67 -8
510.216875 28
510.76375 4
511.310625 28
511.8575 36
512.4043750000001 68
512.9512500000001 -220
513.4981250000001 160
514.0450000000001 -92
514.5918750000001 80
515.1387500000001 -108
515.6856250000001 -52
516.2325000000001 -56
516.7793750000001 76
517.3262500000001 44
517.8731250000001 140
518.4200000000001 104
518.9668750000001 -32
519.5137500000001 116
520.0606250000001 0
520.6075000000001 60
521.1543750000001 -72
521.7012500000001 -28
522.2481250000001 -84
522.7950000000001 64
523.3418750000001 -36
523.8887500000001 -72
524.4356250000001 180
524.9825000000001 -92
525.5293750000001 -52
526.0762500000001 -180
526.6231250000001 -40
527.1700000000001 -8
527.7168750000001 4
528.2637500000001 76
528.8106250000001 -96
529.3575000000001 40
529.9043750000001 -116
530.4512500000001 -12
530.9981250000001 32
531.5450000000001 -148
532.0918750000001 -116
532.6387500000001 4
533.1856250000001 88
533.7325000000001 -88
534.2793750000001 0
534.8262500000001 -8
535.3731250000001 0
535.9200000000001 28
536.4668750000001 -44
537.0137500000001 -44
537.5606250000001 148
538.1075000000001 56
538.6543750000001 24
539.2012500000001 -112
539.7481250000001 -24
540.2950000000001 -84
540.8418750000001 16
541.3887500000001 -112
541.9356250000001 76
542.4825000000001 44
543.0293750000001 76
543.5762500000001 -60
544.1231250000001 8
544.6700000000001 -104
545.2168750000001 -96
545.7637500000001 212
546.3106250000001 0
546.8575000000001 -16
547.4043750000001 -116
547.9512500000001 132
548.4981250000001 28
549.0450000000001 200
549.5918750000001 -44
550.1387500000001 84
550.6856250000001 4
551.2325000000001 48
551.7793750000001 -112
552.3262500000001 -148
552.8731250000001 152
553.4200000000001 64
553.9668750000001 8
554.5137500000001 -8
555.0606250000001 -8
555.6075000000001 40
556.1543750000001 -44
556.7012500000001 -12
557.2481250000001 8
557.7950000000001 -72
558.3418750000001 40
558.8887500000001 44
559.4356250000001 -92
559.9825000000001 -68
560.5293750000001 -76
561.0762500000001 76
561.6231250000001 84
562.1700000000001 20
562.7168750000001 -24
563.2637500000001 4
563.8106250000001 188
564.3575000000001 -44
564.9043750000001 -96
565.4512500000001 -44
565.9981250000001 -8
566.5450000000001 -44
567.0918750000001 316
567.6387500000001 8
568.1856250000001 -152
568.7325000000001 -84
569.2793750000001 -36
569.8262500000001 116
570.3731250000001 -232
570.9200000000001 84
571.4668750000001 60
572.0137500000001 -64
572.5606250000001 -120
573.1075000000001 72
573.6543750000001 48
574.2012500000001 -24
574.7481250000001 -60
575.2950000000001 -44
575.8418750000001 -60
576.3887500000001 16
576.9356250000001 8
577.4825000000001 -48
578.0293750000001 -60
578.5762500000001 24
579.1231250000001 64
579.6700000000001 76
580.2168750000001 -44
580.7637500000001 4
581.3106250000001 40
581.8575000000001 -224
582.4043750000001 0
582.9512500000001 40
583.4981250000001 -28
584.0450000000001 -128
584.5918750000001 80
585.1387500000001 180
585.6856250000001 44
586.2325000000001 108
586.7793750000001 8
587.3262500000001 52
587.8731250000001 -12
588.4200000000001 -48
588.9668750000001 -44
589.5137500000001 108
590.0606250000001 -292
590.6075000000001 28
591.1543750000001 -76
591.7012500000001 -44
592.2481250000001 -40
592.7950000000001 32
593.3418750000001 -60
593.8887500000001 132
594.4356250000001 -28
594.9825000000001 -196
595.5293750000001 16
596.0762500000001 -52
596.6231250000001 -48
597.1700000000001 -36
597.7168750000001 -80
598.2637500000001 80
598.8106250000001 -92
599.3575000000001 -44
599.9043750000001 -156
600.4512500000001 -176
600.9981250000001 -76
601.5450000000001 -304
602.0918750000001 -36
602.6387500000001 -44
603.1856250000001 32
603.7325000000001 148
604.2793750000001 -48
604.8262500000001 -16
605.3731250000001 8
605.9200000000001 100
606.4668750000001 -132
607.0137500000001 88
607.5606250000001 -104
608.1075000000001 284
608.6543750000001 -156
609.2012500000001 -72
609.7481250000001 68
610.2950000000001 -124
610.8418750000001 112
611.3887500000001 96
611.9356250000001 248
612.4825000000001 64
613.0293750000001 88
613.5762500000001 -4
614.1231250000001 92
614.6700000000001 -92
615.2168750000001 -12
615.7637500000001 -36
616.3106250000001 -60
616.8575000000001 112
617.4043750000001 -48
617.9512500000001 -236
618.4981250000001 140
619.0450000000001 -20
619.5918750000001 -64
620.1387500000001 -24
620.6856250000001 0
621.2325000000001 -68
621.7793750000001 -48
622.3262500000001 224
622.8731250000001 -84
623.4200000000001 -168
623.9668750000001 -40
624.5137500000001 -24
625.0606250000001 44
625.6075000000001 -148
626.1543750000001 156
626.7012500000001 64
627.2481250000001 128
627.7950000000001 -188
628.3418750000001 -4
628.8887500000001 16
629.4356250000001 -104
629.9825000000001 4
630.5293750000001 0
631.0762500000001 72
631.6231250000001 -208
632.1700000000001 60
632.7168750000001 -20
633.2637500000001 -116
633.8106250000001 40
634.3575000000001 0
634.9043750000001 8
635.4512500000001 -120
635.9981250000001 164
636.5450000000001 -244
637.0918750000001 -60
637.6387500000001 -40
638.1856250000001 -204
638.7325000000001 -16
639.2793750000001 -36
639.8262500000001 116
640.3731250000001 -156
640.9200000000001 -172
641.4668750000001 184
642.0137500000001 20
642.5606250000001 -84
643.1075000000001 -44
643.6543750000001 172
644.2012500000001 -140
644.7481250000001 140
645.2950000000001 88
645.8418750000001 -76
646.3887500000001 156
646.9356250000001 -112
647.4825000000001 -32
648.0293750000001 140
648.5762500000001 68
649.1231250000001 84
649.6700000000001 268
650.2168750000001 -168
650.7637500000001 208
651.3106250000001 4
651.8575000000001 -72
652.4043750000001 -172
652.9512500000001 -20
653.4981250000001 136
654.0450000000001 28
654.5918750000001 -48
655.1387500000001 -72
655.6856250000001 -40
656.2325000000001 -24
656.7793750000001 8
657.3262500000001 -168
657.8731250000001 4
658.4200000000001 40
658.9668750000001 8
659.5137500000001 -56
660.0606250000001 -32
660.6075000000001 200
661.1543750000001 -40
661.7012500000001 -80
662.2481250000001 0
662.7950000000001 -28
663.3418750000001 -16
663.8887500000001 0
664.4356250000001 172
664.9825000000001 12
665.5293750000001 44
666.0762500000001 -156
666.6231250000001 132
667.1700000000001 280
667.7168750000001 -68
668.2637500000001 232
668.8106250000001 -116
669.3575000000001 -168
669.9043750000001 8
670.4512500000001 -100
670.9981250000001 -12
671.5450000000001 -124
672.0918750000001 4
672.6387500000001 -132
673.1856250000001 64
673.7325000000001 -88
674.2793750000001 -216
674.8262500000001 120
675.3731250000001 0
675.9200000000001 276
676.4668750000001 -80
677.0137500000001 128
677.5606250000001 -108
678.1075000000001 128
678.6543750000001 16
679.2012500000001 -84
679.7481250000001 -108
680.2950000000001 40
680.8418750000001 -24
681.3887500000001 20
681.9356250000001 64
682.4825000000001 24
683.0293750000001 -140
683.5762500000001 -24
684.1231250000001 -104
684.6700000000001 -28
685.2168750000001 28
685.7637500000001 164
686.3106250000001 48
686.8575000000001 4
687.4043750000001 -72
687.9512500000001 -116
688.4981250000001 36
689.0450000000001 -88
689.5918750000001 40
690.1387500000001 20
690.6856250000001 -40
691.2325000000001 168
691.7793750000001 160
692.3262500000001 -52
692.8731250000001 56
693.4200000000001 200
693.9668750000001 72
694.5137500000001 44
695.0606250000001 -216
695.6075000000001 104
696.1543750000001 -156
696.7012500000001 -84
697.2481250000001 72
697.7950000000001 -4
698.3418750000001 -8
698.8887500000001 -100
699.4356250000001 12
699.9825000000001 -8
700.5293750000001 -164
701.0762500000001 -116
701.6231250000001 56
702.1700000000001 68
702.7168750000001 148
703.2637500000001 8
703.8106250000001 -56
704.3575000000001 -84
704.9043750000001 -100
705.4512500000001 -188
705.9981250000001 188
706.5450000000001 112
707.0918750000001 -156
707.6387500000001 -120
708.1856250000001 -84
708.7325000000001 -40
709.2793750000001 -8
709.8262500000001 -4
710.3731250000001 -200
710.9200000000001 184
711.4668750000001 -16
712.0137500000001 84
712.5606250000001 32
713.1075000000001 280
713.6543750000001 -24
714.2012500000001 136
714.7481250000001 120
715.2950000000001 -104
715.8418750000001 16
716.3887500000001 -168
716.9356250000001 0
717.4825000000001 -92
718.0293750000001 80
718.5762500000001 -156
719.1231250000001 -256
719.6700000000001 92
720.2168750000001 8
720.7637500000001 -24
721.3106250000001 -200
721.8575000000001 64
722.4043750000001 100
722.9512500000001 96
723.4981250000001 124
724.0450000000001 -104
724.5918750000001 -132
725.1387500000001 -96
725.6856250000001 -160
726.2325000000001 156
726.7793750000001 20
727.3262500000001 -44
727.8731250000001 128
728.4200000000001 28
728.9668750000001 36
729.5137500000001 148
730.0606250000001 4
730.6075000000001 40
731.1543750000001 52
731.7012500000001 -176
732.2481250000001 60
732.7950000000001 -12
733.3418750000001 112
733.8887500000001 -16
734.4356250000001 152
734.9825000000001 -56
735.5293750000001 84
736.0762500000001 52
736.6231250000001 -48
737.1700000000001 4
737.7168750000001 -64
738.2637500000001 32
738.8106250000001 0
739.3575000000001 -92
739.9043750000001 72
740.4512500000001 -268
740.9981250000001 212
741.5450000000001 -192
742.0918750000001 184
742.6387500000001 -36
743.1856250000001 48
743.7325000000001 -112
744.2793750000001 80
744.8262500000001 -32
745.3731250000001 -140
745.9200000000001 192
746.4668750000001 104
747.0137500000001 -44
747.5606250000001 160
748.1075000000001 128
748.6543750000001 36
749.2012500000001 -124
749.7481250000001 -56
750.2950000000001 156
750.8418750000001 -116
751.3887500000001 192
751.9356250000001 -12
752.4825000000001 -80
753.0293750000001 -164
753.5762500000001 -4
754.1231250000001 128
754.6700000000001 88
755.2168750000001 20
755.7637500000001 -60
756.3106250000001 -44
756.8575000000001 -52
757.4043750000001 56
757.9512500000001 120
758.4981250000001 -100
759.0450000000001 152
759.5918750000001 -12
760.1387500000001 152
760.6856250000001 -104
761.2325000000001 -20
761.7793750000001 -184
762.3262500000001 -16
762.8731250000001 -92
763.4200000000001 68
763.9668750000001 88
764.5137500000001 88
765.0606250000001 -120
765.6075000000001 200
766.1543750000001 88
766.7012500000001 -152
767.2481250000001 176
767.7950000000001 40
768.3418750000001 36
768.8887500000001 -88
769.4356250000001 -64
769.9825000000001 -108
770.5293750000001 44
771.0762500000001 16
771.6231250000001 -4
772.1700000000001 104
772.7168750000001 0
773.2637500000001 -212
773.8106250000001 -4
774.3575000000001 12
774.9043750000001 -80
775.4512500000001 -12
775.9981250000001 200
776.5450000000001 44
777.0918750000001 -32
777.6387500000001 -128
778.1856250000001 104
778.7325000000001 -148
779.2793750000001 -32
779.8262500000001 -152
780.3731250000001 -68
780.9200000000001 200
781.4668750000001 156
782.0137500000001 -84
782.5606250000001 -88
783.1075000000001 264
783.6543750000001 4
784.2012500000001 -112
784.7481250000001 140
785.2950000000001 -8
785.8418750000001 100
786.3887500000001 36
786.9356250000001 -88
787.4825000000001 -36
788.0293750000001 -36
788.5762500000001 72
789.1231250000001 -4
789.6700000000001 56
790.2168750000001 116
790.7637500000001 88
791.3106250000001 136
791.8575000000001 0
792.4043750000001 20
792.9512500000001 4
793.4981250000001 216
794.0450000000001 -12
794.5918750000001 8
795.1387500000001 292
795.6856250000001 176
796.2325000000001 -92
796.7793750000001 -80
797.3262500000001 32
797.8731250000001 -60
798.4200000000001 124
798.9668750000001 108
799.5137500000001 -16
800.0606250000001 32
800.6075000000001 -84
801.1543750000001 16
801.7012500000001 -140
802.2481250000001 -64
802.7950000000001 -104
803.3418750000001 -152
803.8887500000001 176
804.4356250000001 48
804.9825000000001 40
805.5293750000001 84
806.0762500000001 -56
806.6231250000001 -96
807.1700000000001 12
807.7168750000001 96
808.2637500000001 272
808.8106250000001 112
809.3575000000001 52
809.9043750000001 -100
810.4512500000001 44
810.9981250000001 76
811.5450000000001 160
812.0918750000001 -84
812.6387500000001 120
813.1856250000001 -204
813.7325000000001 20
814.2793750000001 -332
814.8262500000001 -188
815.3731250000001 -44
815.9200000000001 168
816.4668750000001 12
817.0137500000001 -68
817.5606250000001 -20
818.1075000000001 172
818.6543750000001 28
819.2012500000001 -8
819.7481250000001 -8
820.2950000000001 140
820.8418750000001 0
821.3887500000001 156
821.9356250000001 -132
822.4825000000001 156
823.0293750000001 40
823.5762500000001 40
824.1231250000001 -12
824.6700000000001 -208
825.2168750000001 -64
825.7637500000001 -232
826.3106250000001 0
826.8575000000001 16
827.4043750000001 -92
827.9512500000001 76
828.4981250000001 48
829.0450000000001 20
829.5918750000001 -32
830.1387500000001 32
830.6856250000001 -300
831.2325000000001 -120
831.7793750000001 -100
832.3262500000001 148
832.8731250000001 -92
833.4200000000001 -120
833.9668750000001 84
834.5137500000001 -64
835.0606250000001 -56
835.6075000000001 104
836.1543750000001 -80
836.7012500000001 84
837.2481250000001 52
837.7950000000001 -8
838.3418750000001 152
838.8887500000001 60
839.4356250000001 -108
839.9825000000001 32
840.5293750000001 -12
841.0762500000001 -104
841.6231250000001 56
842.1700000000001 -60
842.7168750000001 112
843.2637500000001 92
843.8106250000001 104
844.3575000000001 116
844.9043750000001 -16
845.4512500000001 60
845.9981250000001 -28
846.5450000000001 56
847.0918750000001 4
847.6387500000001 232
848.1856250000001 -28
848.7325000000001 16
849.2793750000001 -172
849.8262500000001 156
850.3731250000001 28
850.9200000000001 8
851.4668750000001 132
852.0137500000001 -132
852.5606250000001 -112
853.1075000000001 -184
853.6543750000001 -28
854.2012500000001 -140
854.7481250000001 -88
855.2950000000001 -48
855.8418750000001 8
856.3887500000001 64
856.9356250000001 -76
857.4825000000001 128
858.0293750000001 -144
858.5762500000001 -44
859.1231250000001 -44
859.6700000000001 -184
860.2168750000001 32
860.7637500000001 44
861.3106250000001 68
861.8575000000001 76
862.4043750000001 4
862.9512500000001 -40
863.4981250000001 164
864.0450000000001 -36
864.5918750000001 116
865.1387500000001 140
865.6856250000001 -432
866.2325000000001 -52
866.7793750000001 -4
867.3262500000001 -52
867.8731250000001 36
868.4200000000001 12
868.9668750000001 -48
869.5137500000001 -72
870.0606250000001 -172
870.6075000000001 -8
871.1543750000001 4
871.7012500000001 -156
872.2481250000001 60
872.7950000000001 -64
873.3418750000001 -100
873.8887500000001 -68
874.4356250000001 68
874.9825000000001 20
875.5293750000001 40
876.0762500000001 64
876.6231250000001 -68
877.1700000000001 -108
877.7168750000001 80
878.2637500000001 140
878.8106250000001 92
879.3575000000001 12
879.9043750000001 -60
880.4512500000001 20
880.9981250000001 12
881.5450000000001 52
882.0918750000001 -36
882.6387500000001 168
883.1856250000001 -56
883.7325000000001 -56
884.2793750000001 -144
884.8262500000001 8
885.3731250000001 -12
885.9200000000001 44
886.4668750000001 236
887.0137500000001 -24
887.5606250000001 164
888.1075000000001 112
888.6543750000001 196
889.2012500000001 88
889.7481250000001 88
890.2950000000001 -56
890.8418750000001 120
891.3887500000001 28
891.9356250000001 152
892.4825000000001 56
893.0293750000001 -208
893.5762500000001 40
894.1231250000001 100
894.6700000000001 68
895.2168750000001 108
895.7637500000001 172
896.3106250000001 -72
896.8575000000001 48
897.4043750000001 -56
897.9512500000001 -156
898.4981250000001 168
899.0450000000001 -72
899.5918750000001 168
900.1387500000001 72
900.6856250000001 -32
901.2325000000001 68
901.7793750000001 -64
902.3262500000001 52
902.8731250000001 -68
903.4200000000001 -104
903.9668750000001 68
904.5137500000001 -68
905.0606250000001 -84
905.6075000000001 -172
906.1543750000001 -16
906.7012500000001 -40
907.2481250000001 40
907.7950000000001 -36
908.3418750000001 24
908.8887500000001 80
909.4356250000001 8
909.9825000000001 32
910.5293750000001 -52
911.0762500000001 -88
911.6231250000001 76
912.1700000000001 -128
912.7168750000001 156
913.2637500000001 -80
913.8106250000001 -144
914.3575000000001 128
914.9043750000001 80
915.4512500000001 96
915.9981250000001 12
916.5450000000001 -128
917.0918750000001 136
917.6387500000001 -40
918.1856250000001 -220
918.7325000000001 -172
919.2793750000001 -40
919.8262500000001 -60
920.3731250000001 -52
920.9200000000001 -12
921.4668750000001 4
922.0137500000001 -176
922.5606250000001 168
923.1075000000001 -20
923.6543750000001 -136
924.2012500000001 44
924.7481250000001 -4
925.2950000000001 0
925.8418750000001 -80
926.3887500000001 -40
926.9356250000001 28
927.4825000000001 8
928.0293750000001 28
928.5762500000001 112
929.1231250000001 32
929.6700000000001 44
930.2168750000001 -24
930.7637500000001 -88
931.3106250000001 160
931.8575000000001 20
932.4043750000001 -20
932.9512500000001 56
933.4981250000001 -80
934.0450000000001 -36
934.5918750000001 -48
935.1387500000001 -16
935.6856250000001 180
936.2325000000001 156
936.7793750000001 -32
937.3262500000001 84
937.8731250000001 -60
938.4200000000001 -168
938.9668750000001 24
939.5137500000001 28
940.0606250000001 20
940.6075000000001 32
941.1543750000001 168
941.7012500000001 156
942.2481250000001 -64
942.7950000000001 12
943.3418750000001 -28
943.8887500000001 -28
944.4356250000001 -60
944.9825000000001 -8
945.5293750000001 -108
946.0762500000001 -16
946.6231250000001 -164
947.1700000000001 -100
947.7168750000001 -184
948.2637500000001 20
948.8106250000001 -172
949.3575000000001 -76
949.9043750000001 -24
950.4512500000001 64
950.9981250000001 148
951.5450000000001 -188
952.0918750000001 -128
952.6387500000001 36
953.1856250000001 76
953.7325000000001 116
954.2793750000001 -160
954.8262500000001 4
955.3731250000001 80
955.9200000000001 -104
956.4668750000001 16
957.0137500000001 -156
957.5606250000001 -52
958.1075000000001 0
958.6543750000001 -8
959.2012500000001 -4
959.7481250000001 56
960.2950000000001 156
960.8418750000001 -84
961.3887500000001 140
961.9356250000001 184
962.4825000000001 8
963.0293750000001 -124
963.5762500000001 212
964.1231250000001 -96
964.6700000000001 12
965.2168750000001 -28
965.7637500000001 -44
966.3106250000001 -4
966.8575000000001 -4
967.4043750000001 -20
967.9512500000001 -108
968.4981250000001 -12
969.0450000000001 124
969.5918750000001 36
970.1387500000001 380
970.6856250000001 -200
971.2325000000001 28
971.7793750000001 -52
972.3262500000001 8
972.8731250000001 52
973.4200000000001 28
973.9668750000001 -24
974.5137500000001 4
975.0606250000001 76
975.6075000000001 56
976.1543750000001 56
976.7012500000001 -68
977.2481250000001 12
977.7950000000001 112
978.3418750000001 -80
978.8887500000001 28
979.4356250000001 -8
979.9825000000001 -92
980.5293750000001 72
981.0762500000001 -68
981.6231250000001 -48
982.1700000000001 -68
982.7168750000001 -96
983.2637500000001 -140
983.8106250000001 -64
984.3575000000001 80
984.9043750000001 64
985.4512500000001 56
985.9981250000001 -4
986.5450000000001 -52
987.0918750000001 -4
987.6387500000001 180
988.1856250000001 84
988.7325000000001 164
989.2793750000001 -20
989.8262500000001 100
990.3731250000001 8
990.9200000000001 -64
991.4668750000001 -68
992.0137500000001 -88
992.5606250000001 -16
993.1075000000001 0
993.6543750000001 -88
994.2012500000001 -132
994.7481250000001 52
995.2950000000001 104
995.8418750000001 -104
996.3887500000001 -76
996.9356250000001 132
997.4825000000001 24
998.0293750000001 -72
998.5762500000001 -32
999.1231250000001 36
999.6700000000001 -36
1000.2168750000001 -148
1000.7637500000001 -224
1001.3106250000001 68
1001.8575000000001 196
1002.4043750000001 96
1002.9512500000001 76
1003.4981250000001 -12
1004.0450000000001 -112
1004.5918750000001 -20
1005.1387500000001 28
1005.6856250000001 -20
1006.2325000000001 52
1006.7793750000001 -16
1007.3262500000001 -124
1007.8731250000001 -32
1008.4200000000001 -12
1008.9668750000001 -16
1009.5137500000001 -40
1010.0606250000001 -52
1010.6075000000001 -48
1011.1543750000001 -84
1011.7012500000001 72
1012.2481250000001 92
1012.7950000000001 -24
1013.3418750000001 -12
1013.8887500000001 164
1014.4356250000001 48
1014.9825000000001 -116
1015.5293750000001 76
1016.0762500000001 12
1016.6231250000001 -200
1017.1700000000001 32
1017.7168750000001 -100
1018.2637500000001 36
1018.8106250000001 -12
1019.3575000000001 80
1019.9043750000001 12
1020.4512500000001 100
1020.9981250000001 -40
1021.5450000000001 52
1022.0918750000001 -84
1022.6387500000001 -32
1023.1856250000001 48
1023.7325000000001 -76
1024.279375 -32
1024.82625 168
1025.373125 108
1025.92 -168
1026.466875 60
1027.01375 -92
1027.560625 -60
1028.1075 40
1028.654375 -12
1029.20125 176
1029.748125 -76
1030.295 -124
1030.841875 -336
1031.38875 -44
1031.935625 120
1032.4825 -220
1033.029375 64
1033.57625 -60
1034.123125 28
1034.67 188
1035.216875 -76
1035.76375 -164
1036.310625 4
1036.8575 -132
1037.404375 240
1037.95125 124
1038.498125 20
1039.045 -132
1039.591875 28
1040.13875 -160
1040.685625 -144
1041.2325 4
1041.779375 0
1042.32625 -36
1042.873125 84
1043.42 60
1043.966875 -8
1044.51375 0
1045.060625 -36
1045.6075 -12
1046.154375 12
1046.70125 172
1047.248125 -72
1047.795 -8
1048.341875 -16
1048.88875 64
1049.435625 -152
1049.9825 -148
1050.529375 56
1051.07625 -28
1051.623125 -76
1052.17 40
1052.716875 -84
1053.26375 28
1053.810625 -104
1054.3575 148
1054.904375 44
1055.45125 -44
1055.998125 -128
1056.545 -84
1057.091875 -44
1057.63875 -124
1058.185625 -68
1058.7325 -56
1059.279375 -60
1059.82625 156
1060.373125 12
1060.92 -40
1061.466875 4
1062.01375 -4
1062.560625 -128
1063.1075 -104
1063.654375 -236
1064.20125 64
1064.748125 -64
1065.295 44
1065.841875 60
1066.38875 -96
1066.935625 132
1067.4825 -24
1068.029375 80
1068.57625 32
1069.123125 76
1069.67 -104
1070.216875 8
1070.76375 -108
1071.310625 -40
1071.8575 -68
1072.404375 -172
1072.95125 -96
1073.498125 104
1074.045 32
1074.591875 -72
1075.13875 92
1075.685625 -48
1076.2325 264
1076.779375 84
1077.32625 88
1077.873125 40
1078.42 36
1078.966875 208
1079.51375 60
1080.060625 -112
1080.6075 -16
1081.154375 -68
1081.70125 24
1082.248125 -244
1082.795 28
1083.341875 -116
1083.88875 188
1084.435625 -28
1084.9825 128
1085.529375 -64
1086.07625 240
1086.623125 -32
1087.17 88
1087.716875 52
1088.26375 72
1088.810625 -164
1089.3575 196
1089.904375 -48
1090.45125 100
1090.998125 -4
1091.545 -4
1092.091875 -32
1092.63875 -84
1093.185625 -112
1093.7325 -52
1094.279375 -152
1094.82625 -204
1095.373125 -28
1095.92 -88
1096.466875 -88
1097.01375 -108
1097.560625 16
1098.1075 -124
1098.654375 0
1099.20125 96
1099.748125 -112
1100.295 -88
1100.841875 -180
1101.38875 -48
1101.935625 -12
1102.4825 112
1103.029375 -104
1103.57625 -52
1104.123125 56
1104.67 -92
1105.216875 -88
1105.76375 4
1106.310625 -56
1106.8575 -76
1107.404375 128
1107.95125 -76
1108.498125 -36
1109.045 96
1109.591875 -112
1110.13875 40
1110.685625 104
1111.2325 48
1111.779375 84
1112.32625 -4
1112.873125 60
1113.42 -424
1113.966875 -64
1114.51375 -32
1115.060625 -100
1115.6075 -116
1116.154375 20
1116.70125 -24
1117.248125 320
1117.795 -124
1118.341875 96
1118.88875 0
1119.435625 44
1119.9825 -148
1120.529375 84
1121.07625 -12
1121.623125 232
1122.17 96
1122.716875 -64
1123.26375 -32
1123.810625 40
1124.3575 -16
1124.904375 -40
1125.45125 52
1125.998125 124
1126.545 -136
1127.091875 -152
1127.63875 -96
1128.185625 -60
1128.7325 -36
1129.279375 -32
1129.82625 -144
1130.373125 136
1130.92 -12
1131.466875 -16
1132.01375 4
1132.560625 -156
1133.1075 112
1133.654375 36
1134.20125 -48
1134.748125 68
1135.295 44
1135.841875 96
1136.38875 -12
1136.935625 -148
1137.4825 28
1138.029375 -116
1138.57625 148
1139.123125 304
1139.67 -160
1140.216875 196
1140.76375 80
1141.310625 -32
1141.8575 -72
1142.404375 -56
1142.95125 -116
1143.498125 -80
1144.045 -180
1144.591875 20
1145.13875 -32
1145.685625 -16
1146.2325 -156
1146.779375 16
1147.32625 88
1147.873125 560
1148.42 -88
1148.966875 -12
1149.51375 -252
1150.060625 -92
1150.6075 -140
1151.154375 60
1151.70125 60
1152.248125 12
1152.795 -60
1153.341875 -20
1153.88875 -16
1154.435625 -92
1154.9825 -88
1155.529375 -116
1156.07625 116
1156.623125 40
1157.17 92
1157.716875 264
1158.26375 120
1158.810625 -36
1159.3575 -52
1159.904375 -92
1160.45125 -24
1160.998125 -60
1161.545 8
1162.091875 28
1162.63875 24
1163.185625 -12
1163.7325 -268
1164.279375 68
1164.82625 -36
1165.373125 8
1165.92 152
1166.466875 -12
1167.01375 -24
1167.560625 -192
1168.1075 -168
1168.654375 180
1169.20125 96
1169.748125 -36
1170.295 52
1170.841875 92
1171.38875 96
1171.935625 172
1172.4825 -128
1173.029375 84
1173.57625 172
1174.123125 92
1174.67 -16
1175.216875 108
1175.76375 56
1176.310625 -84
1176.8575 12
1177.404375 20
1177.95125 48
1178.498125 180
1179.045 4
1179.591875 -44
1180.13875 -104
1180.685625 84
1181.2325 128
1181.779375 -36
1182.32625 24
1182.873125 124
1183.42 12
1183.966875 -144
1184.51375 -20
1185.060625 -92
1185.6075 -168
1186.154375 88
1186.70125 -64
1187.248125 -12
1187.795 60
1188.341875 -48
1188.88875 16
1189.435625 -24
1189.9825 -40
1190.529375 8
1191.07625 -40
1191.623125 -40
1192.17 -60
1192.716875 -108
1193.26375 128
1193.810625 20
1194.3575 156
1194.904375 -32
1195.45125 72
1195.998125 48
1196.545 64
1197.091875 44
1197.63875 24
1198.185625 -92
1198.7325 36
1199.279375 -124
1199.82625 -136
1200.373125 -8
1200.92 172
1201.466875 -32
1202.01375 -136
1202.560625 64
1203.1075 16
1203.654375 100
1204.20125 80
1204.748125 96
1205.295 208
1205.841875 192
1206.38875 108
1206.935625 76
1207.4825 84
1208.029375 -60
1208.57625 112
1209.123125 -4
1209.67 204
1210.216875 44
1210.76375 -12
1211.310625 48
1211.8575 104
1212.404375 88
1212.95125 72
1213.498125 8
1214.045 44
1214.591875 44
1215.13875 -104
1215.685625 -88
1216.2325 24
1216.779375 160
1217.32625 40
1217.873125 76
1218.42 4
1218.966875 -52
1219.51375 -88
1220.060625 -104
1220.6075 168
1221.154375 20
1221.70125 160
1222.248125 -60
1222.795 108
1223.341875 144
1223.88875 32
1224.435625 -288
1224.9825 -152
1225.529375 140
1226.07625 16
1226.623125 48
1227.17 -52
1227.716875 -204
1228.26375 140
1228.810625 0
1229.3575 -80
1229.904375 -76
1230.45125 -8
1230.998125 -32
1231.545 228
1232.091875 32
1232.63875 12
1233.185625 -212
1233.7325 -136
1234.279375 -44
1234.82625 -16
1235.373125 92
1235.92 92
1236.466875 128
1237.01375 4
1237.560625 -136
1238.1075 -24
1238.654375 220
1239.20125 64
1239.748125 -144
1240.295 -24
1240.841875 132
1241.38875 -88
1241.935625 88
1242.4825 -100
1243.029375 124
1243.57625 -16
1244.123125 56
1244.67 -156
1245.216875 -92
1245.76375 204
1246.310625 116
1246.8575 -132
1247.404375 -48
1247.95125 -16
1248.498125 -52
1249.045 -92
1249.591875 -28
1250.13875 80
1250.685625 -276
1251.2325 -60
1251.779375 -140
1252.32625 -60
1252.873125 -92
1253.42 8
1253.966875 -128
1254.51375 -4
1255.060625 212
1255.6075 -92
1256.154375 -20
1256.70125 16
1257.248125 8
1257.795 8
1258.341875 -168
1258.88875 -12
1259.435625 -264
1259.9825 -60
1260.529375 40
1261.07625 -36
1261.623125 -56
1262.17 32
1262.716875 100
1263.26375 -52
1263.810625 112
1264.3575 -80
1264.904375 252
1265.45125 -68
1265.998125 40
1266.545 180
1267.091875 -44
1267.63875 -20
1268.185625 -116
1268.7325 -60
1269.279375 -36
1269.82625 -300
1270.373125 28
1270.92 124
1271.466875 64
1272.01375 76
1272.560625 -28
1273.1075 -44
1273.654375 28
1274.20125 72
1274.748125 -32
1275.295 8
1275.841875 60
1276.38875 24
1276.935625 40
1277.4825 -68
1278.029375 112
1278.57625 184
1279.123125 -56
1279.67 -52
1280.216875 180
1280.76375 -8
1281.310625 108
1281.8575 8
1282.404375 -12
1282.95125 88
1283.498125 20
1284.045 -140
1284.591875 64
1285.13875 -16
1285.685625 136
1286.2325 -44
1286.779375 -104
1287.32625 -148
1287.873125 92
1288.42 148
1288.966875 -52
1289.51375 24
1290.060625 -20
1290.6075 208
1291.154375 -8
1291.70125 -56
1292.248125 60
1292.795 72
1293.341875 340
1293.88875 -296
1294.435625 -80
1294.9825 -184
1295.529375 120
1296.07625 -4
1296.623125 -92
1297.17 -20
1297.716875 -216
1298.26375 -160
1298.810625 188
1299.3575 -364
1299.904375 -96
1300.45125 148
1300.998125 100
1301.545 -196
1302.091875 4
1302.63875 -28
1303.185625 100
1303.7325 44
1304.279375 24
1304.82625 -8
1305.373125 8
1305.92 -68
1306.466875 -52
1307.01375 -76
1307.560625 48
1308.1075 -28
1308.654375 32
1309.20125 240
1309.748125 -24
1310.295 -4
1310.841875 -20
1311.38875 -68
1311.935625 -32
1312.4825 -84
1313.029375 -176
1313.57625 -44
1314.123125 204
1314.67 -204
1315.216875 -8
1315.76375 -64
1316.310625 -16
1316.8575 52
1317.404375 -20
1317.95125 -56
1318.498125 56
1319.045 116
1319.591875 -24
1320.13875 -152
1320.685625 -112
1321.2325 28
1321.779375 -104
1322.32625 -112
1322.873125 32
1323.42 80
1323.966875 24
1324.51375 72
1325.060625 64
1325.6075 40
1326.154375 -16
1326.70125 188
1327.248125 -140
1327.795 184
1328.341875 240
1328.88875 88
1329.435625 -64
1329.9825 -80
1330.529375 -76
1331.07625 -192
1331.623125 -164
1332.17 76
1332.716875 72
1333.26375 -96
1333.810625 120
1334.3575 32
1334.904375 -68
1335.45125 216
1335.998125 -212
1336.545 -36
1337.091875 64
1337.63875 48
1338.185625 -68
1338.7325 -8
1339.279375 -108
1339.82625 120
1340.373125 12
1340.92 -104
1341.466875 8
1342.01375 -92
1342.560625 -92
1343.1075 4
1343.654375 108
1344.20125 124
1344.748125 -56
1345.295 52
1345.841875 -12
1346.38875 56
1346.935625 32
1347.4825 -24
1348.029375 -36
1348.57625 -40
1349.123125 116
1349.67 -276
1350.216875 260
1350.76375 -4
1351.310625 -64
1351.8575 148
1352.404375 -196
1352.95125 136
1353.498125 -32
1354.045 -56
1354.591875 168
1355.13875 48
1355.685625 -44
1356.2325 -128
1356.779375 -56
1357.32625 -212
1357.873125 168
1358.42 -44
1358.966875 0
1359.51375 76
1360.060625 180
1360.6075 28
1361.154375 -36
1361.70125 240
1362.248125 -60
1362.795 16
1363.341875 124
1363.88875 -64
1364.435625 -48
1364.9825 -172
1365.529375 172
1366.07625 16
1366.623125 172
1367.17 -108
1367.716875 132
1368.26375 60
1368.810625 -48
1369.3575 304
1369.904375 104
1370.45125 104
1370.998125 -132
1371.545 16
1372.091875 176
1372.63875 -168
1373.185625 160
1373.7325 -148
1374.279375 -20
1374.82625 -196
1375.373125 44
1375.92 72
1376.466875 -8
1377.01375 296
1377.560625 172
1378.1075 -212
1378.654375 132
1379.20125 152
1379.748125 320
1380.295 -88
1380.841875 56
1381.38875 -56
1381.935625 -208
1382.4825 160
1383.029375 -204
1383.57625 112
1384.123125 112
1384.67 72
1385.216875 168
1385.76375 -24
1386.310625 -32
1386.8575 -180
1387.404375 64
1387.95125 12
1388.498125 -96
1389.045 -20
1389.591875 28
1390.13875 104
1390.685625 -112
1391.2325 56
1391.779375 64
1392.32625 104
1392.873125 -84
1393.42 -4
1393.966875 -64
1394.51375 -128
1395.060625 -236
1395.6075 192
1396.154375 -116
1396.70125 4
1397.248125 -260
1397.795 -148
1398.341875 -76
1398.88875 68
1399.435625 -152
1399.9825 -192
1400.529375 100
1401.07625 -96
1401.623125 84
1402.17 128
1402.716875 64
1403.26375 -164
1403.810625 -176
1404.3575 108
1404.904375 -212
1405.45125 -72
1405.998125 48
1406.545 -136
1407.091875 268
1407.63875 -12
1408.185625 -64
1408.7325 72
1409.279375 -300
1409.82625 -36
1410.373125 -60
1410.92 -124
1411.466875 40
1412.01375 -28
1412.560625 48
1413.1075 -40
1413.654375 -144
1414.20125 -120
1414.748125 -72
1415.295 -104
1415.841875 -20
1416.38875 184
1416.935625 -112
1417.4825 -356
1418.029375 -300
1418.57625 -36
1419.123125 36
