299.67 2300
300.216875 2112
300.76375 2208
301.310625 3184
301.8575 2264
302.404375 2628
302.95125 1780
303.498125 1920
304.045 1612
304.591875 2064
305.13875 2576
305.685625 1956
306.2325 2596
306.779375 3060
307.32625 2796
307.873125 2568
308.42 2988
308.966875 2212
309.51375 2260
310.060625 1756
310.6075 2008
311.154375 2060
311.70125 2072
312.248125 2272
312.795 3636
313.341875 2020
313.88875 3584
314.435625 2004
314.9825 2824
315.529375 1328
316.07625 1740
316.623125 2284
317.17 1520
317.716875 2252
318.26375 2280
318.810625 2028
319.3575 1724
319.904375 1516
320.45125 1940
320.998125 2396
321.545 1576
322.091875 2212
322.63875 2024
323.185625 1828
323.7325 1716
324.279375 2812
324.82625 2240
325.373125 2332
325.92 1880
326.466875 2064
327.01375 2096
327.560625 3208
328.1075 2004
328.654375 2020
329.20125 1948
329.748125 1816
330.295 1680
330.841875 1996
331.38875 1532
331.935625 1780
332.4825 2468
333.029375 1564
333.57625 2244
334.123125 1612
334.67 2052
335.216875 2900
335.76375 1768
336.310625 2792
336.8575 1692
337.404375 1408
337.95125 1964
338.498125 2416
339.045 2820
339.591875 1492
340.13875 1940
340.685625 1724
341.2325 2348
341.779375 1796
342.32625 1328
342.873125 3072
343.42 2396
343.966875 1664
344.51375 2224
345.060625 2604
345.6075 2196
346.154375 2376
346.70125 2396
347.248125 2152
347.795 1556
348.341875 3368
348.88875 1948
349.435625 1864
349.9825 1492
350.529375 1720
351.07625 1836
351.623125 1960
352.17 1516
352.716875 1860
353.26375 2608
353.810625 1240
354.3575 1804
354.904375 1404
355.45125 2356
355.998125 2028
356.545 1440
357.091875 2764
357.63875 1364
358.185625 1672
358.7325 1836
359.279375 1720
359.82625 1776
360.373125 1788
360.92 1168
361.466875 2132
362.01375 1956
362.560625 2264
363.1075 1672
363.654375 1468
364.20125 2816
364.748125 2152
365.295 1696
365.841875 1848
366.38875 1328
366.935625 2072
367.4825 1696
368.029375 1316
368.57625 2128
369.123125 2076
369.67 2080
370.216875 1944
370.76375 1888
371.310625 1764
371.8575 1668
372.404375 1928
372.95125 3068
373.498125 2260
374.045 2372
374.591875 2056
375.13875 2384
375.685625 1744
376.2325 1636
376.779375 1804
377.32625 2888
377.873125 2164
378.42 2140
378.966875 2456
379.51375 1504
380.060625 1840
380.6075 2428
381.154375 2336
381.70125 1732
382.248125 2284
382.795 2224
383.341875 1824
383.88875 2204
384.435625 2028
384.9825 2024
385.529375 2516
386.07625 2284
386.623125 1816
387.17 1832
387.716875 1544
388.26375 1816
388.810625 2928
389.3575 1536
389.904375 1832
390.45125 1904
390.998125 1232
391.545 1784
392.091875 1704
392.63875 2240
393.185625 2932
393.7325 1864
394.279375 2468
394.82625 1264
395.373125 1716
395.92 1548
396.466875 3052
397.01375 2208
397.560625 1748
398.1075 1544
398.654375 1444
399.20125 1728
399.748125 2628
400.295 1976
400.841875 1544
401.38875 2296
401.935625 2768
402.4825 1764
403.029375 1760
403.57625 1816
404.123125 1840
404.67 2436
405.216875 2524
405.76375 2196
406.310625 1956
406.8575 1692
407.404375 1928
407.95125 1804
408.498125 2984
409.045 2232
409.591875 2172
410.13875 2108
410.685625 1464
411.2325 1864
411.779375 1568
412.32625 1444
412.873125 1664
413.42 1936
413.966875 2412
414.51375 1752
415.060625 2312
415.6075 2092
416.154375 1636
416.70125 2060
417.248125 2448
417.795 1868
418.341875 2056
418.88875 2172
419.435625 1340
419.9825 2380
420.529375 1916
421.07625 2320
421.623125 1952
422.17 2768
422.716875 1692
423.26375 1516
423.810625 2356
424.3575 2088
424.904375 1672
425.45125 2056
425.998125 1616
426.545 1784
427.091875 2076
427.63875 1524
428.185625 2476
428.7325 1868
429.279375 1784
429.82625 1572
430.373125 2804
430.92 1304
431.466875 2936
432.01375 2836
432.560625 2332
433.1075 1548
433.654375 1592
434.20125 1548
434.748125 1328
435.295 1924
435.841875 1432
436.38875 1648
436.935625 2400
437.4825 2328
438.029375 1664
438.57625 1828
439.123125 1756
439.67 2164
440.216875 1556
440.76375 1672
441.310625 1464
441.8575 1916
442.404375 2444
442.95125 1712
443.498125 1268
444.045 1716
444.591875 2580
445.13875 1788
445.685625 1236
446.2325 3232
446.779375 2200
447.32625 2492
447.873125 4512
448.42 1716
448.966875 3064
449.51375 1568
450.060625 1700
450.6075 1408
451.154375 1344
451.70125 1876
452.248125 1576
452.795 1072
453.341875 2396
453.88875 2220
454.435625 2348
454.9825 1688
455.529375 1568
456.07625 1396
456.623125 1404
457.17 1756
457.716875 1792
458.26375 1860
458.810625 1632
459.3575 2068
459.904375 2620
460.45125 1676
460.998125 1488
461.545 1640
462.091875 4200
462.63875 1860
463.185625 1896
463.7325 2000
464.279375 1732
464.82625 2152
465.373125 1504
465.92 1912
466.466875 1716
467.01375 1596
467.560625 1548
468.1075 2316
468.654375 1596
469.20125 1624
469.748125 1528
470.295 1800
470.841875 1744
471.38875 1340
471.935625 2160
472.4825 2476
473.029375 1748
473.57625 1944
474.123125 2140
474.67 1736
475.216875 2560
475.76375 1484
476.310625 1928
476.8575 2348
477.404375 1980
477.95125 1728
478.498125 1596
479.045 3720
479.591875 1912
480.13875 1964
480.685625 1972
481.2325 1852
481.779375 2136
482.32625 1800
482.873125 1996
483.42 1924
483.966875 1648
484.51375 1224
485.060625 1388
485.6075 1688
486.154375 1816
486.70125 1316
487.248125 1792
487.795 2856
488.341875 2104
488.88875 1708
489.435625 1976
489.9825 1604
490.529375 1620
491.07625 1780
491.623125 1588
492.17 1620
492.716875 1648
493.26375 2232
493.810625 1552
494.3575 1640
494.904375 1388
495.45125 1816
495.998125 1508
496.545 1936
497.091875 2020
497.63875 1708
498.185625 1608
498.7325 1080
499.279375 1820
499.82625 2408
500.373125 1804
500.92 2524
501.466875 2664
502.01375 1388
502.560625 2200
503.1075 1744
503.654375 1940
504.20125 1508
504.748125 1684
505.295 1916
505.841875 1836
506.38875 2480
506.935625 1616
507.4825 2148
508.029375 1268
508.57625 1548
509.123125 1780
509.67 1828
510.216875 2472
510.76375 1432
511.310625 1756
511.8575 1180
512.4043750000001 2324
512.9512500000001 1336
513.4981250000001 1208
514.0450000000001 1864
514.5918750000001 1916
515.1387500000001 1816
515.6856250000001 1580
516.2325000000001 1652
516.7793750000001 1580
517.3262500000001 1396
517.8731250000001 1644
518.4200000000001 1332
518.9668750000001 1904
519.5137500000001 2264
520.0606250000001 1840
520.6075000000001 2088
521.1543750000001 1756
521.7012500000001 1352
522.2481250000001 2036
522.7950000000001 1576
523.3418750000001 1756
523.8887500000001 1276
524.4356250000001 1248
524.9825000000001 2140
525.5293750000001 1948
526.0762500000001 1324
526.6231250000001 1836
527.1700000000001 1952
527.7168750000001 1380
528.2637500000001 1452
528.8106250000001 2132
529.3575000000001 1828
529.9043750000001 1552
530.4512500000001 1444
530.9981250000001 1468
531.5450000000001 2068
532.0918750000001 1812
532.6387500000001 1988
533.1856250000001 1736
533.7325000000001 1760
534.2793750000001 2256
534.8262500000001 1704
535.3731250000001 1528
535.9200000000001 1952
536.4668750000001 2540
537.0137500000001 1712
537.5606250000001 2260
538.1075000000001 1724
538.6543750000001 1644
539.2012500000001 2552
539.7481250000001 1552
540.2950000000001 2080
540.8418750000001 2144
541.3887500000001 1588
541.9356250000001 2232
542.4825000000001 1460
543.0293750000001 2328
543.5762500000001 2312
544.1231250000001 1764
544.6700000000001 1488
545.2168750000001 1924
545.7637500000001 2088
546.3106250000001 2052
546.8575000000001 2392
547.4043750000001 1932
547.9512500000001 2016
548.4981250000001 1996
549.0450000000001 1988
549.5918750000001 1568
550.1387500000001 1628
550.6856250000001 1492
551.2325000000001 2412
551.7793750000001 1968
552.3262500000001 2264
552.8731250000001 2560
553.4200000000001 1504
553.9668750000001 2296
554.5137500000001 1692
555.0606250000001 1408
555.6075000000001 2092
556.1543750000001 2116
556.7012500000001 1384
557.2481250000001 2460
557.7950000000001 1772
558.3418750000001 1724
558.8887500000001 1336
559.4356250000001 1780
559.9825000000001 1576
560.5293750000001 1300
561.0762500000001 2796
561.6231250000001 2524
562.1700000000001 2088
562.7168750000001 2888
563.2637500000001 1800
563.8106250000001 2128
564.3575000000001 1476
564.9043750000001 2696
565.4512500000001 1832
565.9981250000001 2180
566.5450000000001 1092
567.0918750000001 2232
567.6387500000001 1648
568.1856250000001 1596
568.7325000000001 1352
569.2793750000001 2552
569.8262500000001 1784
570.3731250000001 1704
570.9200000000001 1644
571.4668750000001 1752
572.0137500000001 1744
572.5606250000001 2148
573.1075000000001 2028
573.6543750000001 1416
574.2012500000001 1796
574.7481250000001 1444
575.2950000000001 2288
575.8418750000001 1908
576.3887500000001 1716
576.9356250000001 1440
577.4825000000001 2348
578.0293750000001 1644
578.5762500000001 1760
579.1231250000001 1156
579.6700000000001 1352
580.2168750000001 1924
580.7637500000001 1732
581.3106250000001 1404
581.8575000000001 2004
582.4043750000001 1616
582.9512500000001 1836
583.4981250000001 2264
584.0450000000001 1820
584.5918750000001 2120
585.1387500000001 2464
585.6856250000001 1784
586.2325000000001 1964
586.7793750000001 2092
587.3262500000001 2576
587.8731250000001 1860
588.4200000000001 1732
588.9668750000001 2100
589.5137500000001 1448
590.0606250000001 1932
590.6075000000001 1656
591.1543750000001 1632
591.7012500000001 1348
592.2481250000001 1812
592.7950000000001 1816
593.3418750000001 2096
593.8887500000001 2060
594.4356250000001 1308
594.9825000000001 2880
595.5293750000001 1624
596.0762500000001 1548
596.6231250000001 1652
597.1700000000001 2284
597.7168750000001 2276
598.2637500000001 1704
598.8106250000001 2324
599.3575000000001 1328
599.9043750000001 1296
600.4512500000001 1556
600.9981250000001 1388
601.5450000000001 1808
602.0918750000001 1344
602.6387500000001 2012
603.1856250000001 1740
603.7325000000001 1556
604.2793750000001 1832
604.8262500000001 1708
605.3731250000001 1060
605.9200000000001 1168
606.4668750000001 2208
607.0137500000001 1748
607.5606250000001 1784
608.1075000000001 2456
608.6543750000001 1708
609.2012500000001 1272
609.7481250000001 1944
610.2950000000001 1244
610.8418750000001 1872
611.3887500000001 1832
611.9356250000001 2340
612.4825000000001 1824
613.0293750000001 1960
613.5762500000001 1704
614.1231250000001 1688
614.6700000000001 3036
615.2168750000001 2060
615.7637500000001 1760
616.3106250000001 1660
616.8575000000001 1844
617.4043750000001 1528
617.9512500000001 2088
618.4981250000001 1780
619.0450000000001 2244
619.5918750000001 1544
620.1387500000001 1484
620.6856250000001 2268
621.2325000000001 1736
621.7793750000001 1612
622.3262500000001 2416
622.8731250000001 1804
623.4200000000001 3368
623.9668750000001 1888
624.5137500000001 1448
625.0606250000001 2068
625.6075000000001 1596
626.1543750000001 1852
626.7012500000001 1320
627.2481250000001 1512
627.7950000000001 1736
628.3418750000001 1904
628.8887500000001 1724
629.4356250000001 2884
629.9825000000001 1952
630.5293750000001 2216
631.0762500000001 1464
631.6231250000001 1500
632.1700000000001 2056
632.7168750000001 1404
633.2637500000001 2404
633.8106250000001 1640
634.3575000000001 1764
634.9043750000001 2260
635.4512500000001 1880
635.9981250000001 2300
636.5450000000001 1980
637.0918750000001 1464
637.6387500000001 1668
638.1856250000001 2488
638.7325000000001 2000
639.2793750000001 1756
639.8262500000001 2132
640.3731250000001 2152
640.9200000000001 1296
641.4668750000001 1928
642.0137500000001 2276
642.5606250000001 1836
643.1075000000001 1440
643.6543750000001 1312
644.2012500000001 1896
644.7481250000001 1832
645.2950000000001 1948
645.8418750000001 1712
646.3887500000001 1888
646.9356250000001 2180
647.4825000000001 1656
648.0293750000001 1392
648.5762500000001 1480
649.1231250000001 1584
649.6700000000001 1924
650.2168750000001 1764
650.7637500000001 1828
651.3106250000001 1868
651.8575000000001 1980
652.4043750000001 1412
652.9512500000001 1724
653.4981250000001 1192
654.0450000000001 1436
654.5918750000001 2232
655.1387500000001 2056
655.6856250000001 2852
656.2325000000001 2088
656.7793750000001 2220
657.3262500000001 2048
657.8731250000001 2288
658.4200000000001 2168
658.9668750000001 1780
659.5137500000001 1832
660.0606250000001 1716
660.6075000000001 1904
661.1543750000001 2028
661.7012500000001 2036
662.2481250000001 2204
662.7950000000001 2088
663.3418750000001 1572
663.8887500000001 1816
664.4356250000001 1564
664.9825000000001 1256
665.5293750000001 1032
666.0762500000001 1860
666.6231250000001 2088
667.1700000000001 2128
667.7168750000001 2148
668.2637500000001 2364
668.8106250000001 1532
669.3575000000001 2108
669.9043750000001 1700
670.4512500000001 2448
670.9981250000001 1656
671.5450000000001 1824
672.0918750000001 1944
672.6387500000001 1920
673.1856250000001 1876
673.7325000000001 2036
674.2793750000001 2328
674.8262500000001 2996
675.3731250000001 1428
675.9200000000001 2076
676.4668750000001 1524
677.0137500000001 2136
677.5606250000001 1556
678.1075000000001 1300
678.6543750000001 1580
679.2012500000001 1200
679.7481250000001 2212
680.2950000000001 1892
680.8418750000001 1956
681.3887500000001 1804
681.9356250000001 1780
682.4825000000001 2380
683.0293750000001 1852
683.5762500000001 1348
684.1231250000001 1788
684.6700000000001 1968
685.2168750000001 1640
685.7637500000001 2500
686.3106250000001 2092
686.8575000000001 1492
687.4043750000001 1720
687.9512500000001 1628
688.4981250000001 2164
689.0450000000001 1900
689.5918750000001 2104
690.1387500000001 1644
690.6856250000001 2720
691.2325000000001 1980
691.7793750000001 1660
692.3262500000001 1376
692.8731250000001 1960
693.4200000000001 1608
693.9668750000001 2324
694.5137500000001 1284
695.0606250000001 1880
695.6075000000001 1616
696.1543750000001 2460
696.7012500000001 1776
697.2481250000001 1784
697.7950000000001 1944
698.3418750000001 2204
698.8887500000001 1348
699.4356250000001 2220
699.9825000000001 1972
700.5293750000001 1664
701.0762500000001 2228
701.6231250000001 1884
702.1700000000001 2052
702.7168750000001 2232
703.2637500000001 1480
703.8106250000001 1948
704.3575000000001 2176
704.9043750000001 2376
705.4512500000001 2016
705.9981250000001 1920
706.5450000000001 1544
707.0918750000001 1876
707.6387500000001 1692
708.1856250000001 1476
708.7325000000001 1560
709.2793750000001 1892
709.8262500000001 2976
710.3731250000001 1552
710.9200000000001 1644
711.4668750000001 1700
712.0137500000001 1920
712.5606250000001 1528
713.1075000000001 1704
713.6543750000001 2300
714.2012500000001 1824
714.7481250000001 2076
715.2950000000001 1436
715.8418750000001 1868
716.3887500000001 2040
716.9356250000001 1924
717.4825000000001 2232
718.0293750000001 1804
718.5762500000001 2228
719.1231250000001 2476
719.6700000000001 2232
720.2168750000001 1832
720.7637500000001 1900
721.3106250000001 1712
721.8575000000001 1328
722.4043750000001 2456
722.9512500000001 2172
723.4981250000001 1560
724.0450000000001 2068
724.5918750000001 1596
725.1387500000001 2000
725.6856250000001 2304
726.2325000000001 1868
726.7793750000001 1976
727.3262500000001 1692
727.8731250000001 1984
728.4200000000001 1444
728.9668750000001 3776
729.5137500000001 1380
730.0606250000001 2224
730.6075000000001 2056
731.1543750000001 1608
731.7012500000001 1612
732.2481250000001 1712
732.7950000000001 2268
733.3418750000001 2428
733.8887500000001 2036
734.4356250000001 1440
734.9825000000001 1656
735.5293750000001 1812
736.0762500000001 1888
736.6231250000001 2196
737.1700000000001 1916
737.7168750000001 2496
738.2637500000001 2332
738.8106250000001 1732
739.3575000000001 2888
739.9043750000001 1896
740.4512500000001 1640
740.9981250000001 1564
741.5450000000001 1644
742.0918750000001 1300
742.6387500000001 2100
743.1856250000001 1960
743.7325000000001 1812
744.2793750000001 2024
744.8262500000001 1964
745.3731250000001 2232
745.9200000000001 3132
746.4668750000001 2096
747.0137500000001 2280
747.5606250000001 1436
748.1075000000001 1256
748.6543750000001 1888
749.2012500000001 1932
749.7481250000001 1816
750.2950000000001 1528
750.8418750000001 1836
751.3887500000001 1708
751.9356250000001 1884
752.4825000000001 1592
753.0293750000001 1424
753.5762500000001 1660
754.1231250000001 1388
754.6700000000001 1728
755.2168750000001 2632
755.7637500000001 1496
756.3106250000001 1192
756.8575000000001 1972
757.4043750000001 2084
757.9512500000001 1516
758.4981250000001 1540
759.0450000000001 2132
759.5918750000001 2120
760.1387500000001 2080
760.6856250000001 1196
761.2325000000001 2816
761.7793750000001 1920
762.3262500000001 2432
762.8731250000001 1816
763.4200000000001 1596
763.9668750000001 2152
764.5137500000001 2056
765.0606250000001 1864
765.6075000000001 1980
766.1543750000001 1632
766.7012500000001 2324
767.2481250000001 1692
767.7950000000001 2044
768.3418750000001 1576
768.8887500000001 2124
769.4356250000001 2100
769.9825000000001 1416
770.5293750000001 1612
771.0762500000001 1992
771.6231250000001 2084
772.1700000000001 1880
772.7168750000001 2048
773.2637500000001 2088
773.8106250000001 2080
774.3575000000001 1376
774.9043750000001 1412
775.4512500000001 2312
775.9981250000001 1780
776.5450000000001 1880
777.0918750000001 1872
777.6387500000001 1652
778.1856250000001 1836
778.7325000000001 2240
779.2793750000001 1620
779.8262500000001 2196
780.3731250000001 1792
780.9200000000001 2228
781.4668750000001 2488
782.0137500000001 1492
782.5606250000001 1676
783.1075000000001 1968
783.6543750000001 2116
784.2012500000001 1968
784.7481250000001 2132
785.2950000000001 1468
785.8418750000001 1940
786.3887500000001 1492
786.9356250000001 1528
787.4825000000001 1764
788.0293750000001 2112
788.5762500000001 2432
789.1231250000001 1744
789.6700000000001 1724
790.2168750000001 2104
790.7637500000001 1968
791.3106250000001 1820
791.8575000000001 1236
792.4043750000001 2972
792.9512500000001 1476
793.4981250000001 2124
794.0450000000001 1928
794.5918750000001 1900
795.1387500000001 1820
795.6856250000001 1880
796.2325000000001 2488
796.7793750000001 1708
797.3262500000001 1608
797.8731250000001 2128
798.4200000000001 1660
798.9668750000001 1724
799.5137500000001 1556
800.0606250000001 1888
800.6075000000001 1724
801.1543750000001 1260
801.7012500000001 2284
802.2481250000001 1608
802.7950000000001 2472
803.3418750000001 1876
803.8887500000001 1232
804.4356250000001 1704
804.9825000000001 2308
805.5293750000001 2464
806.0762500000001 1772
806.6231250000001 1360
807.1700000000001 2104
807.7168750000001 1704
808.2637500000001 2256
808.8106250000001 1952
809.3575000000001 1804
809.9043750000001 1628
810.4512500000001 1600
810.9981250000001 1980
811.5450000000001 1776
812.0918750000001 3756
812.6387500000001 1732
813.1856250000001 1584
813.7325000000001 3016
814.2793750000001 2008
814.8262500000001 1976
815.3731250000001 2452
815.9200000000001 2116
816.4668750000001 2152
817.0137500000001 2192
817.5606250000001 1668
818.1075000000001 2288
818.6543750000001 2244
819.2012500000001 2056
819.7481250000001 1528
820.2950000000001 1968
820.8418750000001 1484
821.3887500000001 2196
821.9356250000001 1512
822.4825000000001 1856
823.0293750000001 2128
823.5762500000001 2088
824.1231250000001 1524
824.6700000000001 1752
825.2168750000001 1468
825.7637500000001 1232
826.3106250000001 2660
826.8575000000001 1676
827.4043750000001 1560
827.9512500000001 1536
828.4981250000001 1752
829.0450000000001 2100
829.5918750000001 2020
830.1387500000001 1844
830.6856250000001 2340
831.2325000000001 1832
831.7793750000001 1996
832.3262500000001 2788
832.8731250000001 1936
833.4200000000001 1468
833.9668750000001 2168
834.5137500000001 2192
835.0606250000001 2248
835.6075000000001 1304
836.1543750000001 2012
836.7012500000001 2200
837.2481250000001 1624
837.7950000000001 1472
838.3418750000001 2772
838.8887500000001 1944
839.4356250000001 2428
839.9825000000001 2104
840.5293750000001 1720
841.0762500000001 1148
841.6231250000001 1680
842.1700000000001 1256
842.7168750000001 1752
843.2637500000001 1612
843.8106250000001 1656
844.3575000000001 1724
844.9043750000001 1960
845.4512500000001 2556
845.9981250000001 1884
846.5450000000001 1404
847.0918750000001 1396
847.6387500000001 2876
848.1856250000001 1840
848.7325000000001 2340
849.2793750000001 1892
849.8262500000001 1548
850.3731250000001 1116
850.9200000000001 2508
851.4668750000001 1480
852.0137500000001 1452
852.5606250000001 1756
853.1075000000001 2732
853.6543750000001 1912
854.2012500000001 1408
854.7481250000001 1676
855.2950000000001 1636
855.8418750000001 1884
856.3887500000001 1640
856.9356250000001 1792
857.4825000000001 1348
858.0293750000001 2076
858.5762500000001 1616
859.1231250000001 1692
859.6700000000001 2756
860.2168750000001 2068
860.7637500000001 1472
861.3106250000001 1820
861.8575000000001 2012
862.4043750000001 1420
862.9512500000001 2144
863.4981250000001 1704
864.0450000000001 2108
864.5918750000001 2400
865.1387500000001 2048
865.6856250000001 7956
866.2325000000001 1328
866.7793750000001 1636
867.3262500000001 1352
867.8731250000001 2116
868.4200000000001 1672
868.9668750000001 2088
869.5137500000001 1652
870.0606250000001 1764
870.6075000000001 1628
871.1543750000001 1776
871.7012500000001 1724
872.2481250000001 1576
872.7950000000001 1360
873.3418750000001 2436
873.8887500000001 1896
874.4356250000001 2240
874.9825000000001 2448
875.5293750000001 1768
876.0762500000001 1900
876.6231250000001 1476
877.1700000000001 1712
877.7168750000001 1540
878.2637500000001 2332
878.8106250000001 1896
879.3575000000001 1764
879.9043750000001 1592
880.4512500000001 2180
880.9981250000001 2892
881.5450000000001 1484
882.0918750000001 2592
882.6387500000001 1620
883.1856250000001 2216
883.7325000000001 1344
884.2793750000001 1504
884.8262500000001 2324
885.3731250000001 1396
885.9200000000001 1944
886.4668750000001 1852
887.0137500000001 2276
887.5606250000001 1644
888.1075000000001 1672
888.6543750000001 1980
889.2012500000001 1572
889.7481250000001 1656
890.2950000000001 1628
890.8418750000001 1732
891.3887500000001 2176
891.9356250000001 2552
892.4825000000001 1700
893.0293750000001 1852
893.5762500000001 1664
894.1231250000001 2568
894.6700000000001 1464
895.2168750000001 1788
895.7637500000001 2212
896.3106250000001 2544
896.8575000000001 1584
897.4043750000001 1752
897.9512500000001 1772
898.4981250000001 1784
899.0450000000001 1892
899.5918750000001 1264
900.1387500000001 2084
900.6856250000001 1232
901.2325000000001 2348
901.7793750000001 1804
902.3262500000001 1948
902.8731250000001 1728
903.4200000000001 2156
903.9668750000001 1544
904.5137500000001 1768
905.0606250000001 1684
905.6075000000001 2532
906.1543750000001 2136
906.7012500000001 1328
907.2481250000001 1420
907.7950000000001 2864
908.3418750000001 1948
908.8887500000001 1772
909.4356250000001 1388
909.9825000000001 1820
910.5293750000001 2160
911.0762500000001 1956
911.6231250000001 1908
912.1700000000001 2060
912.7168750000001 2092
913.2637500000001 1824
913.8106250000001 2228
914.3575000000001 1360
914.9043750000001 1828
915.4512500000001 2564
915.9981250000001 1512
916.5450000000001 2260
917.0918750000001 2044
917.6387500000001 1688
918.1856250000001 2220
918.7325000000001 1892
919.2793750000001 1676
919.8262500000001 2252
920.3731250000001 1712
920.9200000000001 1372
921.4668750000001 2224
922.0137500000001 2104
922.5606250000001 1660
923.1075000000001 2376
923.6543750000001 1872
924.2012500000001 1680
924.7481250000001 1740
925.2950000000001 1816
925.8418750000001 1620
926.3887500000001 1976
926.9356250000001 2568
927.4825000000001 1244
928.0293750000001 1876
928.5762500000001 1832
929.1231250000001 1836
929.6700000000001 1248
930.2168750000001 1472
930.7637500000001 2460
931.3106250000001 2456
931.8575000000001 1536
932.4043750000001 1300
932.9512500000001 1720
933.4981250000001 1896
934.0450000000001 2148
934.5918750000001 1404
935.1387500000001 1716
935.6856250000001 2576
936.2325000000001 1688
936.7793750000001 1732
937.3262500000001 1804
937.8731250000001 1860
938.4200000000001 1076
938.9668750000001 1716
939.5137500000001 1448
940.0606250000001 2132
940.6075000000001 2228
941.1543750000001 1764
941.7012500000001 1532
942.2481250000001 1760
942.7950000000001 1968
943.3418750000001 1924
943.8887500000001 3508
944.4356250000001 1404
944.9825000000001 1788
945.5293750000001 1948
946.0762500000001 1980
946.6231250000001 1848
947.1700000000001 1692
947.7168750000001 2692
948.2637500000001 1504
948.8106250000001 1424
949.3575000000001 1620
949.9043750000001 1944
950.4512500000001 1540
950.9981250000001 1552
951.5450000000001 1524
952.0918750000001 3532
952.6387500000001 1256
953.1856250000001 2072
953.7325000000001 2520
954.2793750000001 2016
954.8262500000001 2512
955.3731250000001 1960
955.9200000000001 1596
956.4668750000001 1424
957.0137500000001 1552
957.5606250000001 1268
958.1075000000001 1720
958.6543750000001 1972
959.2012500000001 1772
959.7481250000001 1812
960.2950000000001 2740
960.8418750000001 1992
961.3887500000001 1804
961.9356250000001 1872
962.4825000000001 2372
963.0293750000001 1892
963.5762500000001 1608
964.1231250000001 2200
964.6700000000001 1388
965.2168750000001 3144
965.7637500000001 1408
966.3106250000001 2420
966.8575000000001 1496
967.4043750000001 1508
967.9512500000001 1660
968.4981250000001 2064
969.0450000000001 2388
969.5918750000001 2344
970.1387500000001 2988
970.6856250000001 2224
971.2325000000001 1628
971.7793750000001 1916
972.3262500000001 1328
972.8731250000001 1860
973.4200000000001 1920
973.9668750000001 2668
974.5137500000001 1844
975.0606250000001 1980
975.6075000000001 2340
976.1543750000001 2244
976.7012500000001 2524
977.2481250000001 1684
977.7950000000001 1696
978.3418750000001 1600
978.8887500000001 1668
979.4356250000001 1808
979.9825000000001 1860
980.5293750000001 1804
981.0762500000001 1360
981.6231250000001 2144
982.1700000000001 1548
982.7168750000001 2096
983.2637500000001 2220
983.8106250000001 1544
984.3575000000001 1768
984.9043750000001 1696
985.4512500000001 1632
985.9981250000001 1748
986.5450000000001 1716
987.0918750000001 1692
987.6387500000001 1828
988.1856250000001 2204
988.7325000000001 1604
989.2793750000001 2188
989.8262500000001 2172
990.3731250000001 1436
990.9200000000001 1348
991.4668750000001 2140
992.0137500000001 1732
992.5606250000001 1660
993.1075000000001 2244
993.6543750000001 2004
994.2012500000001 1532
994.7481250000001 2336
995.2950000000001 1636
995.8418750000001 2308
996.3887500000001 1380
996.9356250000001 1920
997.4825000000001 1692
998.0293750000001 1936
998.5762500000001 1804
999.1231250000001 1280
999.6700000000001 1660
1000.2168750000001 1800
1000.7637500000001 1872
1001.3106250000001 1724
1001.8575000000001 1880
1002.4043750000001 2648
1002.9512500000001 1772
1003.4981250000001 1764
1004.0450000000001 1292
1004.5918750000001 2696
1005.1387500000001 2340
1005.6856250000001 1304
1006.2325000000001 1708
1006.7793750000001 1508
1007.3262500000001 2640
1007.8731250000001 1608
1008.4200000000001 1412
1008.9668750000001 2508
1009.5137500000001 1672
1010.0606250000001 1692
1010.6075000000001 1852
1011.1543750000001 2020
1011.7012500000001 2440
1012.2481250000001 1980
1012.7950000000001 1516
1013.3418750000001 1316
1013.8887500000001 2172
1014.4356250000001 1760
1014.9825000000001 1848
1015.5293750000001 2216
1016.0762500000001 2332
1016.6231250000001 2192
1017.1700000000001 1608
1017.7168750000001 2304
1018.2637500000001 2080
1018.8106250000001 1876
1019.3575000000001 1340
1019.9043750000001 2416
1020.4512500000001 1840
1020.9981250000001 1804
1021.5450000000001 1392
1022.0918750000001 1936
1022.6387500000001 2052
1023.1856250000001 1660
1023.7325000000001 2028
1024.279375 2036
1024.82625 1580
1025.373125 2664
1025.92 1460
1026.466875 1484
1027.01375 1692
1027.560625 1980
1028.1075 1448
1028.654375 1504
1029.20125 1364
1029.748125 1712
1030.295 1600
1030.841875 1540
1031.38875 1172
1031.935625 1776
1032.4825 1716
1033.029375 2188
1033.57625 1580
1034.123125 1836
1034.67 2460
1035.216875 1976
1035.76375 2612
1036.310625 2060
1036.8575 2116
1037.404375 2608
1037.95125 2276
1038.498125 2584
1039.045 2324
1039.591875 1688
1040.13875 1832
1040.685625 2104
1041.2325 3108
1041.779375 1808
1042.32625 1872
1042.873125 2024
1043.42 1936
1043.966875 1656
1044.51375 1836
1045.060625 1980
1045.6075 1592
1046.154375 2220
1046.70125 2296
1047.248125 1648
1047.795 1528
1048.341875 2184
1048.88875 1572
1049.435625 1616
1049.9825 1652
1050.529375 1388
1051.07625 2068
1051.623125 2452
1052.17 1068
1052.716875 1712
1053.26375 1428
1053.810625 2976
1054.3575 1856
1054.904375 1768
1055.45125 1888
1055.998125 1716
1056.545 2060
1057.091875 1568
1057.63875 1604
1058.185625 1924
1058.7325 2216
1059.279375 1796
1059.82625 1580
1060.373125 2484
1060.92 1832
1061.466875 2040
1062.01375 1476
1062.560625 3000
1063.1075 2716
1063.654375 1788
1064.20125 2208
1064.748125 1564
1065.295 1824
1065.841875 1912
1066.38875 1924
1066.935625 1712
1067.4825 1824
1068.029375 2076
1068.57625 1984
1069.123125 2228
1069.67 2168
1070.216875 1136
1070.76375 1972
1071.310625 2428
1071.8575 2556
1072.404375 2008
1072.95125 1632
1073.498125 2596
1074.045 1964
1074.591875 2148
1075.13875 2476
1075.685625 3148
1076.2325 1620
1076.779375 2428
1077.32625 2396
1077.873125 2120
1078.42 1752
1078.966875 1640
1079.51375 2588
1080.060625 1840
1080.6075 1288
1081.154375 1620
1081.70125 1320
1082.248125 2344
1082.795 2552
1083.341875 1396
1083.88875 2356
1084.435625 2860
1084.9825 1744
1085.529375 1816
1086.07625 2164
1086.623125 1764
1087.17 2116
1087.716875 1352
1088.26375 1548
1088.810625 2228
1089.3575 2424
1089.904375 2200
1090.45125 1824
1090.998125 1384
1091.545 1724
1092.091875 1336
1092.63875 2752
1093.185625 2040
1093.7325 1276
1094.279375 2376
1094.82625 1900
1095.373125 1564
1095.92 2216
1096.466875 1652
1097.01375 1552
1097.560625 1796
1098.1075 2024
1098.654375 1428
1099.20125 1892
1099.748125 1480
1100.295 1868
1100.841875 1684
1101.38875 2064
1101.935625 2136
1102.4825 1844
1103.029375 2300
1103.57625 1740
1104.123125 1676
1104.67 2124
1105.216875 2132
1105.76375 1792
1106.310625 1692
1106.8575 2204
1107.404375 1964
1107.95125 1980
1108.498125 2016
1109.045 2136
1109.591875 2480
1110.13875 1968
1110.685625 1988
1111.2325 1876
1111.779375 2808
1112.32625 1732
1112.873125 2264
1113.42 2024
1113.966875 2356
1114.51375 1496
1115.060625 1940
1115.6075 1376
1116.154375 1836
1116.70125 2104
1117.248125 4056
1117.795 1792
1118.341875 1768
1118.88875 1252
1119.435625 1940
1119.9825 2936
1120.529375 1640
1121.07625 1384
1121.623125 1660
1122.17 2412
1122.716875 1632
1123.26375 1732
1123.810625 2856
1124.3575 1964
1124.904375 1616
1125.45125 1380
1125.998125 1988
1126.545 1288
1127.091875 1476
1127.63875 1804
1128.185625 1972
1128.7325 2364
1129.279375 2368
1129.82625 1848
1130.373125 1832
1130.92 2788
1131.466875 2524
1132.01375 2252
1132.560625 1720
1133.1075 2392
1133.654375 2468
1134.20125 2028
1134.748125 2032
1135.295 2060
1135.841875 1724
1136.38875 1404
1136.935625 1716
1137.4825 1484
1138.029375 2740
1138.57625 2220
1139.123125 1704
1139.67 1656
1140.216875 1772
1140.76375 1772
1141.310625 2040
1141.8575 1796
1142.404375 1828
1142.95125 1592
1143.498125 1664
1144.045 2252
1144.591875 2292
1145.13875 1848
1145.685625 2500
1146.2325 2056
1146.779375 1620
1147.32625 2536
1147.873125 2544
1148.42 2284
1148.966875 1636
1149.51375 2084
1150.060625 2328
1150.6075 2288
1151.154375 1680
1151.70125 1436
1152.248125 1564
1152.795 1316
1153.341875 1900
1153.88875 2172
1154.435625 2304
1154.9825 1780
1155.529375 2184
1156.07625 1776
1156.623125 1488
1157.17 1736
1157.716875 2056
1158.26375 1580
1158.810625 1604
1159.3575 2172
1159.904375 1996
1160.45125 1956
1160.998125 1892
1161.545 2116
1162.091875 1460
1162.63875 2648
1163.185625 1964
1163.7325 2992
1164.279375 1704
1164.82625 1732
1165.373125 2008
1165.92 1692
1166.466875 2412
1167.01375 1436
1167.560625 1656
1168.1075 1928
1168.654375 2840
1169.20125 1560
1169.748125 1920
1170.295 1680
1170.841875 1412
1171.38875 1760
1171.935625 1632
1172.4825 2484
1173.029375 1632
1173.57625 1788
1174.123125 2740
1174.67 2540
1175.216875 2708
1175.76375 1744
1176.310625 2300
1176.8575 1860
1177.404375 2244
1177.95125 2832
1178.498125 1852
1179.045 1988
1179.591875 1828
1180.13875 1868
1180.685625 2952
1181.2325 1468
1181.779375 2408
1182.32625 1564
1182.873125 1812
1183.42 1668
1183.966875 1672
1184.51375 2092
1185.060625 1608
1185.6075 1972
1186.154375 2072
1186.70125 1352
1187.248125 2308
1187.795 1352
1188.341875 2256
1188.88875 1724
1189.435625 1828
1189.9825 1988
1190.529375 2088
1191.07625 1732
1191.623125 2612
1192.17 1796
1192.716875 1608
1193.26375 2120
1193.810625 1772
1194.3575 1360
1194.904375 1968
1195.45125 1940
1195.998125 2276
1196.545 1892
1197.091875 1364
1197.63875 1668
1198.185625 1780
1198.7325 2100
1199.279375 1256
1199.82625 2484
1200.373125 2256
1200.92 2492
1201.466875 1972
1202.01375 2024
1202.560625 1676
1203.1075 1844
1203.654375 1980
1204.20125 1456
1204.748125 1876
1205.295 1896
1205.841875 2024
1206.38875 2276
1206.935625 1916
1207.4825 2236
1208.029375 1872
1208.57625 1640
1209.123125 1256
1209.67 2192
1210.216875 2404
1210.76375 2104
1211.310625 2896
1211.8575 1996
1212.404375 1724
1212.95125 2124
1213.498125 1368
1214.045 1772
1214.591875 1664
1215.13875 2024
1215.685625 2052
1216.2325 1824
1216.779375 2292
1217.32625 2604
1217.873125 2348
1218.42 2360
1218.966875 2276
1219.51375 1664
1220.060625 2116
1220.6075 2060
1221.154375 1656
1221.70125 2060
1222.248125 1684
1222.795 2236
1223.341875 1836
1223.88875 2400
1224.435625 2180
1224.9825 2112
1225.529375 2712
1226.07625 1880
1226.623125 2296
1227.17 2316
1227.716875 2032
1228.26375 2480
1228.810625 2404
1229.3575 2064
1229.904375 2716
1230.45125 2192
1230.998125 1972
1231.545 2364
1232.091875 1676
1232.63875 1896
1233.185625 1704
1233.7325 3096
1234.279375 1796
1234.82625 1736
1235.373125 1872
1235.92 2124
1236.466875 2544
1237.01375 1440
1237.560625 1856
1238.1075 1684
1238.654375 2360
1239.20125 2392
1239.748125 1960
1240.295 1644
1240.841875 1676
1241.38875 1800
1241.935625 1608
1242.4825 2196
1243.029375 2096
1243.57625 1456
1244.123125 2008
1244.67 2788
1245.216875 1868
1245.76375 2460
1246.310625 2280
1246.8575 1964
1247.404375 1844
1247.95125 2332
1248.498125 2596
1249.045 2612
1249.591875 1752
1250.13875 1808
1250.685625 1784
1251.2325 1948
1251.779375 2340
1252.32625 2028
1252.873125 2440
1253.42 2024
1253.966875 1536
1254.51375 1940
1255.060625 2380
1255.6075 1288
1256.154375 1608
1256.70125 1412
1257.248125 1828
1257.795 2360
1258.341875 2440
1258.88875 2512
1259.435625 1932
1259.9825 1700
1260.529375 2684
1261.07625 2092
1261.623125 2348
1262.17 2332
1262.716875 1748
1263.26375 2388
1263.810625 2996
1264.3575 2580
1264.904375 1784
1265.45125 1732
1265.998125 1828
1266.545 1828
1267.091875 2064
1267.63875 2364
1268.185625 1724
1268.7325 2196
1269.279375 2964
1269.82625 2384
1270.373125 1900
1270.92 1584
1271.466875 2436
1272.01375 1896
1272.560625 1816
1273.1075 1716
1273.654375 1828
1274.20125 2412
1274.748125 1724
1275.295 1876
1275.841875 1836
1276.38875 2508
1276.935625 2296
1277.4825 1400
1278.029375 2336
1278.57625 2572
1279.123125 2052
1279.67 2092
1280.216875 1632
1280.76375 1916
1281.310625 1780
1281.8575 2036
1282.404375 1960
1282.95125 2036
1283.498125 1944
1284.045 1900
1284.591875 2160
1285.13875 1844
1285.685625 1812
1286.2325 1756
1286.779375 1712
1287.32625 2144
1287.873125 1872
1288.42 2212
1288.966875 1796
1289.51375 2912
1290.060625 1412
1290.6075 3128
1291.154375 2308
1291.70125 2472
1292.248125 2044
1292.795 1872
1293.341875 2984
1293.88875 2184
1294.435625 1860
1294.9825 2296
1295.529375 1836
1296.07625 1724
1296.623125 1996
1297.17 2212
1297.716875 2952
1298.26375 2548
1298.810625 2172
1299.3575 2756
1299.904375 1956
1300.45125 1736
1300.998125 2164
1301.545 2380
1302.091875 1764
1302.63875 2176
1303.185625 1960
1303.7325 1808
1304.279375 2324
1304.82625 2472
1305.373125 2300
1305.92 2440
1306.466875 2612
1307.01375 2376
1307.560625 1820
1308.1075 3204
1308.654375 2360
1309.20125 2308
1309.748125 2284
1310.295 1768
1310.841875 1960
1311.38875 2524
1311.935625 2824
1312.4825 2052
1313.029375 1868
1313.57625 2364
1314.123125 2516
1314.67 2252
1315.216875 2032
1315.76375 1596
1316.310625 1800
1316.8575 1784
1317.404375 2488
1317.95125 2444
1318.498125 1828
1319.045 2776
1319.591875 2124
1320.13875 1884
1320.685625 2032
1321.2325 2684
1321.779375 2128
1322.32625 2076
1322.873125 1996
1323.42 2328
1323.966875 1732
1324.51375 1852
1325.060625 2352
1325.6075 2148
1326.154375 2348
1326.70125 2504
1327.248125 1832
1327.795 2508
1328.341875 2156
1328.88875 1964
1329.435625 2092
1329.9825 2336
1330.529375 2196
1331.07625 1972
1331.623125 2644
1332.17 1640
1332.716875 1580
1333.26375 1688
1333.810625 2280
1334.3575 2392
1334.904375 2288
1335.45125 2112
1335.998125 2912
1336.545 2436
1337.091875 1844
1337.63875 2324
1338.185625 1972
1338.7325 2188
1339.279375 2340
1339.82625 2196
1340.373125 1612
1340.92 2620
1341.466875 1816
1342.01375 2088
1342.560625 2356
1343.1075 2344
1343.654375 2228
1344.20125 2180
1344.748125 2428
1345.295 2716
1345.841875 1984
1346.38875 2352
1346.935625 1868
1347.4825 2588
1348.029375 2180
1348.57625 2060
1349.123125 2348
1349.67 2044
1350.216875 2584
1350.76375 2076
1351.310625 2140
1351.8575 1904
1352.404375 2560
1352.95125 2084
1353.498125 2032
1354.045 3244
1354.591875 2464
1355.13875 2132
1355.685625 2368
1356.2325 1868
1356.779375 2308
1357.32625 2472
1357.873125 2740
1358.42 2096
1358.966875 2820
1359.51375 2352
1360.060625 2480
1360.6075 2872
1361.154375 2332
1361.70125 2600
1362.248125 1960
1362.795 2476
1363.341875 2820
1363.88875 2336
1364.435625 2608
1364.9825 2940
1365.529375 2260
1366.07625 3228
1366.623125 2708
1367.17 2772
1367.716875 2364
1368.26375 2112
1368.810625 2300
1369.3575 2908
1369.904375 2656
1370.45125 2284
1370.998125 2488
1371.545 2716
1372.091875 3916
1372.63875 2448
1373.185625 3344
1373.7325 2444
1374.279375 2280
1374.82625 2532
1375.373125 3012
1375.92 2876
1376.466875 2540
1377.01375 2704
1377.560625 2580
1378.1075 2992
1378.654375 2880
1379.20125 2680
1379.748125 2648
1380.295 2540
1380.841875 3108
1381.38875 2620
1381.935625 2324
1382.4825 3200
1383.029375 2060
1383.57625 2832
1384.123125 2732
1384.67 2852
1385.216875 2804
1385.76375 2540
1386.310625 2776
1386.8575 2936
1387.404375 2952
1387.95125 3332
1388.498125 2532
1389.045 3412
1389.591875 2976
1390.13875 3244
1390.685625 2540
1391.2325 3776
1391.779375 2944
1392.32625 3240
1392.873125 3220
1393.42 3348
1393.966875 3564
1394.51375 2748
1395.060625 4624
1395.6075 3848
1396.154375 2948
1396.70125 3200
1397.248125 3564
1397.795 3504
1398.341875 2744
1398.88875 3352
1399.435625 3044
1399.9825 3168
1400.529375 2920
1401.07625 3332
1401.623125 4016
1402.17 3364
1402.716875 3340
1403.26375 4096
1403.810625 3236
1404.3575 3344
1404.904375 3656
1405.45125 3700
1405.998125 3624
1406.545 3812
1407.091875 3168
1407.63875 3624
1408.185625 4376
1408.7325 3992
1409.279375 4092
1409.82625 3364
1410.373125 3792
1410.92 4412
1411.466875 4476
1412.01375 3868
1412.560625 4552
1413.1075 4468
1413.654375 4036
1414.20125 5192
1414.748125 4048
1415.295 4328
1415.841875 5236
1416.38875 4536
1416.935625 5368
1417.4825 5464
1418.029375 5032
1418.57625 5628
1419.123125 5456
