299.67 2108
300.216875 1976
300.76375 2184
301.310625 3088
301.8575 2176
302.404375 2644
302.95125 1680
303.498125 1876
304.045 1620
304.591875 2064
305.13875 2628
305.685625 2132
306.2325 2532
306.779375 2948
307.32625 2844
307.873125 2664
308.42 3180
308.966875 2292
309.51375 2248
310.060625 1672
310.6075 2148
311.154375 2060
311.70125 2204
312.248125 2228
312.795 3576
313.341875 1824
313.88875 3840
314.435625 2056
314.9825 2916
315.529375 1300
316.07625 1556
316.623125 2412
317.17 1588
317.716875 2244
318.26375 2152
318.810625 2088
319.3575 1696
319.904375 1536
320.45125 1848
320.998125 2416
321.545 1520
322.091875 2224
322.63875 1964
323.185625 1896
323.7325 1636
324.279375 2920
324.82625 2272
325.373125 2176
325.92 1852
326.466875 1972
327.01375 2096
327.560625 3144
328.1075 1908
328.654375 1980
329.20125 1960
329.748125 1860
330.295 1808
330.841875 2144
331.38875 1488
331.935625 1812
332.4825 2504
333.029375 1608
333.57625 2180
334.123125 1768
334.67 2060
335.216875 2720
335.76375 1920
336.310625 2724
336.8575 1792
337.404375 1452
337.95125 2004
338.498125 2528
339.045 2724
339.591875 1592
340.13875 1836
340.685625 1784
341.2325 2300
341.779375 1724
342.32625 1408
342.873125 3016
343.42 2308
343.966875 1748
344.51375 2280
345.060625 2628
345.6075 2156
346.154375 2328
346.70125 2444
347.248125 2112
347.795 1612
348.341875 3320
348.88875 2056
349.435625 2004
349.9825 1608
350.529375 1856
351.07625 1904
351.623125 1952
352.17 1620
352.716875 1876
353.26375 2532
353.810625 1360
354.3575 1828
354.904375 1448
355.45125 2432
355.998125 2016
356.545 1468
357.091875 2848
357.63875 1508
358.185625 1764
358.7325 1996
359.279375 1564
359.82625 1820
360.373125 1788
360.92 1212
361.466875 1880
362.01375 1788
362.560625 2472
363.1075 1628
363.654375 1612
364.20125 2604
364.748125 2060
365.295 1736
365.841875 1748
366.38875 1336
366.935625 2100
367.4825 1764
368.029375 1240
368.57625 2160
369.123125 2044
369.67 2196
370.216875 1900
370.76375 1852
371.310625 1876
371.8575 1792
372.404375 1960
372.95125 3140
373.498125 2352
374.045 2112
374.591875 1968
375.13875 2432
375.685625 1732
376.2325 1628
376.779375 1976
377.32625 3008
377.873125 2152
378.42 1912
378.966875 2500
379.51375 1492
380.060625 1672
380.6075 2468
381.154375 2356
381.70125 1768
382.248125 2336
382.795 2072
383.341875 1808
383.88875 2284
384.435625 1896
384.9825 1916
385.529375 2800
386.07625 2204
386.623125 1852
387.17 1904
387.716875 1548
388.26375 1852
388.810625 3004
389.3575 1452
389.904375 1688
390.45125 1884
390.998125 1256
391.545 1900
392.091875 1712
392.63875 2380
393.185625 3076
393.7325 1860
394.279375 2472
394.82625 1336
395.373125 1860
395.92 1572
396.466875 3200
397.01375 2116
397.560625 1892
398.1075 1780
398.654375 1608
399.20125 1952
399.748125 2896
400.295 2192
400.841875 1892
401.38875 2660
401.935625 3536
402.4825 2472
403.029375 2444
403.57625 2864
404.123125 2832
404.67 3960
405.216875 3940
405.76375 3916
406.310625 4284
406.8575 4344
407.404375 5060
407.95125 5512
408.498125 7140
409.045 7036
409.591875 7984
410.13875 9196
410.685625 9780
411.2325 11492
411.779375 12628
412.32625 14924
412.873125 16788
413.42 20152
413.966875 23048
414.51375 25372
415.060625 29064
415.6075 32564
416.154375 34596
416.70125 38940
417.248125 41328
417.795 42384
418.341875 43536
418.88875 43688
419.435625 42700
419.9825 42220
420.529375 39700
421.07625 37596
421.623125 34940
422.17 33056
422.716875 28968
423.26375 26944
423.810625 25380
424.3575 22964
424.904375 21028
425.45125 19956
425.998125 18764
426.545 17684
427.091875 17344
427.63875 16192
428.185625 16292
428.7325 15312
429.279375 14316
429.82625 13608
430.373125 13792
430.92 11788
431.466875 12660
432.01375 11724
432.560625 10544
433.1075 8840
433.654375 8308
434.20125 7724
434.748125 7136
435.295 6916
435.841875 6224
436.38875 6276
436.935625 6456
437.4825 6248
438.029375 5384
438.57625 5428
439.123125 4944
439.67 5488
440.216875 4496
440.76375 4436
441.310625 4308
441.8575 4668
442.404375 4976
442.95125 4012
443.498125 3524
444.045 3672
444.591875 4372
445.13875 3560
445.685625 3068
446.2325 4880
446.779375 3860
447.32625 3784
447.873125 5688
448.42 2836
448.966875 4500
449.51375 2732
450.060625 2936
450.6075 2552
451.154375 2836
451.70125 2976
452.248125 2788
452.795 2372
453.341875 3724
453.88875 3452
454.435625 3116
454.9825 2732
455.529375 2628
456.07625 2536
456.623125 2288
457.17 2748
457.716875 2716
458.26375 2920
458.810625 2552
459.3575 3036
459.904375 3460
460.45125 2492
460.998125 2292
461.545 2376
462.091875 4948
462.63875 2924
463.185625 2644
463.7325 2800
464.279375 2480
464.82625 2908
465.373125 2216
465.92 2564
466.466875 2464
467.01375 2396
467.560625 2340
468.1075 2876
468.654375 2348
469.20125 2336
469.748125 2184
470.295 2484
470.841875 2372
471.38875 1976
471.935625 2888
472.4825 3104
473.029375 2176
473.57625 2692
474.123125 2744
474.67 2428
475.216875 3076
475.76375 1860
476.310625 2544
476.8575 2760
477.404375 2592
477.95125 2372
478.498125 2000
479.045 4540
479.591875 2488
480.13875 2392
480.685625 2556
481.2325 2416
481.779375 2676
482.32625 2556
482.873125 2544
483.42 2644
483.966875 2324
484.51375 1828
485.060625 1864
485.6075 2288
486.154375 2372
486.70125 1800
487.248125 2436
487.795 3496
488.341875 2676
488.88875 2140
489.435625 2640
489.9825 2136
490.529375 2260
491.07625 2264
491.623125 2008
492.17 2032
492.716875 2212
493.26375 2468
493.810625 2120
494.3575 2180
494.904375 1908
495.45125 2104
495.998125 1860
496.545 2292
497.091875 2440
497.63875 2296
498.185625 2004
498.7325 1672
499.279375 2304
499.82625 2876
500.373125 2460
500.92 2972
501.466875 3132
502.01375 1844
502.560625 2572
503.1075 2116
503.654375 2416
504.20125 2120
504.748125 2012
505.295 2380
505.841875 2308
506.38875 2828
506.935625 2120
507.4825 2548
508.029375 1808
508.57625 1852
509.123125 2144
509.67 2592
510.216875 2872
510.76375 1856
511.310625 2116
511.8575 1444
512.4043750000001 2612
512.9512500000001 1628
513.4981250000001 1544
514.0450000000001 2232
514.5918750000001 2244
515.1387500000001 2224
515.6856250000001 2028
516.2325000000001 2020
516.7793750000001 1636
517.3262500000001 1652
517.8731250000001 2176
518.4200000000001 1772
518.9668750000001 2356
519.5137500000001 2680
520.0606250000001 2012
520.6075000000001 2220
521.1543750000001 1840
521.7012500000001 1732
522.2481250000001 2348
522.7950000000001 1748
523.3418750000001 1892
523.8887500000001 1468
524.4356250000001 1528
524.9825000000001 2572
525.5293750000001 2148
526.0762500000001 1668
526.6231250000001 2140
527.1700000000001 2196
527.7168750000001 1772
528.2637500000001 1640
528.8106250000001 2108
529.3575000000001 2032
529.9043750000001 1852
530.4512500000001 1796
530.9981250000001 1744
531.5450000000001 2336
532.0918750000001 2084
532.6387500000001 2124
533.1856250000001 1756
533.7325000000001 1860
534.2793750000001 2300
534.8262500000001 1876
535.3731250000001 1752
535.9200000000001 2132
536.4668750000001 2636
537.0137500000001 1932
537.5606250000001 2460
538.1075000000001 1876
538.6543750000001 1848
539.2012500000001 2672
539.7481250000001 1820
540.2950000000001 2156
540.8418750000001 2368
541.3887500000001 1720
541.9356250000001 2380
542.4825000000001 1704
543.0293750000001 2392
543.5762500000001 2720
544.1231250000001 1932
544.6700000000001 1528
545.2168750000001 1992
545.7637500000001 2224
546.3106250000001 2236
546.8575000000001 2484
547.4043750000001 2000
547.9512500000001 2148
548.4981250000001 2032
549.0450000000001 2068
549.5918750000001 1716
550.1387500000001 1932
550.6856250000001 1604
551.2325000000001 2484
551.7793750000001 2220
552.3262500000001 2564
552.8731250000001 2652
553.4200000000001 1640
553.9668750000001 2348
554.5137500000001 1976
555.0606250000001 1632
555.6075000000001 2268
556.1543750000001 2584
556.7012500000001 1572
557.2481250000001 2468
557.7950000000001 2044
558.3418750000001 1832
558.8887500000001 1652
559.4356250000001 1956
559.9825000000001 1636
560.5293750000001 1328
561.0762500000001 3120
561.6231250000001 2628
562.1700000000001 2116
562.7168750000001 2960
563.2637500000001 2000
563.8106250000001 2252
564.3575000000001 1748
564.9043750000001 2736
565.4512500000001 2080
565.9981250000001 2152
566.5450000000001 1468
567.0918750000001 2236
567.6387500000001 1668
568.1856250000001 1796
568.7325000000001 1540
569.2793750000001 2636
569.8262500000001 2032
570.3731250000001 1972
570.9200000000001 1732
571.4668750000001 1940
572.0137500000001 1996
572.5606250000001 2272
573.1075000000001 2220
573.6543750000001 1504
574.2012500000001 1864
574.7481250000001 1612
575.2950000000001 2432
575.8418750000001 2064
576.3887500000001 1892
576.9356250000001 1468
577.4825000000001 2380
578.0293750000001 1608
578.5762500000001 1808
579.1231250000001 1348
579.6700000000001 1548
580.2168750000001 2144
580.7637500000001 1824
581.3106250000001 1612
581.8575000000001 2064
582.4043750000001 1700
582.9512500000001 1868
583.4981250000001 2588
584.0450000000001 1904
584.5918750000001 2160
585.1387500000001 2608
585.6856250000001 1948
586.2325000000001 2076
586.7793750000001 2212
587.3262500000001 2524
587.8731250000001 1932
588.4200000000001 1776
588.9668750000001 2260
589.5137500000001 1556
590.0606250000001 1772
590.6075000000001 1712
591.1543750000001 1844
591.7012500000001 1484
592.2481250000001 1800
592.7950000000001 1984
593.3418750000001 2272
593.8887500000001 2200
594.4356250000001 1460
594.9825000000001 3128
595.5293750000001 1780
596.0762500000001 1708
596.6231250000001 1744
597.1700000000001 2424
597.7168750000001 2400
598.2637500000001 1808
598.8106250000001 2524
599.3575000000001 1348
599.9043750000001 1396
600.4512500000001 1612
600.9981250000001 1424
601.5450000000001 1912
602.0918750000001 1508
602.6387500000001 2132
603.1856250000001 1932
603.7325000000001 1708
604.2793750000001 1964
604.8262500000001 1820
605.3731250000001 1336
605.9200000000001 1292
606.4668750000001 2296
607.0137500000001 1872
607.5606250000001 1804
608.1075000000001 2520
608.6543750000001 1812
609.2012500000001 1384
609.7481250000001 2056
610.2950000000001 1312
610.8418750000001 1820
611.3887500000001 2032
611.9356250000001 2256
612.4825000000001 1920
613.0293750000001 2164
613.5762500000001 1832
614.1231250000001 1656
614.6700000000001 3116
615.2168750000001 2264
615.7637500000001 1796
616.3106250000001 1936
616.8575000000001 1824
617.4043750000001 1500
617.9512500000001 2220
618.4981250000001 1852
619.0450000000001 2348
619.5918750000001 1532
620.1387500000001 1648
620.6856250000001 2472
621.2325000000001 1716
621.7793750000001 1716
622.3262500000001 2440
622.8731250000001 1816
623.4200000000001 3360
623.9668750000001 2072
624.5137500000001 1480
625.0606250000001 2176
625.6075000000001 1728
626.1543750000001 1788
626.7012500000001 1424
627.2481250000001 1628
627.7950000000001 1868
628.3418750000001 1956
628.8887500000001 1840
629.4356250000001 2704
629.9825000000001 1928
630.5293750000001 2284
631.0762500000001 1532
631.6231250000001 1564
632.1700000000001 2044
632.7168750000001 1536
633.2637500000001 2288
633.8106250000001 1636
634.3575000000001 1556
634.9043750000001 2184
635.4512500000001 1720
635.9981250000001 2276
636.5450000000001 2008
637.0918750000001 1384
637.6387500000001 1788
638.1856250000001 2452
638.7325000000001 2028
639.2793750000001 1796
639.8262500000001 2120
640.3731250000001 2196
640.9200000000001 1452
641.4668750000001 1932
642.0137500000001 2100
642.5606250000001 1936
643.1075000000001 1792
643.6543750000001 1288
644.2012500000001 1860
644.7481250000001 1772
645.2950000000001 1996
645.8418750000001 1864
646.3887500000001 1884
646.9356250000001 2140
647.4825000000001 1732
648.0293750000001 1312
648.5762500000001 1384
649.1231250000001 1884
649.6700000000001 2064
650.2168750000001 1856
650.7637500000001 1772
651.3106250000001 1612
651.8575000000001 2000
652.4043750000001 1396
652.9512500000001 1832
653.4981250000001 1152
654.0450000000001 1468
654.5918750000001 2152
655.1387500000001 2044
655.6856250000001 2816
656.2325000000001 2036
656.7793750000001 2232
657.3262500000001 2000
657.8731250000001 2188
658.4200000000001 2244
658.9668750000001 1792
659.5137500000001 1860
660.0606250000001 1676
660.6075000000001 1904
661.1543750000001 2144
661.7012500000001 2116
662.2481250000001 2036
662.7950000000001 2116
663.3418750000001 1376
663.8887500000001 1852
664.4356250000001 1640
664.9825000000001 1360
665.5293750000001 1172
666.0762500000001 1736
666.6231250000001 2060
667.1700000000001 2064
667.7168750000001 2280
668.2637500000001 2300
668.8106250000001 1544
669.3575000000001 2076
669.9043750000001 1684
670.4512500000001 2428
670.9981250000001 1560
671.5450000000001 1924
672.0918750000001 1812
672.6387500000001 1896
673.1856250000001 1796
673.7325000000001 1852
674.2793750000001 2432
674.8262500000001 2852
675.3731250000001 1380
675.9200000000001 2228
676.4668750000001 1624
677.0137500000001 2188
677.5606250000001 1620
678.1075000000001 1400
678.6543750000001 1548
679.2012500000001 1320
679.7481250000001 2300
680.2950000000001 1940
680.8418750000001 1964
681.3887500000001 1796
681.9356250000001 1788
682.4825000000001 2480
683.0293750000001 1872
683.5762500000001 1484
684.1231250000001 2008
684.6700000000001 2048
685.2168750000001 1544
685.7637500000001 2708
686.3106250000001 2064
686.8575000000001 1512
687.4043750000001 1772
687.9512500000001 1576
688.4981250000001 2164
689.0450000000001 1976
689.5918750000001 2200
690.1387500000001 1556
690.6856250000001 2736
691.2325000000001 2068
691.7793750000001 1752
692.3262500000001 1204
692.8731250000001 1884
693.4200000000001 1516
693.9668750000001 2128
694.5137500000001 1412
695.0606250000001 1788
695.6075000000001 1640
696.1543750000001 2356
696.7012500000001 1916
697.2481250000001 1616
697.7950000000001 2076
698.3418750000001 2264
698.8887500000001 1180
699.4356250000001 2164
699.9825000000001 2068
700.5293750000001 1588
701.0762500000001 2188
701.6231250000001 2016
702.1700000000001 1864
702.7168750000001 2236
703.2637500000001 1512
703.8106250000001 1904
704.3575000000001 2248
704.9043750000001 2364
705.4512500000001 2128
705.9981250000001 1968
706.5450000000001 1592
707.0918750000001 1888
707.6387500000001 1716
708.1856250000001 1484
708.7325000000001 1752
709.2793750000001 2032
709.8262500000001 2768
710.3731250000001 1528
710.9200000000001 1544
711.4668750000001 1728
712.0137500000001 1952
712.5606250000001 1668
713.1075000000001 1580
713.6543750000001 2396
714.2012500000001 1828
714.7481250000001 2156
715.2950000000001 1468
715.8418750000001 1816
716.3887500000001 2148
716.9356250000001 1944
717.4825000000001 2268
718.0293750000001 1940
718.5762500000001 2340
719.1231250000001 2484
719.6700000000001 2192
720.2168750000001 1616
720.7637500000001 1820
721.3106250000001 1732
721.8575000000001 1284
722.4043750000001 2556
722.9512500000001 2096
723.4981250000001 1444
724.0450000000001 2116
724.5918750000001 1704
725.1387500000001 2000
725.6856250000001 2248
726.2325000000001 1724
726.7793750000001 1968
727.3262500000001 1752
727.8731250000001 1912
728.4200000000001 1232
728.9668750000001 3696
729.5137500000001 1340
730.0606250000001 2224
730.6075000000001 2284
731.1543750000001 1704
731.7012500000001 1532
732.2481250000001 1744
732.7950000000001 2072
733.3418750000001 2392
733.8887500000001 2164
734.4356250000001 1360
734.9825000000001 1688
735.5293750000001 1800
736.0762500000001 1952
736.6231250000001 2200
737.1700000000001 1756
737.7168750000001 2344
738.2637500000001 2416
738.8106250000001 1888
739.3575000000001 2896
739.9043750000001 1884
740.4512500000001 1520
740.9981250000001 1708
741.5450000000001 1644
742.0918750000001 1376
742.6387500000001 2200
743.1856250000001 1920
743.7325000000001 1696
744.2793750000001 1908
744.8262500000001 1904
745.3731250000001 2324
745.9200000000001 3168
746.4668750000001 1964
747.0137500000001 2164
747.5606250000001 1496
748.1075000000001 1420
748.6543750000001 2000
749.2012500000001 2200
749.7481250000001 2008
750.2950000000001 1612
750.8418750000001 1940
751.3887500000001 1756
751.9356250000001 1900
752.4825000000001 1636
753.0293750000001 1596
753.5762500000001 1672
754.1231250000001 1432
754.6700000000001 1684
755.2168750000001 2676
755.7637500000001 1532
756.3106250000001 1136
756.8575000000001 2292
757.4043750000001 2004
757.9512500000001 1360
758.4981250000001 1524
759.0450000000001 2052
759.5918750000001 2076
760.1387500000001 2216
760.6856250000001 1292
761.2325000000001 2772
761.7793750000001 1820
762.3262500000001 2452
762.8731250000001 1856
763.4200000000001 1396
763.9668750000001 2012
764.5137500000001 1936
765.0606250000001 1808
765.6075000000001 2092
766.1543750000001 1796
766.7012500000001 2192
767.2481250000001 1624
767.7950000000001 1992
768.3418750000001 1692
768.8887500000001 2140
769.4356250000001 2168
769.9825000000001 1408
770.5293750000001 1644
771.0762500000001 1992
771.6231250000001 2232
772.1700000000001 1916
772.7168750000001 2116
773.2637500000001 2216
773.8106250000001 2044
774.3575000000001 1580
774.9043750000001 1376
775.4512500000001 2388
775.9981250000001 1840
776.5450000000001 1812
777.0918750000001 2020
777.6387500000001 1772
778.1856250000001 1912
778.7325000000001 2188
779.2793750000001 1792
779.8262500000001 2116
780.3731250000001 1880
780.9200000000001 2172
781.4668750000001 2332
782.0137500000001 1644
782.5606250000001 1676
783.1075000000001 2088
783.6543750000001 2032
784.2012500000001 2064
784.7481250000001 2028
785.2950000000001 1516
785.8418750000001 2100
786.3887500000001 1448
786.9356250000001 1496
787.4825000000001 1844
788.0293750000001 2104
788.5762500000001 2384
789.1231250000001 1796
789.6700000000001 1720
790.2168750000001 2072
790.7637500000001 1780
791.3106250000001 1844
791.8575000000001 1152
792.4043750000001 3084
792.9512500000001 1432
793.4981250000001 2184
794.0450000000001 2048
794.5918750000001 1808
795.1387500000001 1692
795.6856250000001 1848
796.2325000000001 2384
796.7793750000001 1672
797.3262500000001 1556
797.8731250000001 2160
798.4200000000001 1776
798.9668750000001 1640
799.5137500000001 1520
800.0606250000001 1912
800.6075000000001 1780
801.1543750000001 1396
801.7012500000001 2228
802.2481250000001 1456
802.7950000000001 2108
803.3418750000001 1808
803.8887500000001 1212
804.4356250000001 1828
804.9825000000001 2300
805.5293750000001 2476
806.0762500000001 1856
806.6231250000001 1512
807.1700000000001 1932
807.7168750000001 1732
808.2637500000001 2248
808.8106250000001 1996
809.3575000000001 1868
809.9043750000001 1644
810.4512500000001 1448
810.9981250000001 2012
811.5450000000001 1860
812.0918750000001 3688
812.6387500000001 1820
813.1856250000001 1636
813.7325000000001 3248
814.2793750000001 1968
814.8262500000001 1920
815.3731250000001 2352
815.9200000000001 1780
816.4668750000001 2216
817.0137500000001 2092
817.5606250000001 1684
818.1075000000001 2372
818.6543750000001 2320
819.2012500000001 2092
819.7481250000001 1488
820.2950000000001 1912
820.8418750000001 1440
821.3887500000001 2352
821.9356250000001 1380
822.4825000000001 1836
823.0293750000001 2232
823.5762500000001 2076
824.1231250000001 1628
824.6700000000001 1564
825.2168750000001 1336
825.7637500000001 1268
826.3106250000001 2672
826.8575000000001 1816
827.4043750000001 1408
827.9512500000001 1396
828.4981250000001 1620
829.0450000000001 2148
829.5918750000001 1996
830.1387500000001 1704
830.6856250000001 2428
831.2325000000001 1832
831.7793750000001 2140
832.3262500000001 2700
832.8731250000001 1848
833.4200000000001 1404
833.9668750000001 2052
834.5137500000001 2304
835.0606250000001 2300
835.6075000000001 1380
836.1543750000001 2084
836.7012500000001 2228
837.2481250000001 1412
837.7950000000001 1644
838.3418750000001 2792
838.8887500000001 1868
839.4356250000001 2300
839.9825000000001 2232
840.5293750000001 1684
841.0762500000001 1148
841.6231250000001 1896
842.1700000000001 1212
842.7168750000001 1736
843.2637500000001 1660
843.8106250000001 1688
844.3575000000001 1652
844.9043750000001 1836
845.4512500000001 2516
845.9981250000001 1832
846.5450000000001 1228
847.0918750000001 1364
847.6387500000001 2808
848.1856250000001 1792
848.7325000000001 2292
849.2793750000001 1916
849.8262500000001 1360
850.3731250000001 1244
850.9200000000001 2328
851.4668750000001 1420
852.0137500000001 1640
852.5606250000001 1712
853.1075000000001 2848
853.6543750000001 1800
854.2012500000001 1504
854.7481250000001 1660
855.2950000000001 1572
855.8418750000001 1956
856.3887500000001 1584
856.9356250000001 1776
857.4825000000001 1320
858.0293750000001 2068
858.5762500000001 1624
859.1231250000001 1696
859.6700000000001 2716
860.2168750000001 2244
860.7637500000001 1428
861.3106250000001 1688
861.8575000000001 2080
862.4043750000001 1436
862.9512500000001 2080
863.4981250000001 1616
864.0450000000001 2196
864.5918750000001 2216
865.1387500000001 1996
865.6856250000001 7876
866.2325000000001 1324
866.7793750000001 1688
867.3262500000001 1400
867.8731250000001 2144
868.4200000000001 1504
868.9668750000001 2200
869.5137500000001 1556
870.0606250000001 1828
870.6075000000001 1476
871.1543750000001 1772
871.7012500000001 1696
872.2481250000001 1576
872.7950000000001 1276
873.3418750000001 2660
873.8887500000001 2032
874.4356250000001 2324
874.9825000000001 2500
875.5293750000001 1824
876.0762500000001 2020
876.6231250000001 1448
877.1700000000001 1848
877.7168750000001 1588
878.2637500000001 2396
878.8106250000001 1900
879.3575000000001 1876
879.9043750000001 1668
880.4512500000001 2120
880.9981250000001 2912
881.5450000000001 1504
882.0918750000001 2660
882.6387500000001 1720
883.1856250000001 2232
883.7325000000001 1460
884.2793750000001 1588
884.8262500000001 2240
885.3731250000001 1436
885.9200000000001 1856
886.4668750000001 1988
887.0137500000001 2352
887.5606250000001 1620
888.1075000000001 1832
888.6543750000001 2024
889.2012500000001 1488
889.7481250000001 1668
890.2950000000001 1552
890.8418750000001 1676
891.3887500000001 2120
891.9356250000001 2616
892.4825000000001 1716
893.0293750000001 1960
893.5762500000001 1688
894.1231250000001 2488
894.6700000000001 1328
895.2168750000001 1728
895.7637500000001 1984
896.3106250000001 2428
896.8575000000001 1608
897.4043750000001 1712
897.9512500000001 1828
898.4981250000001 1788
899.0450000000001 1988
899.5918750000001 1264
900.1387500000001 2076
900.6856250000001 1200
901.2325000000001 2032
901.7793750000001 1844
902.3262500000001 1948
902.8731250000001 1860
903.4200000000001 1884
903.9668750000001 1648
904.5137500000001 1876
905.0606250000001 1800
905.6075000000001 2652
906.1543750000001 2056
906.7012500000001 1284
907.2481250000001 1440
907.7950000000001 2848
908.3418750000001 1828
908.8887500000001 1740
909.4356250000001 1284
909.9825000000001 1656
910.5293750000001 2376
911.0762500000001 1996
911.6231250000001 2096
912.1700000000001 2172
912.7168750000001 1880
913.2637500000001 1844
913.8106250000001 2104
914.3575000000001 1480
914.9043750000001 1776
915.4512500000001 2612
915.9981250000001 1308
916.5450000000001 2324
917.0918750000001 2032
917.6387500000001 1652
918.1856250000001 2252
918.7325000000001 1872
919.2793750000001 1548
919.8262500000001 2188
920.3731250000001 1784
920.9200000000001 1388
921.4668750000001 2020
922.0137500000001 2112
922.5606250000001 1660
923.1075000000001 2316
923.6543750000001 1784
924.2012500000001 1540
924.7481250000001 1720
925.2950000000001 1696
925.8418750000001 1500
926.3887500000001 1944
926.9356250000001 2404
927.4825000000001 1328
928.0293750000001 1924
928.5762500000001 1908
929.1231250000001 1840
929.6700000000001 1096
930.2168750000001 1452
930.7637500000001 2432
931.3106250000001 2472
931.8575000000001 1932
932.4043750000001 1284
932.9512500000001 1704
933.4981250000001 1808
934.0450000000001 2152
934.5918750000001 1268
935.1387500000001 1760
935.6856250000001 2588
936.2325000000001 1732
936.7793750000001 1688
937.3262500000001 1756
937.8731250000001 1836
938.4200000000001 1132
938.9668750000001 1556
939.5137500000001 1456
940.0606250000001 2112
940.6075000000001 2288
941.1543750000001 1656
941.7012500000001 1536
942.2481250000001 1776
942.7950000000001 1884
943.3418750000001 1892
943.8887500000001 3320
944.4356250000001 1264
944.9825000000001 1700
945.5293750000001 2092
946.0762500000001 1860
946.6231250000001 1824
947.1700000000001 1684
947.7168750000001 2496
948.2637500000001 1560
948.8106250000001 1468
949.3575000000001 1656
949.9043750000001 1792
950.4512500000001 1484
950.9981250000001 1648
951.5450000000001 1508
952.0918750000001 3316
952.6387500000001 1368
953.1856250000001 2232
953.7325000000001 2412
954.2793750000001 1972
954.8262500000001 2492
955.3731250000001 2124
955.9200000000001 1604
956.4668750000001 1380
957.0137500000001 1496
957.5606250000001 1212
958.1075000000001 1664
958.6543750000001 2000
959.2012500000001 1680
959.7481250000001 1864
960.2950000000001 2640
960.8418750000001 1952
961.3887500000001 1756
961.9356250000001 1736
962.4825000000001 2200
963.0293750000001 1652
963.5762500000001 1740
964.1231250000001 2252
964.6700000000001 1608
965.2168750000001 3184
965.7637500000001 1468
966.3106250000001 2392
966.8575000000001 1400
967.4043750000001 1620
967.9512500000001 1504
968.4981250000001 2136
969.0450000000001 2480
969.5918750000001 2316
970.1387500000001 2972
970.6856250000001 2156
971.2325000000001 1504
971.7793750000001 1956
972.3262500000001 1404
972.8731250000001 2008
973.4200000000001 1920
973.9668750000001 2656
974.5137500000001 1812
975.0606250000001 1836
975.6075000000001 2308
976.1543750000001 2152
976.7012500000001 2620
977.2481250000001 1660
977.7950000000001 1764
978.3418750000001 1700
978.8887500000001 1744
979.4356250000001 1832
979.9825000000001 1856
980.5293750000001 1700
981.0762500000001 1496
981.6231250000001 2012
982.1700000000001 1424
982.7168750000001 2116
983.2637500000001 2316
983.8106250000001 1496
984.3575000000001 1852
984.9043750000001 1608
985.4512500000001 1484
985.9981250000001 1724
986.5450000000001 1940
987.0918750000001 1712
987.6387500000001 1808
988.1856250000001 2316
988.7325000000001 1688
989.2793750000001 2180
989.8262500000001 2388
990.3731250000001 1368
990.9200000000001 1320
991.4668750000001 2140
992.0137500000001 1828
992.5606250000001 1656
993.1075000000001 2324
993.6543750000001 1968
994.2012500000001 1400
994.7481250000001 2244
995.2950000000001 1556
995.8418750000001 2096
996.3887500000001 1528
996.9356250000001 1992
997.4825000000001 1804
998.0293750000001 2048
998.5762500000001 1820
999.1231250000001 1400
999.6700000000001 1564
1000.2168750000001 1856
1000.7637500000001 1780
1001.3106250000001 1712
1001.8575000000001 1996
1002.4043750000001 2676
1002.9512500000001 1964
1003.4981250000001 1756
1004.0450000000001 1312
1004.5918750000001 2824
1005.1387500000001 2268
1005.6856250000001 1464
1006.2325000000001 1788
1006.7793750000001 1608
1007.3262500000001 2672
1007.8731250000001 1668
1008.4200000000001 1436
1008.9668750000001 2576
1009.5137500000001 1692
1010.0606250000001 1596
1010.6075000000001 1860
1011.1543750000001 1888
1011.7012500000001 2488
1012.2481250000001 1828
1012.7950000000001 1520
1013.3418750000001 1300
1013.8887500000001 2424
1014.4356250000001 1756
1014.9825000000001 1728
1015.5293750000001 2180
1016.0762500000001 2376
1016.6231250000001 2176
1017.1700000000001 1736
1017.7168750000001 2176
1018.2637500000001 2040
1018.8106250000001 1948
1019.3575000000001 1368
1019.9043750000001 2296
1020.4512500000001 1908
1020.9981250000001 1804
1021.5450000000001 1608
1022.0918750000001 2032
1022.6387500000001 1980
1023.1856250000001 1628
1023.7325000000001 1892
1024.279375 2060
1024.82625 1536
1025.373125 2580
1025.92 1572
1026.466875 1508
1027.01375 1708
1027.560625 1836
1028.1075 1528
1028.654375 1464
1029.20125 1328
1029.748125 1624
1030.295 1428
1030.841875 1540
1031.38875 1216
1031.935625 1720
1032.4825 1744
1033.029375 2380
1033.57625 1520
1034.123125 1848
1034.67 2396
1035.216875 1964
1035.76375 2744
1036.310625 2356
1036.8575 2136
1037.404375 2596
1037.95125 2456
1038.498125 2524
1039.045 2340
1039.591875 1556
1040.13875 1852
1040.685625 2076
1041.2325 2972
1041.779375 1852
1042.32625 1916
1042.873125 2076
1043.42 1888
1043.966875 1552
1044.51375 1968
1045.060625 1908
1045.6075 1520
1046.154375 2140
1046.70125 2412
1047.248125 1652
1047.795 1544
1048.341875 2156
1048.88875 1524
1049.435625 1708
1049.9825 1728
1050.529375 1432
1051.07625 2032
1051.623125 2564
1052.17 1108
1052.716875 1648
1053.26375 1412
1053.810625 3092
1054.3575 1704
1054.904375 1676
1055.45125 2096
1055.998125 1788
1056.545 2040
1057.091875 1396
1057.63875 1520
1058.185625 1944
1058.7325 2200
1059.279375 1964
1059.82625 1688
1060.373125 2516
1060.92 1856
1061.466875 2088
1062.01375 1436
1062.560625 2876
1063.1075 2676
1063.654375 1816
1064.20125 2128
1064.748125 1452
1065.295 2004
1065.841875 1896
1066.38875 1996
1066.935625 1780
1067.4825 1916
1068.029375 2148
1068.57625 1860
1069.123125 2160
1069.67 2340
1070.216875 1200
1070.76375 2096
1071.310625 2360
1071.8575 2564
1072.404375 1964
1072.95125 1588
1073.498125 2676
1074.045 2068
1074.591875 2032
1075.13875 2356
1075.685625 3204
1076.2325 1516
1076.779375 2424
1077.32625 2468
1077.873125 2116
1078.42 1808
1078.966875 1836
1079.51375 2636
1080.060625 1724
1080.6075 1300
1081.154375 1796
1081.70125 1444
1082.248125 2504
1082.795 2660
1083.341875 1352
1083.88875 2488
1084.435625 2740
1084.9825 1752
1085.529375 1868
1086.07625 2216
1086.623125 1712
1087.17 2088
1087.716875 1448
1088.26375 1640
1088.810625 2196
1089.3575 2428
1089.904375 2260
1090.45125 1728
1090.998125 1340
1091.545 1624
1092.091875 1452
1092.63875 2748
1093.185625 2044
1093.7325 1336
1094.279375 2212
1094.82625 1740
1095.373125 1632
1095.92 2232
1096.466875 1700
1097.01375 1572
1097.560625 1732
1098.1075 2012
1098.654375 1348
1099.20125 1796
1099.748125 1524
1100.295 1916
1100.841875 1836
1101.38875 2060
1101.935625 2232
1102.4825 1724
1103.029375 2212
1103.57625 1612
1104.123125 1560
1104.67 2224
1105.216875 2120
1105.76375 1904
1106.310625 1588
1106.8575 2024
1107.404375 2016
1107.95125 1932
1108.498125 2024
1109.045 2164
1109.591875 2604
1110.13875 1912
1110.685625 2036
1111.2325 2020
1111.779375 2852
1112.32625 1740
1112.873125 2244
1113.42 2076
1113.966875 2196
1114.51375 1580
1115.060625 1932
1115.6075 1460
1116.154375 1832
1116.70125 1924
1117.248125 4136
1117.795 1804
1118.341875 1816
1118.88875 1220
1119.435625 1772
1119.9825 2856
1120.529375 1652
1121.07625 1292
1121.623125 1808
1122.17 2384
1122.716875 1708
1123.26375 1848
1123.810625 2884
1124.3575 1932
1124.904375 1684
1125.45125 1312
1125.998125 1944
1126.545 1380
1127.091875 1524
1127.63875 1788
1128.185625 1904
1128.7325 2400
1129.279375 2532
1129.82625 1884
1130.373125 1868
1130.92 2788
1131.466875 2524
1132.01375 2304
1132.560625 1812
1133.1075 2392
1133.654375 2268
1134.20125 2060
1134.748125 2152
1135.295 2004
1135.841875 1708
1136.38875 1508
1136.935625 1780
1137.4825 1580
1138.029375 2792
1138.57625 2004
1139.123125 1820
1139.67 1640
1140.216875 1748
1140.76375 1812
1141.310625 1952
1141.8575 1752
1142.404375 2040
1142.95125 1672
1143.498125 1580
1144.045 2096
1144.591875 2296
1145.13875 1712
1145.685625 2392
1146.2325 1956
1146.779375 1900
1147.32625 2748
1147.873125 2488
1148.42 2536
1148.966875 1608
1149.51375 2132
1150.060625 2256
1150.6075 2400
1151.154375 1796
1151.70125 1532
1152.248125 1540
1152.795 1292
1153.341875 1948
1153.88875 2200
1154.435625 2440
1154.9825 1872
1155.529375 2332
1156.07625 1908
1156.623125 1408
1157.17 1880
1157.716875 1996
1158.26375 1568
1158.810625 1636
1159.3575 2100
1159.904375 2016
1160.45125 1836
1160.998125 1968
1161.545 2152
1162.091875 1532
1162.63875 2728
1163.185625 1900
1163.7325 3020
1164.279375 1668
1164.82625 1768
1165.373125 1836
1165.92 1656
1166.466875 2400
1167.01375 1536
1167.560625 1624
1168.1075 1900
1168.654375 2944
1169.20125 1652
1169.748125 1972
1170.295 1556
1170.841875 1484
1171.38875 1684
1171.935625 1628
1172.4825 2336
1173.029375 1536
1173.57625 1836
1174.123125 2540
1174.67 2408
1175.216875 2696
1175.76375 1804
1176.310625 2196
1176.8575 1844
1177.404375 2452
1177.95125 2752
1178.498125 1900
1179.045 1880
1179.591875 1624
1180.13875 1716
1180.685625 2780
1181.2325 1428
1181.779375 2556
1182.32625 1460
1182.873125 1816
1183.42 1624
1183.966875 1700
1184.51375 2192
1185.060625 1560
1185.6075 1996
1186.154375 2076
1186.70125 1428
1187.248125 2416
1187.795 1516
1188.341875 2340
1188.88875 1708
1189.435625 1756
1189.9825 1868
1190.529375 2100
1191.07625 1736
1191.623125 2560
1192.17 1816
1192.716875 1616
1193.26375 2184
1193.810625 1556
1194.3575 1284
1194.904375 2072
1195.45125 2024
1195.998125 2292
1196.545 1880
1197.091875 1544
1197.63875 1516
1198.185625 1724
1198.7325 2300
1199.279375 1348
1199.82625 2572
1200.373125 2364
1200.92 2524
1201.466875 1924
1202.01375 2132
1202.560625 1572
1203.1075 1832
1203.654375 1944
1204.20125 1624
1204.748125 1856
1205.295 2024
1205.841875 1956
1206.38875 2116
1206.935625 1872
1207.4825 2268
1208.029375 1828
1208.57625 1692
1209.123125 1300
1209.67 2196
1210.216875 2440
1210.76375 2096
1211.310625 2964
1211.8575 1984
1212.404375 1664
1212.95125 1904
1213.498125 1364
1214.045 1792
1214.591875 1612
1215.13875 2072
1215.685625 2000
1216.2325 1872
1216.779375 2140
1217.32625 2564
1217.873125 2276
1218.42 2468
1218.966875 2264
1219.51375 1664
1220.060625 2252
1220.6075 2164
1221.154375 1588
1221.70125 2104
1222.248125 1556
1222.795 2140
1223.341875 1876
1223.88875 2256
1224.435625 2124
1224.9825 2192
1225.529375 2696
1226.07625 1860
1226.623125 2112
1227.17 2548
1227.716875 2060
1228.26375 2576
1228.810625 2220
1229.3575 2264
1229.904375 2772
1230.45125 2120
1230.998125 1936
1231.545 2420
1232.091875 1740
1232.63875 1868
1233.185625 1872
1233.7325 3204
1234.279375 1892
1234.82625 1708
1235.373125 1964
1235.92 2012
1236.466875 2492
1237.01375 1584
1237.560625 1660
1238.1075 1964
1238.654375 2308
1239.20125 2248
1239.748125 1952
1240.295 1600
1240.841875 1608
1241.38875 1860
1241.935625 1652
1242.4825 2292
1243.029375 2260
1243.57625 1500
1244.123125 1988
1244.67 2816
1245.216875 1912
1245.76375 2448
1246.310625 2524
1246.8575 1776
1247.404375 1852
1247.95125 2412
1248.498125 2680
1249.045 2448
1249.591875 1884
1250.13875 1720
1250.685625 1756
1251.2325 2088
1251.779375 2272
1252.32625 1952
1252.873125 2468
1253.42 1960
1253.966875 1440
1254.51375 1748
1255.060625 2316
1255.6075 1228
1256.154375 1660
1256.70125 1408
1257.248125 1716
1257.795 2300
1258.341875 2696
1258.88875 2360
1259.435625 1844
1259.9825 1796
1260.529375 2628
1261.07625 2168
1261.623125 2276
1262.17 2096
1262.716875 1676
1263.26375 2432
1263.810625 3068
1264.3575 2556
1264.904375 1748
1265.45125 1536
1265.998125 1748
1266.545 1896
1267.091875 2104
1267.63875 2456
1268.185625 1644
1268.7325 2320
1269.279375 3180
1269.82625 2456
1270.373125 1872
1270.92 1708
1271.466875 2504
1272.01375 1828
1272.560625 1960
1273.1075 1708
1273.654375 1600
1274.20125 2308
1274.748125 1772
1275.295 1984
1275.841875 1880
1276.38875 2348
1276.935625 2176
1277.4825 1544
1278.029375 2216
1278.57625 2596
1279.123125 2104
1279.67 1980
1280.216875 1692
1280.76375 1916
1281.310625 1992
1281.8575 2024
1282.404375 1768
1282.95125 2060
1283.498125 1892
1284.045 1932
1284.591875 2148
1285.13875 1992
1285.685625 1928
1286.2325 1808
1286.779375 1648
1287.32625 2140
1287.873125 1720
1288.42 2016
1288.966875 1876
1289.51375 2976
1290.060625 1368
1290.6075 3116
1291.154375 2316
1291.70125 2404
1292.248125 1900
1292.795 1784
1293.341875 2852
1293.88875 2248
1294.435625 1988
1294.9825 2100
1295.529375 1948
1296.07625 1680
1296.623125 2004
1297.17 2184
1297.716875 3012
1298.26375 2588
1298.810625 2176
1299.3575 2720
1299.904375 2116
1300.45125 1732
1300.998125 2228
1301.545 2452
1302.091875 1928
1302.63875 2156
1303.185625 1936
1303.7325 2012
1304.279375 2252
1304.82625 2516
1305.373125 2304
1305.92 2452
1306.466875 2228
1307.01375 2396
1307.560625 1964
1308.1075 3092
1308.654375 2380
1309.20125 2288
1309.748125 2384
1310.295 1720
1310.841875 2044
1311.38875 2532
1311.935625 3084
1312.4825 2140
1313.029375 1940
1313.57625 2296
1314.123125 2588
1314.67 2152
1315.216875 1888
1315.76375 1476
1316.310625 1912
1316.8575 1672
1317.404375 2608
1317.95125 2456
1318.498125 1788
1319.045 2580
1319.591875 2228
1320.13875 1836
1320.685625 1948
1321.2325 2732
1321.779375 2168
1322.32625 2124
1322.873125 1852
1323.42 2108
1323.966875 1880
1324.51375 1864
1325.060625 2300
1325.6075 2216
1326.154375 2360
1326.70125 2548
1327.248125 1900
1327.795 2600
1328.341875 2184
1328.88875 2064
1329.435625 2020
1329.9825 2216
1330.529375 2156
1331.07625 1756
1331.623125 2640
1332.17 1632
1332.716875 1692
1333.26375 1736
1333.810625 2344
1334.3575 2396
1334.904375 2344
1335.45125 2100
1335.998125 2792
1336.545 2328
1337.091875 2028
1337.63875 2360
1338.185625 2100
1338.7325 2328
1339.279375 2364
1339.82625 2048
1340.373125 1736
1340.92 2416
1341.466875 1840
1342.01375 2020
1342.560625 2524
1343.1075 2440
1343.654375 2220
1344.20125 2116
1344.748125 2440
1345.295 2776
1345.841875 2028
1346.38875 2172
1346.935625 1812
1347.4825 2412
1348.029375 2260
1348.57625 2388
1349.123125 2284
1349.67 2204
1350.216875 2592
1350.76375 1908
1351.310625 2360
1351.8575 1908
1352.404375 2588
1352.95125 2044
1353.498125 1928
1354.045 3304
1354.591875 2572
1355.13875 2128
1355.685625 2292
1356.2325 2036
1356.779375 2388
1357.32625 2520
1357.873125 2588
1358.42 2048
1358.966875 2820
1359.51375 2340
1360.060625 2680
1360.6075 3016
1361.154375 2380
1361.70125 2508
1362.248125 1960
1362.795 2504
1363.341875 2720
1363.88875 2340
1364.435625 2620
1364.9825 3156
1365.529375 2464
1366.07625 3352
1366.623125 2728
1367.17 2604
1367.716875 2456
1368.26375 2168
1368.810625 2332
1369.3575 2944
1369.904375 2520
1370.45125 2320
1370.998125 2352
1371.545 2564
1372.091875 3972
1372.63875 2436
1373.185625 3392
1373.7325 2368
1374.279375 2284
1374.82625 2576
1375.373125 2880
1375.92 3080
1376.466875 2484
1377.01375 2764
1377.560625 2688
1378.1075 2812
1378.654375 2568
1379.20125 2552
1379.748125 2700
1380.295 2600
1380.841875 2988
1381.38875 2436
1381.935625 2580
1382.4825 3096
1383.029375 2196
1383.57625 2784
1384.123125 2596
1384.67 2768
1385.216875 2708
1385.76375 2640
1386.310625 2968
1386.8575 2920
1387.404375 3104
1387.95125 3316
1388.498125 2560
1389.045 3164
1389.591875 3068
1390.13875 3288
1390.685625 2496
1391.2325 3648
1391.779375 3008
1392.32625 3336
1392.873125 3500
1393.42 3296
1393.966875 3492
1394.51375 3032
1395.060625 4636
1395.6075 3792
1396.154375 3064
1396.70125 2996
1397.248125 3248
1397.795 3664
1398.341875 2668
1398.88875 3684
1399.435625 3060
1399.9825 3472
1400.529375 3120
1401.07625 3400
1401.623125 3852
1402.17 3284
1402.716875 3136
1403.26375 4016
1403.810625 3196
1404.3575 3552
1404.904375 3824
1405.45125 3580
1405.998125 3668
1406.545 3732
1407.091875 3356
1407.63875 3632
1408.185625 4644
1408.7325 3812
1409.279375 4140
1409.82625 3408
1410.373125 3840
1410.92 4356
1411.466875 4516
1412.01375 3516
1412.560625 4544
1413.1075 4692
1413.654375 4088
1414.20125 4964
1414.748125 4424
1415.295 4432
1415.841875 5324
1416.38875 4576
1416.935625 5688
1417.4825 5644
1418.029375 5080
1418.57625 5664
1419.123125 5368
