299.67 2388
300.216875 2092
300.76375 2380
301.310625 3180
301.8575 2396
302.404375 2600
302.95125 1688
303.498125 1980
304.045 1568
304.591875 2076
305.13875 2572
305.685625 2032
306.2325 2656
306.779375 3152
307.32625 2940
307.873125 2628
308.42 3204
308.966875 2324
309.51375 2176
310.060625 1780
310.6075 2160
311.154375 2092
311.70125 2188
312.248125 2224
312.795 3648
313.341875 1928
313.88875 3868
314.435625 1932
314.9825 2760
315.529375 1332
316.07625 1500
316.623125 2480
317.17 1668
317.716875 2260
318.26375 2340
318.810625 2088
319.3575 1728
319.904375 1588
320.45125 1848
320.998125 2632
321.545 1508
322.091875 2272
322.63875 1956
323.185625 1836
323.7325 1556
324.279375 2860
324.82625 2156
325.373125 2328
325.92 1856
326.466875 2116
327.01375 2180
327.560625 3488
328.1075 1964
328.654375 2136
329.20125 1896
329.748125 1684
330.295 1936
330.841875 2180
331.38875 1440
331.935625 1764
332.4825 2632
333.029375 1620
333.57625 2312
334.123125 1620
334.67 2136
335.216875 2892
335.76375 1812
336.310625 2056
336.8575 1836
337.404375 1384
337.95125 2100
338.498125 2604
339.045 2848
339.591875 1624
340.13875 1952
340.685625 1720
341.2325 2360
341.779375 1816
342.32625 1412
342.873125 2964
343.42 2508
343.966875 1636
344.51375 2172
345.060625 2684
345.6075 1976
346.154375 2380
346.70125 2516
347.248125 2192
347.795 1444
348.341875 3392
348.88875 1956
349.435625 1912
349.9825 1632
350.529375 1724
351.07625 1812
351.623125 2040
352.17 1592
352.716875 1836
353.26375 2728
353.810625 1344
354.3575 1992
354.904375 1344
355.45125 2716
355.998125 2020
356.545 1388
357.091875 2920
357.63875 1600
358.185625 1588
358.7325 1964
359.279375 1628
359.82625 1952
360.373125 1840
360.92 1340
361.466875 2012
362.01375 1836
362.560625 2428
363.1075 1580
363.654375 1576
364.20125 2872
364.748125 2116
365.295 1700
365.841875 1784
366.38875 1276
366.935625 2188
367.4825 1708
368.029375 1400
368.57625 2168
369.123125 2132
369.67 2088
370.216875 2004
370.76375 1812
371.310625 1792
371.8575 1788
372.404375 1856
372.95125 3332
373.498125 2436
374.045 2244
374.591875 2096
375.13875 2472
375.685625 1552
376.2325 1680
376.779375 2112
377.32625 2996
377.873125 2188
378.42 1960
378.966875 2500
379.51375 1572
380.060625 1832
380.6075 2432
381.154375 2208
381.70125 1768
382.248125 2400
382.795 2232
383.341875 1808
383.88875 2380
384.435625 1972
384.9825 1968
385.529375 2632
386.07625 2396
386.623125 1788
387.17 1732
387.716875 1532
388.26375 1872
388.810625 2912
389.3575 1496
389.904375 1744
390.45125 1704
390.998125 1076
391.545 1724
392.091875 1828
392.63875 2264
393.185625 3196
393.7325 1752
394.279375 2528
394.82625 1172
395.373125 1884
395.92 1564
396.466875 2932
397.01375 2140
397.560625 1836
398.1075 1640
398.654375 1592
399.20125 1868
399.748125 2740
400.295 1988
400.841875 1440
401.38875 2292
401.935625 2808
402.4825 1764
403.029375 1720
403.57625 1960
404.123125 1804
404.67 2724
405.216875 2536
405.76375 2284
406.310625 2024
406.8575 1656
407.404375 2136
407.95125 1808
408.498125 3000
409.045 2248
409.591875 2192
410.13875 2120
410.685625 1400
411.2325 1828
411.779375 1520
412.32625 1604
412.873125 1704
413.42 1932
413.966875 2340
414.51375 1752
415.060625 2388
415.6075 2084
416.154375 1580
416.70125 1952
417.248125 2436
417.795 1856
418.341875 2008
418.88875 2384
419.435625 1296
419.9825 2356
420.529375 1780
421.07625 2208
421.623125 1836
422.17 2952
422.716875 1828
423.26375 1592
423.810625 2604
424.3575 2172
424.904375 1628
425.45125 2148
425.998125 1688
426.545 1752
427.091875 2160
427.63875 1524
428.185625 2420
428.7325 1848
429.279375 2056
429.82625 1516
430.373125 2620
430.92 1312
431.466875 3092
432.01375 2788
432.560625 2376
433.1075 1568
433.654375 1876
434.20125 1540
434.748125 1436
435.295 1844
435.841875 1448
436.38875 1700
436.935625 2300
437.4825 2228
438.029375 1668
438.57625 1820
439.123125 1488
439.67 2248
440.216875 1432
440.76375 1684
441.310625 1632
441.8575 2020
442.404375 2232
442.95125 1776
443.498125 1312
444.045 1688
444.591875 2320
445.13875 1812
445.685625 1292
446.2325 3676
446.779375 2380
447.32625 2556
447.873125 4624
448.42 1652
448.966875 3192
449.51375 1580
450.060625 1860
450.6075 1272
451.154375 1556
451.70125 1952
452.248125 1648
452.795 1164
453.341875 2336
453.88875 2320
454.435625 2248
454.9825 1860
455.529375 1600
456.07625 1436
456.623125 1280
457.17 1784
457.716875 1788
458.26375 1904
458.810625 1692
459.3575 2156
459.904375 2616
460.45125 1564
460.998125 1528
461.545 1676
462.091875 4432
462.63875 2392
463.185625 1924
463.7325 2096
464.279375 1776
464.82625 2288
465.373125 1508
465.92 1940
466.466875 1684
467.01375 1644
467.560625 1676
468.1075 2128
468.654375 1620
469.20125 1636
469.748125 1592
470.295 1760
470.841875 1896
471.38875 1304
471.935625 2132
472.4825 2316
473.029375 1820
473.57625 2256
474.123125 2164
474.67 1724
475.216875 2340
475.76375 1372
476.310625 2016
476.8575 2268
477.404375 2024
477.95125 1740
478.498125 1444
479.045 3592
479.591875 1956
480.13875 1952
480.685625 1948
481.2325 1920
481.779375 2180
482.32625 1832
482.873125 1928
483.42 1980
483.966875 1800
484.51375 1320
485.060625 1384
485.6075 1532
486.154375 1836
486.70125 1308
487.248125 1912
487.795 2852
488.341875 2284
488.88875 1676
489.435625 2040
489.9825 1596
490.529375 1792
491.07625 1896
491.623125 1620
492.17 1644
492.716875 1692
493.26375 2072
493.810625 1764
494.3575 1892
494.904375 1416
495.45125 1648
495.998125 1648
496.545 1820
497.091875 2256
497.63875 1820
498.185625 1648
498.7325 1212
499.279375 1800
499.82625 2564
500.373125 1964
500.92 2500
501.466875 2748
502.01375 1384
502.560625 2224
503.1075 1876
503.654375 1828
504.20125 1592
504.748125 1640
505.295 1984
505.841875 1884
506.38875 2516
506.935625 1704
507.4825 2180
508.029375 1284
508.57625 1616
509.123125 1812
509.67 2068
510.216875 2504
510.76375 1404
511.310625 1784
511.8575 1204
512.4043750000001 2448
512.9512500000001 1300
513.4981250000001 1420
514.0450000000001 1956
514.5918750000001 2132
515.1387500000001 1872
515.6856250000001 1816
516.2325000000001 1760
516.7793750000001 1520
517.3262500000001 1612
517.8731250000001 1876
518.4200000000001 1456
518.9668750000001 1964
519.5137500000001 2360
520.0606250000001 2000
520.6075000000001 2084
521.1543750000001 1688
521.7012500000001 1428
522.2481250000001 2096
522.7950000000001 1624
523.3418750000001 1772
523.8887500000001 1304
524.4356250000001 1132
524.9825000000001 2196
525.5293750000001 2040
526.0762500000001 1436
526.6231250000001 1788
527.1700000000001 2244
527.7168750000001 1580
528.2637500000001 1400
528.8106250000001 2104
529.3575000000001 1764
529.9043750000001 1544
530.4512500000001 1748
530.9981250000001 1524
531.5450000000001 2132
532.0918750000001 1772
532.6387500000001 2056
533.1856250000001 1640
533.7325000000001 1768
534.2793750000001 2336
534.8262500000001 1652
535.3731250000001 1592
535.9200000000001 1976
536.4668750000001 2460
537.0137500000001 1912
537.5606250000001 2332
538.1075000000001 1788
538.6543750000001 1616
539.2012500000001 2596
539.7481250000001 1744
540.2950000000001 2012
540.8418750000001 2168
541.3887500000001 1628
541.9356250000001 2172
542.4825000000001 1324
543.0293750000001 2456
543.5762500000001 2708
544.1231250000001 1668
544.6700000000001 1428
545.2168750000001 1900
545.7637500000001 1996
546.3106250000001 2184
546.8575000000001 2332
547.4043750000001 1928
547.9512500000001 1952
548.4981250000001 2160
549.0450000000001 2084
549.5918750000001 1564
550.1387500000001 1960
550.6856250000001 1608
551.2325000000001 2680
551.7793750000001 2112
552.3262500000001 2364
552.8731250000001 2436
553.4200000000001 1588
553.9668750000001 2420
554.5137500000001 1880
555.0606250000001 1592
555.6075000000001 2192
556.1543750000001 2456
556.7012500000001 1480
557.2481250000001 2812
557.7950000000001 2036
558.3418750000001 1836
558.8887500000001 1640
559.4356250000001 1952
559.9825000000001 1712
560.5293750000001 1260
561.0762500000001 3352
561.6231250000001 2572
562.1700000000001 2084
562.7168750000001 2932
563.2637500000001 1884
563.8106250000001 2244
564.3575000000001 1508
564.9043750000001 2656
565.4512500000001 1996
565.9981250000001 2228
566.5450000000001 1216
567.0918750000001 2288
567.6387500000001 1640
568.1856250000001 1592
568.7325000000001 1416
569.2793750000001 2620
569.8262500000001 1832
570.3731250000001 1520
570.9200000000001 1744
571.4668750000001 1832
572.0137500000001 1908
572.5606250000001 2084
573.1075000000001 2196
573.6543750000001 1292
574.2012500000001 1716
574.7481250000001 1640
575.2950000000001 2476
575.8418750000001 2020
576.3887500000001 1852
576.9356250000001 1572
577.4825000000001 2356
578.0293750000001 1752
578.5762500000001 1804
579.1231250000001 1188
579.6700000000001 1452
580.2168750000001 2128
580.7637500000001 1712
581.3106250000001 1592
581.8575000000001 2104
582.4043750000001 1632
582.9512500000001 1856
583.4981250000001 2504
584.0450000000001 1788
584.5918750000001 2140
585.1387500000001 2432
585.6856250000001 1936
586.2325000000001 1884
586.7793750000001 2192
587.3262500000001 2616
587.8731250000001 1944
588.4200000000001 1872
588.9668750000001 2316
589.5137500000001 1424
590.0606250000001 1972
590.6075000000001 1716
591.1543750000001 1792
591.7012500000001 1476
592.2481250000001 1640
592.7950000000001 1916
593.3418750000001 2124
593.8887500000001 2168
594.4356250000001 1372
594.9825000000001 3108
595.5293750000001 1852
596.0762500000001 1620
596.6231250000001 1608
597.1700000000001 2328
597.7168750000001 2388
598.2637500000001 1920
598.8106250000001 2508
599.3575000000001 1288
599.9043750000001 1312
600.4512500000001 1508
600.9981250000001 1384
601.5450000000001 1776
602.0918750000001 1496
602.6387500000001 2092
603.1856250000001 1980
603.7325000000001 1784
604.2793750000001 1964
604.8262500000001 1836
605.3731250000001 1144
605.9200000000001 1320
606.4668750000001 2460
607.0137500000001 1844
607.5606250000001 1744
608.1075000000001 2528
608.6543750000001 1800
609.2012500000001 1340
609.7481250000001 2288
610.2950000000001 1240
610.8418750000001 1908
611.3887500000001 1960
611.9356250000001 2164
612.4825000000001 1964
613.0293750000001 2040
613.5762500000001 1876
614.1231250000001 1724
614.6700000000001 3468
615.2168750000001 2328
615.7637500000001 2004
616.3106250000001 1908
616.8575000000001 1972
617.4043750000001 1612
617.9512500000001 2356
618.4981250000001 2084
619.0450000000001 2312
619.5918750000001 1672
620.1387500000001 1656
620.6856250000001 2600
621.2325000000001 1976
621.7793750000001 1728
622.3262500000001 2460
622.8731250000001 1780
623.4200000000001 3592
623.9668750000001 2192
624.5137500000001 1588
625.0606250000001 2220
625.6075000000001 1708
626.1543750000001 1920
626.7012500000001 1412
627.2481250000001 1648
627.7950000000001 1836
628.3418750000001 1860
628.8887500000001 1784
629.4356250000001 2880
629.9825000000001 1932
630.5293750000001 2444
631.0762500000001 1692
631.6231250000001 1544
632.1700000000001 1904
632.7168750000001 1508
633.2637500000001 2316
633.8106250000001 1796
634.3575000000001 1900
634.9043750000001 2292
635.4512500000001 1820
635.9981250000001 2164
636.5450000000001 2168
637.0918750000001 1480
637.6387500000001 1832
638.1856250000001 2504
638.7325000000001 2224
639.2793750000001 1716
639.8262500000001 2248
640.3731250000001 2172
640.9200000000001 1484
641.4668750000001 2024
642.0137500000001 2296
642.5606250000001 1888
643.1075000000001 1784
643.6543750000001 1336
644.2012500000001 1916
644.7481250000001 1916
645.2950000000001 2156
645.8418750000001 1772
646.3887500000001 2044
646.9356250000001 2156
647.4825000000001 1828
648.0293750000001 1368
648.5762500000001 1496
649.1231250000001 1868
649.6700000000001 2052
650.2168750000001 1860
650.7637500000001 1688
651.3106250000001 1764
651.8575000000001 1948
652.4043750000001 1412
652.9512500000001 1696
653.4981250000001 1236
654.0450000000001 1464
654.5918750000001 2060
655.1387500000001 2084
655.6856250000001 2780
656.2325000000001 2192
656.7793750000001 2256
657.3262500000001 2064
657.8731250000001 2236
658.4200000000001 2052
658.9668750000001 1888
659.5137500000001 1788
660.0606250000001 1748
660.6075000000001 1876
661.1543750000001 2168
661.7012500000001 1996
662.2481250000001 2224
662.7950000000001 2140
663.3418750000001 1416
663.8887500000001 1848
664.4356250000001 1516
664.9825000000001 1236
665.5293750000001 1128
666.0762500000001 1876
666.6231250000001 1976
667.1700000000001 2248
667.7168750000001 2360
668.2637500000001 2452
668.8106250000001 1524
669.3575000000001 2024
669.9043750000001 1764
670.4512500000001 2344
670.9981250000001 1608
671.5450000000001 1980
672.0918750000001 1804
672.6387500000001 2088
673.1856250000001 1920
673.7325000000001 2068
674.2793750000001 2440
674.8262500000001 2992
675.3731250000001 1548
675.9200000000001 2232
676.4668750000001 1624
677.0137500000001 2188
677.5606250000001 1600
678.1075000000001 1340
678.6543750000001 1604
679.2012500000001 1156
679.7481250000001 2372
680.2950000000001 1924
680.8418750000001 1968
681.3887500000001 1936
681.9356250000001 2056
682.4825000000001 2336
683.0293750000001 1764
683.5762500000001 1408
684.1231250000001 1868
684.6700000000001 2132
685.2168750000001 1624
685.7637500000001 2780
686.3106250000001 2128
686.8575000000001 1644
687.4043750000001 1764
687.9512500000001 1640
688.4981250000001 2232
689.0450000000001 2044
689.5918750000001 1996
690.1387500000001 1576
690.6856250000001 2736
691.2325000000001 1960
691.7793750000001 1564
692.3262500000001 1248
692.8731250000001 1808
693.4200000000001 1456
693.9668750000001 2216
694.5137500000001 1352
695.0606250000001 1844
695.6075000000001 1528
696.1543750000001 2476
696.7012500000001 2024
697.2481250000001 1736
697.7950000000001 2116
698.3418750000001 2276
698.8887500000001 1348
699.4356250000001 2228
699.9825000000001 1968
700.5293750000001 1596
701.0762500000001 2352
701.6231250000001 2016
702.1700000000001 1892
702.7168750000001 2212
703.2637500000001 1516
703.8106250000001 1988
704.3575000000001 2164
704.9043750000001 2344
705.4512500000001 2124
705.9981250000001 2076
706.5450000000001 1628
707.0918750000001 1912
707.6387500000001 1844
708.1856250000001 1512
708.7325000000001 1724
709.2793750000001 1844
709.8262500000001 2884
710.3731250000001 1724
710.9200000000001 1504
711.4668750000001 1780
712.0137500000001 1980
712.5606250000001 1484
713.1075000000001 1484
713.6543750000001 2324
714.2012500000001 1940
714.7481250000001 2096
715.2950000000001 1508
715.8418750000001 2004
716.3887500000001 1996
716.9356250000001 1952
717.4825000000001 2440
718.0293750000001 1800
718.5762500000001 2160
719.1231250000001 2468
719.6700000000001 2184
720.2168750000001 1908
720.7637500000001 1768
721.3106250000001 1760
721.8575000000001 1208
722.4043750000001 2620
722.9512500000001 2228
723.4981250000001 1520
724.0450000000001 2008
724.5918750000001 1676
725.1387500000001 2068
725.6856250000001 2376
726.2325000000001 1892
726.7793750000001 1976
727.3262500000001 1744
727.8731250000001 2076
728.4200000000001 1452
728.9668750000001 3968
729.5137500000001 1380
730.0606250000001 2244
730.6075000000001 2212
731.1543750000001 1704
731.7012500000001 1740
732.2481250000001 1824
732.7950000000001 2372
733.3418750000001 2440
733.8887500000001 2136
734.4356250000001 1440
734.9825000000001 1780
735.5293750000001 1872
736.0762500000001 2064
736.6231250000001 2244
737.1700000000001 1652
737.7168750000001 2488
738.2637500000001 2460
738.8106250000001 1876
739.3575000000001 2956
739.9043750000001 1840
740.4512500000001 1748
740.9981250000001 1532
741.5450000000001 1776
742.0918750000001 1392
742.6387500000001 2244
743.1856250000001 1900
743.7325000000001 1864
744.2793750000001 1860
744.8262500000001 1964
745.3731250000001 2236
745.9200000000001 3124
746.4668750000001 2212
747.0137500000001 2448
747.5606250000001 1520
748.1075000000001 1332
748.6543750000001 1952
749.2012500000001 2172
749.7481250000001 1872
750.2950000000001 1604
750.8418750000001 2004
751.3887500000001 1652
751.9356250000001 1952
752.4825000000001 1668
753.0293750000001 1516
753.5762500000001 1828
754.1231250000001 1540
754.6700000000001 1620
755.2168750000001 2684
755.7637500000001 1732
756.3106250000001 1028
756.8575000000001 2140
757.4043750000001 2092
757.9512500000001 1344
758.4981250000001 1388
759.0450000000001 2076
759.5918750000001 2036
760.1387500000001 2168
760.6856250000001 1280
761.2325000000001 2836
761.7793750000001 1812
762.3262500000001 2564
762.8731250000001 1856
763.4200000000001 1516
763.9668750000001 2068
764.5137500000001 2024
765.0606250000001 1864
765.6075000000001 1992
766.1543750000001 1852
766.7012500000001 2212
767.2481250000001 1696
767.7950000000001 1864
768.3418750000001 1616
768.8887500000001 2092
769.4356250000001 2112
769.9825000000001 1464
770.5293750000001 1528
771.0762500000001 2100
771.6231250000001 2160
772.1700000000001 1836
772.7168750000001 2128
773.2637500000001 2292
773.8106250000001 1928
774.3575000000001 1488
774.9043750000001 1396
775.4512500000001 2448
775.9981250000001 1684
776.5450000000001 1860
777.0918750000001 1912
777.6387500000001 1564
778.1856250000001 1884
778.7325000000001 2204
779.2793750000001 1664
779.8262500000001 2216
780.3731250000001 1860
780.9200000000001 2308
781.4668750000001 2456
782.0137500000001 1640
782.5606250000001 1628
783.1075000000001 2096
783.6543750000001 2212
784.2012500000001 2040
784.7481250000001 2192
785.2950000000001 1400
785.8418750000001 2060
786.3887500000001 1408
786.9356250000001 1508
787.4825000000001 1888
788.0293750000001 2236
788.5762500000001 2384
789.1231250000001 1752
789.6700000000001 1820
790.2168750000001 2212
790.7637500000001 1952
791.3106250000001 1744
791.8575000000001 1248
792.4043750000001 2424
792.9512500000001 1352
793.4981250000001 2048
794.0450000000001 1932
794.5918750000001 1908
795.1387500000001 1712
795.6856250000001 2048
796.2325000000001 2616
796.7793750000001 1820
797.3262500000001 1688
797.8731250000001 2176
798.4200000000001 1760
798.9668750000001 1816
799.5137500000001 1484
800.0606250000001 1936
800.6075000000001 1944
801.1543750000001 1376
801.7012500000001 2488
802.2481250000001 1524
802.7950000000001 2380
803.3418750000001 1892
803.8887500000001 1168
804.4356250000001 1856
804.9825000000001 2476
805.5293750000001 2408
806.0762500000001 1916
806.6231250000001 1468
807.1700000000001 1944
807.7168750000001 1712
808.2637500000001 2256
808.8106250000001 2044
809.3575000000001 1972
809.9043750000001 2068
810.4512500000001 1580
810.9981250000001 2008
811.5450000000001 1892
812.0918750000001 3732
812.6387500000001 1916
813.1856250000001 1664
813.7325000000001 2916
814.2793750000001 1940
814.8262500000001 2000
815.3731250000001 2488
815.9200000000001 2000
816.4668750000001 2168
817.0137500000001 2200
817.5606250000001 1488
818.1075000000001 2664
818.6543750000001 2344
819.2012500000001 2052
819.7481250000001 1440
820.2950000000001 1988
820.8418750000001 1436
821.3887500000001 2296
821.9356250000001 1416
822.4825000000001 1812
823.0293750000001 2128
823.5762500000001 2092
824.1231250000001 1712
824.6700000000001 1604
825.2168750000001 1592
825.7637500000001 1292
826.3106250000001 2752
826.8575000000001 1772
827.4043750000001 1716
827.9512500000001 1492
828.4981250000001 1640
829.0450000000001 2136
829.5918750000001 1964
830.1387500000001 1928
830.6856250000001 2336
831.2325000000001 1952
831.7793750000001 2240
832.3262500000001 2700
832.8731250000001 2060
833.4200000000001 1376
833.9668750000001 2280
834.5137500000001 2124
835.0606250000001 2388
835.6075000000001 1328
836.1543750000001 2088
836.7012500000001 2172
837.2481250000001 1524
837.7950000000001 1592
838.3418750000001 2744
838.8887500000001 1856
839.4356250000001 2328
839.9825000000001 2200
840.5293750000001 1768
841.0762500000001 1168
841.6231250000001 1836
842.1700000000001 1224
842.7168750000001 1748
843.2637500000001 1760
843.8106250000001 1656
844.3575000000001 1624
844.9043750000001 2080
845.4512500000001 2708
845.9981250000001 1816
846.5450000000001 1332
847.0918750000001 1272
847.6387500000001 2808
848.1856250000001 1948
848.7325000000001 2508
849.2793750000001 1868
849.8262500000001 1488
850.3731250000001 1164
850.9200000000001 2252
851.4668750000001 1260
852.0137500000001 1524
852.5606250000001 1684
853.1075000000001 2820
853.6543750000001 2040
854.2012500000001 1396
854.7481250000001 1712
855.2950000000001 1568
855.8418750000001 1832
856.3887500000001 1548
856.9356250000001 1840
857.4825000000001 1376
858.0293750000001 2040
858.5762500000001 1720
859.1231250000001 1784
859.6700000000001 2968
860.2168750000001 2412
860.7637500000001 1544
861.3106250000001 1820
861.8575000000001 2016
862.4043750000001 1480
862.9512500000001 2300
863.4981250000001 1672
864.0450000000001 2168
864.5918750000001 2412
865.1387500000001 2080
865.6856250000001 8312
866.2325000000001 1352
866.7793750000001 1604
867.3262500000001 1444
867.8731250000001 2212
868.4200000000001 1652
868.9668750000001 2244
869.5137500000001 1616
870.0606250000001 1756
870.6075000000001 1384
871.1543750000001 1708
871.7012500000001 1760
872.2481250000001 1544
872.7950000000001 1368
873.3418750000001 2416
873.8887500000001 2044
874.4356250000001 2252
874.9825000000001 2512
875.5293750000001 1724
876.0762500000001 1940
876.6231250000001 1476
877.1700000000001 1800
877.7168750000001 1552
878.2637500000001 2308
878.8106250000001 1824
879.3575000000001 1988
879.9043750000001 1672
880.4512500000001 2236
880.9981250000001 2960
881.5450000000001 1460
882.0918750000001 2804
882.6387500000001 1692
883.1856250000001 2400
883.7325000000001 1484
884.2793750000001 1624
884.8262500000001 2452
885.3731250000001 1460
885.9200000000001 1828
886.4668750000001 1952
887.0137500000001 2328
887.5606250000001 1592
888.1075000000001 1652
888.6543750000001 1980
889.2012500000001 1576
889.7481250000001 1684
890.2950000000001 1664
890.8418750000001 1656
891.3887500000001 2124
891.9356250000001 2672
892.4825000000001 1864
893.0293750000001 2052
893.5762500000001 1516
894.1231250000001 2528
894.6700000000001 1492
895.2168750000001 1788
895.7637500000001 2144
896.3106250000001 2516
896.8575000000001 1536
897.4043750000001 1804
897.9512500000001 1736
898.4981250000001 1876
899.0450000000001 2048
899.5918750000001 1308
900.1387500000001 2064
900.6856250000001 1272
901.2325000000001 2340
901.7793750000001 1960
902.3262500000001 1892
902.8731250000001 1896
903.4200000000001 1932
903.9668750000001 1692
904.5137500000001 1732
905.0606250000001 1808
905.6075000000001 2776
906.1543750000001 2264
906.7012500000001 1364
907.2481250000001 1316
907.7950000000001 3048
908.3418750000001 1816
908.8887500000001 1796
909.4356250000001 1348
909.9825000000001 1796
910.5293750000001 2212
911.0762500000001 1952
911.6231250000001 1972
912.1700000000001 2164
912.7168750000001 1932
913.2637500000001 1980
913.8106250000001 2192
914.3575000000001 1460
914.9043750000001 1940
915.4512500000001 2852
915.9981250000001 1328
916.5450000000001 2252
917.0918750000001 2004
917.6387500000001 1748
918.1856250000001 2376
918.7325000000001 1864
919.2793750000001 1560
919.8262500000001 2244
920.3731250000001 1824
920.9200000000001 1292
921.4668750000001 2136
922.0137500000001 2256
922.5606250000001 1716
923.1075000000001 2264
923.6543750000001 1900
924.2012500000001 1684
924.7481250000001 1772
925.2950000000001 1720
925.8418750000001 1444
926.3887500000001 1996
926.9356250000001 2648
927.4825000000001 1368
928.0293750000001 1732
928.5762500000001 1792
929.1231250000001 1964
929.6700000000001 1232
930.2168750000001 1612
930.7637500000001 2508
931.3106250000001 2584
931.8575000000001 1680
932.4043750000001 1324
932.9512500000001 1744
933.4981250000001 1860
934.0450000000001 2216
934.5918750000001 1432
935.1387500000001 1772
935.6856250000001 2800
936.2325000000001 1720
936.7793750000001 1628
937.3262500000001 1876
937.8731250000001 1772
938.4200000000001 1008
938.9668750000001 1668
939.5137500000001 1516
940.0606250000001 2132
940.6075000000001 2244
941.1543750000001 1740
941.7012500000001 1580
942.2481250000001 1932
942.7950000000001 2116
943.3418750000001 1748
943.8887500000001 3488
944.4356250000001 1408
944.9825000000001 1784
945.5293750000001 1932
946.0762500000001 1844
946.6231250000001 1840
947.1700000000001 1504
947.7168750000001 2724
948.2637500000001 1676
948.8106250000001 1532
949.3575000000001 1588
949.9043750000001 2052
950.4512500000001 1580
950.9981250000001 1516
951.5450000000001 1436
952.0918750000001 3656
952.6387500000001 1292
953.1856250000001 2116
953.7325000000001 2424
954.2793750000001 2028
954.8262500000001 2492
955.3731250000001 2076
955.9200000000001 1472
956.4668750000001 1476
957.0137500000001 1540
957.5606250000001 1152
958.1075000000001 1688
958.6543750000001 1852
959.2012500000001 1764
959.7481250000001 1760
960.2950000000001 2948
960.8418750000001 2036
961.3887500000001 1772
961.9356250000001 1736
962.4825000000001 2340
963.0293750000001 1672
963.5762500000001 1644
964.1231250000001 2272
964.6700000000001 1424
965.2168750000001 3156
965.7637500000001 1580
966.3106250000001 2408
966.8575000000001 1592
967.4043750000001 1728
967.9512500000001 1700
968.4981250000001 2068
969.0450000000001 2516
969.5918750000001 2484
970.1387500000001 2992
970.6856250000001 2156
971.2325000000001 1592
971.7793750000001 1904
972.3262500000001 1332
972.8731250000001 2088
973.4200000000001 1912
973.9668750000001 2632
974.5137500000001 1988
975.0606250000001 2024
975.6075000000001 2468
976.1543750000001 2160
976.7012500000001 2576
977.2481250000001 1724
977.7950000000001 1792
978.3418750000001 1672
978.8887500000001 1620
979.4356250000001 1840
979.9825000000001 1964
980.5293750000001 1644
981.0762500000001 1476
981.6231250000001 2012
982.1700000000001 1472
982.7168750000001 2068
983.2637500000001 2372
983.8106250000001 1616
984.3575000000001 1912
984.9043750000001 1808
985.4512500000001 1708
985.9981250000001 1684
986.5450000000001 1832
987.0918750000001 1668
987.6387500000001 1832
988.1856250000001 2360
988.7325000000001 1704
989.2793750000001 2284
989.8262500000001 2408
990.3731250000001 1540
990.9200000000001 1336
991.4668750000001 2344
992.0137500000001 1740
992.5606250000001 1632
993.1075000000001 2448
993.6543750000001 1940
994.2012500000001 1424
994.7481250000001 2356
995.2950000000001 1752
995.8418750000001 2292
996.3887500000001 1432
996.9356250000001 1840
997.4825000000001 1640
998.0293750000001 1904
998.5762500000001 1740
999.1231250000001 1436
999.6700000000001 1760
1000.2168750000001 1816
1000.7637500000001 1904
1001.3106250000001 1716
1001.8575000000001 2076
1002.4043750000001 2872
1002.9512500000001 1932
1003.4981250000001 1760
1004.0450000000001 1368
1004.5918750000001 2840
1005.1387500000001 2304
1005.6856250000001 1488
1006.2325000000001 1692
1006.7793750000001 1500
1007.3262500000001 2664
1007.8731250000001 1692
1008.4200000000001 1460
1008.9668750000001 2620
1009.5137500000001 1804
1010.0606250000001 1636
1010.6075000000001 1732
1011.1543750000001 1848
1011.7012500000001 2560
1012.2481250000001 1872
1012.7950000000001 1476
1013.3418750000001 1532
1013.8887500000001 2436
1014.4356250000001 1908
1014.9825000000001 1816
1015.5293750000001 2096
1016.0762500000001 2268
1016.6231250000001 2360
1017.1700000000001 1616
1017.7168750000001 2280
1018.2637500000001 2204
1018.8106250000001 1980
1019.3575000000001 1628
1019.9043750000001 2484
1020.4512500000001 1680
1020.9981250000001 1900
1021.5450000000001 1488
1022.0918750000001 2060
1022.6387500000001 2132
1023.1856250000001 1640
1023.7325000000001 2040
1024.279375 2172
1024.82625 1600
1025.373125 2868
1025.92 1548
1026.466875 1576
1027.01375 1732
1027.560625 2116
1028.1075 1668
1028.654375 1452
1029.20125 1352
1029.748125 1796
1030.295 1456
1030.841875 1604
1031.38875 1368
1031.935625 1672
1032.4825 1668
1033.029375 2292
1033.57625 1596
1034.123125 1832
1034.67 2564
1035.216875 2060
1035.76375 2636
1036.310625 2104
1036.8575 2168
1037.404375 2576
1037.95125 2424
1038.498125 2440
1039.045 2456
1039.591875 1636
1040.13875 1868
1040.685625 1948
1041.2325 3200
1041.779375 2092
1042.32625 1960
1042.873125 1896
1043.42 2092
1043.966875 1624
1044.51375 2000
1045.060625 2000
1045.6075 1748
1046.154375 2152
1046.70125 2416
1047.248125 1724
1047.795 1512
1048.341875 2308
1048.88875 1480
1049.435625 1752
1049.9825 1780
1050.529375 1564
1051.07625 2104
1051.623125 2464
1052.17 1032
1052.716875 1816
1053.26375 1332
1053.810625 3096
1054.3575 1808
1054.904375 1624
1055.45125 1952
1055.998125 1736
1056.545 2108
1057.091875 1580
1057.63875 1652
1058.185625 2032
1058.7325 2300
1059.279375 1920
1059.82625 1624
1060.373125 2484
1060.92 1932
1061.466875 1996
1062.01375 1516
1062.560625 2944
1063.1075 2812
1063.654375 1660
1064.20125 2276
1064.748125 1520
1065.295 1988
1065.841875 1972
1066.38875 1840
1066.935625 1716
1067.4825 2084
1068.029375 2108
1068.57625 1928
1069.123125 2208
1069.67 2336
1070.216875 1096
1070.76375 2200
1071.310625 2320
1071.8575 2640
1072.404375 2012
1072.95125 1704
1073.498125 2788
1074.045 1892
1074.591875 2024
1075.13875 1844
1075.685625 3276
1076.2325 1712
1076.779375 2544
1077.32625 2428
1077.873125 2044
1078.42 1852
1078.966875 1880
1079.51375 2504
1080.060625 1732
1080.6075 1336
1081.154375 1780
1081.70125 1364
1082.248125 2480
1082.795 2616
1083.341875 1388
1083.88875 2564
1084.435625 2740
1084.9825 1704
1085.529375 1844
1086.07625 2284
1086.623125 1912
1087.17 2312
1087.716875 1440
1088.26375 1528
1088.810625 2284
1089.3575 2584
1089.904375 2216
1090.45125 1828
1090.998125 1408
1091.545 1640
1092.091875 1392
1092.63875 2808
1093.185625 1984
1093.7325 1336
1094.279375 2480
1094.82625 1884
1095.373125 1532
1095.92 2228
1096.466875 1684
1097.01375 1404
1097.560625 1812
1098.1075 1964
1098.654375 1332
1099.20125 1768
1099.748125 1440
1100.295 2016
1100.841875 1928
1101.38875 1940
1101.935625 2252
1102.4825 1872
1103.029375 2240
1103.57625 1612
1104.123125 1676
1104.67 2084
1105.216875 2108
1105.76375 1940
1106.310625 1652
1106.8575 2052
1107.404375 1960
1107.95125 2188
1108.498125 2084
1109.045 2200
1109.591875 2560
1110.13875 1872
1110.685625 1976
1111.2325 2048
1111.779375 2928
1112.32625 1692
1112.873125 2156
1113.42 2180
1113.966875 2176
1114.51375 1404
1115.060625 1904
1115.6075 1640
1116.154375 1760
1116.70125 2060
1117.248125 4164
1117.795 1876
1118.341875 1820
1118.88875 1284
1119.435625 1884
1119.9825 2924
1120.529375 1560
1121.07625 1340
1121.623125 1796
1122.17 2444
1122.716875 1768
1123.26375 1704
1123.810625 2908
1124.3575 2012
1124.904375 1528
1125.45125 1332
1125.998125 2036
1126.545 1292
1127.091875 1684
1127.63875 1912
1128.185625 1892
1128.7325 2436
1129.279375 2688
1129.82625 1916
1130.373125 1664
1130.92 2952
1131.466875 2636
1132.01375 2328
1132.560625 1816
1133.1075 2552
1133.654375 2448
1134.20125 1948
1134.748125 2344
1135.295 2652
1135.841875 1636
1136.38875 1340
1136.935625 1768
1137.4825 1532
1138.029375 2804
1138.57625 2160
1139.123125 2008
1139.67 1576
1140.216875 1812
1140.76375 1664
1141.310625 1988
1141.8575 1840
1142.404375 1944
1142.95125 1664
1143.498125 1628
1144.045 2164
1144.591875 2400
1145.13875 1840
1145.685625 2648
1146.2325 2064
1146.779375 1828
1147.32625 2564
1147.873125 2656
1148.42 2412
1148.966875 1416
1149.51375 2168
1150.060625 2332
1150.6075 2452
1151.154375 1684
1151.70125 1552
1152.248125 1576
1152.795 1368
1153.341875 1912
1153.88875 2580
1154.435625 2516
1154.9825 1836
1155.529375 2160
1156.07625 1932
1156.623125 1480
1157.17 1768
1157.716875 1900
1158.26375 1600
1158.810625 1512
1159.3575 2244
1159.904375 2104
1160.45125 1960
1160.998125 1764
1161.545 2148
1162.091875 1584
1162.63875 2628
1163.185625 1952
1163.7325 2976
1164.279375 1896
1164.82625 1800
1165.373125 1820
1165.92 1644
1166.466875 2536
1167.01375 1552
1167.560625 1748
1168.1075 1960
1168.654375 2748
1169.20125 1444
1169.748125 2036
1170.295 1588
1170.841875 1576
1171.38875 1780
1171.935625 1716
1172.4825 2448
1173.029375 1596
1173.57625 1808
1174.123125 2744
1174.67 2428
1175.216875 2828
1175.76375 1872
1176.310625 2332
1176.8575 1988
1177.404375 2284
1177.95125 2768
1178.498125 1936
1179.045 1988
1179.591875 1676
1180.13875 1796
1180.685625 3052
1181.2325 1444
1181.779375 2516
1182.32625 1540
1182.873125 1740
1183.42 1616
1183.966875 1632
1184.51375 2120
1185.060625 1464
1185.6075 2044
1186.154375 2104
1186.70125 1408
1187.248125 2412
1187.795 1472
1188.341875 2464
1188.88875 1700
1189.435625 1700
1189.9825 1868
1190.529375 2176
1191.07625 1796
1191.623125 2624
1192.17 1964
1192.716875 1448
1193.26375 2128
1193.810625 1796
1194.3575 1340
1194.904375 2068
1195.45125 1968
1195.998125 2392
1196.545 1788
1197.091875 1460
1197.63875 1696
1198.185625 1820
1198.7325 2332
1199.279375 1480
1199.82625 2600
1200.373125 2312
1200.92 2528
1201.466875 2008
1202.01375 2060
1202.560625 1696
1203.1075 1836
1203.654375 2036
1204.20125 1464
1204.748125 1876
1205.295 1888
1205.841875 1988
1206.38875 1624
1206.935625 1760
1207.4825 2356
1208.029375 2000
1208.57625 1552
1209.123125 1256
1209.67 2244
1210.216875 2588
1210.76375 1992
1211.310625 2952
1211.8575 1952
1212.404375 1748
1212.95125 2160
1213.498125 1480
1214.045 1752
1214.591875 1632
1215.13875 2148
1215.685625 2164
1216.2325 2000
1216.779375 2216
1217.32625 2616
1217.873125 2020
1218.42 2372
1218.966875 2268
1219.51375 1496
1220.060625 2024
1220.6075 2188
1221.154375 1632
1221.70125 2256
1222.248125 1624
1222.795 2224
1223.341875 2040
1223.88875 2320
1224.435625 2216
1224.9825 2024
1225.529375 2712
1226.07625 1772
1226.623125 2212
1227.17 2468
1227.716875 2108
1228.26375 2280
1228.810625 2268
1229.3575 2276
1229.904375 2852
1230.45125 2140
1230.998125 2120
1231.545 2624
1232.091875 1768
1232.63875 1996
1233.185625 1896
1233.7325 3176
1234.279375 2016
1234.82625 1772
1235.373125 1948
1235.92 2080
1236.466875 2576
1237.01375 1572
1237.560625 1716
1238.1075 1960
1238.654375 2364
1239.20125 2140
1239.748125 1956
1240.295 1664
1240.841875 1768
1241.38875 1824
1241.935625 1680
1242.4825 2292
1243.029375 2392
1243.57625 1480
1244.123125 1972
1244.67 2712
1245.216875 1836
1245.76375 2484
1246.310625 2408
1246.8575 1932
1247.404375 1756
1247.95125 2500
1248.498125 2600
1249.045 2536
1249.591875 1788
1250.13875 1848
1250.685625 1776
1251.2325 1856
1251.779375 2408
1252.32625 1848
1252.873125 2440
1253.42 2048
1253.966875 1516
1254.51375 1940
1255.060625 2528
1255.6075 1380
1256.154375 1684
1256.70125 1448
1257.248125 1828
1257.795 2288
1258.341875 2708
1258.88875 2488
1259.435625 1968
1259.9825 1884
1260.529375 2644
1261.07625 2128
1261.623125 2136
1262.17 2232
1262.716875 1596
1263.26375 2368
1263.810625 3008
1264.3575 2816
1264.904375 1708
1265.45125 1664
1265.998125 1728
1266.545 1828
1267.091875 1892
1267.63875 2396
1268.185625 1800
1268.7325 2216
1269.279375 3172
1269.82625 2344
1270.373125 1912
1270.92 1636
1271.466875 2640
1272.01375 1904
1272.560625 1848
1273.1075 1724
1273.654375 1668
1274.20125 2444
1274.748125 1812
1275.295 2004
1275.841875 1772
1276.38875 2608
1276.935625 2212
1277.4825 1524
1278.029375 2396
1278.57625 2552
1279.123125 2044
1279.67 2036
1280.216875 1556
1280.76375 1828
1281.310625 1824
1281.8575 2036
1282.404375 1936
1282.95125 2036
1283.498125 1936
1284.045 1952
1284.591875 2076
1285.13875 1876
1285.685625 1764
1286.2325 1692
1286.779375 1756
1287.32625 2096
1287.873125 1708
1288.42 2056
1288.966875 1844
1289.51375 3264
1290.060625 1420
1290.6075 3324
1291.154375 2280
1291.70125 2432
1292.248125 1984
1292.795 2264
1293.341875 2884
1293.88875 2300
1294.435625 2008
1294.9825 2068
1295.529375 2044
1296.07625 1632
1296.623125 1900
1297.17 2316
1297.716875 2980
1298.26375 2540
1298.810625 2340
1299.3575 2760
1299.904375 1976
1300.45125 1712
1300.998125 1992
1301.545 2528
1302.091875 1816
1302.63875 2132
1303.185625 2012
1303.7325 1900
1304.279375 2352
1304.82625 2648
1305.373125 2308
1305.92 2408
1306.466875 2428
1307.01375 2500
1307.560625 1904
1308.1075 3288
1308.654375 2348
1309.20125 2404
1309.748125 2564
1310.295 1736
1310.841875 1896
1311.38875 2452
1311.935625 2932
1312.4825 1936
1313.029375 2004
1313.57625 2460
1314.123125 2492
1314.67 2344
1315.216875 1980
1315.76375 1684
1316.310625 1764
1316.8575 1764
1317.404375 2692
1317.95125 2400
1318.498125 1840
1319.045 2668
1319.591875 2196
1320.13875 2076
1320.685625 2116
1321.2325 2472
1321.779375 2188
1322.32625 2016
1322.873125 1936
1323.42 2520
1323.966875 1992
1324.51375 1860
1325.060625 2316
1325.6075 2268
1326.154375 2348
1326.70125 2532
1327.248125 1744
1327.795 2576
1328.341875 2244
1328.88875 2096
1329.435625 2052
1329.9825 2184
1330.529375 2236
1331.07625 1824
1331.623125 2688
1332.17 1664
1332.716875 1788
1333.26375 1604
1333.810625 2248
1334.3575 2636
1334.904375 2292
1335.45125 2132
1335.998125 2952
1336.545 2452
1337.091875 1920
1337.63875 2392
1338.185625 1996
1338.7325 2148
1339.279375 2492
1339.82625 2200
1340.373125 1536
1340.92 2548
1341.466875 1844
1342.01375 2164
1342.560625 2472
1343.1075 2464
1343.654375 2364
1344.20125 2124
1344.748125 2424
1345.295 2904
1345.841875 1940
1346.38875 2208
1346.935625 1968
1347.4825 2536
1348.029375 2212
1348.57625 2344
1349.123125 2244
1349.67 2168
1350.216875 2636
1350.76375 2060
1351.310625 2412
1351.8575 2060
1352.404375 2748
1352.95125 2044
1353.498125 2172
1354.045 3228
1354.591875 2596
1355.13875 2192
1355.685625 2344
1356.2325 1936
1356.779375 2324
1357.32625 2356
1357.873125 2748
1358.42 2168
1358.966875 3000
1359.51375 2424
1360.060625 2520
1360.6075 3076
1361.154375 2360
1361.70125 2412
1362.248125 1884
1362.795 2492
1363.341875 2836
1363.88875 2356
1364.435625 2400
1364.9825 2888
1365.529375 2236
1366.07625 3308
1366.623125 2584
1367.17 2600
1367.716875 2396
1368.26375 2184
1368.810625 2544
1369.3575 2964
1369.904375 2904
1370.45125 2396
1370.998125 2476
1371.545 2668
1372.091875 4152
1372.63875 2328
1373.185625 3492
1373.7325 2364
1374.279375 2192
1374.82625 2636
1375.373125 3064
1375.92 3048
1376.466875 2580
1377.01375 2660
1377.560625 2800
1378.1075 2852
1378.654375 2608
1379.20125 2620
1379.748125 2732
1380.295 2664
1380.841875 3076
1381.38875 2452
1381.935625 2520
1382.4825 3056
1383.029375 2024
1383.57625 2852
1384.123125 2744
1384.67 2804
1385.216875 2920
1385.76375 2556
1386.310625 2904
1386.8575 3052
1387.404375 3004
1387.95125 3472
1388.498125 2488
1389.045 3220
1389.591875 3020
1390.13875 3236
1390.685625 2540
1391.2325 3672
1391.779375 2868
1392.32625 3156
1392.873125 3288
1393.42 3196
1393.966875 3524
1394.51375 3120
1395.060625 4684
1395.6075 3900
1396.154375 2888
1396.70125 3116
1397.248125 3260
1397.795 3704
1398.341875 2756
1398.88875 3456
1399.435625 3352
1399.9825 3408
1400.529375 2956
1401.07625 3368
1401.623125 3964
1402.17 3380
1402.716875 3280
1403.26375 4064
1403.810625 3204
1404.3575 3624
1404.904375 3656
1405.45125 3744
1405.998125 3504
1406.545 3724
1407.091875 3452
1407.63875 3604
1408.185625 4736
1408.7325 3752
1409.279375 4388
1409.82625 3452
1410.373125 3828
1410.92 4584
1411.466875 4652
1412.01375 3508
1412.560625 4548
1413.1075 4536
1413.654375 4076
1414.20125 5204
1414.748125 4432
1415.295 4104
1415.841875 5180
1416.38875 4852
1416.935625 5632
1417.4825 5540
1418.029375 4964
1418.57625 5544
1419.123125 5432
