299.67 -196
300.216875 -12
300.76375 -140
301.310625 -52
301.8575 -152
302.404375 68
302.95125 4
303.498125 -108
304.045 16
304.591875 16
305.13875 116
305.685625 188
306.2325 32
306.779375 -36
307.32625 -188
307.873125 32
308.42 -180
308.966875 -64
309.51375 204
310.060625 40
310.6075 -44
311.154375 60
311.70125 -16
312.248125 140
312.795 -52
313.341875 -220
313.88875 -28
314.435625 60
314.9825 156
315.529375 112
316.07625 88
316.623125 56
317.17 60
317.716875 128
318.26375 -104
318.810625 -104
319.3575 40
319.904375 -148
320.45125 -92
320.998125 -288
321.545 -8
322.091875 60
322.63875 24
323.185625 32
323.7325 84
324.279375 -40
324.82625 -16
325.373125 -140
325.92 40
326.466875 -120
327.01375 -12
327.560625 -296
328.1075 92
328.654375 44
329.20125 16
329.748125 48
330.295 -228
330.841875 176
331.38875 84
331.935625 60
332.4825 -24
333.029375 20
333.57625 -36
334.123125 24
334.67 -84
335.216875 -20
335.76375 136
336.310625 160
336.8575 104
337.404375 84
337.95125 -52
338.498125 -100
339.045 52
339.591875 -32
340.13875 52
340.685625 128
341.2325 36
341.779375 72
342.32625 16
342.873125 24
343.42 -108
343.966875 68
344.51375 48
345.060625 116
345.6075 -12
346.154375 -56
346.70125 -72
347.248125 4
347.795 68
348.341875 164
348.88875 88
349.435625 108
349.9825 -28
350.529375 -28
351.07625 132
351.623125 -36
352.17 84
352.716875 36
353.26375 -64
353.810625 -108
354.3575 0
354.904375 12
355.45125 -320
355.998125 120
356.545 36
357.091875 -124
357.63875 -100
358.185625 140
358.7325 -72
359.279375 104
359.82625 -20
360.373125 -36
360.92 -80
361.466875 96
362.01375 -16
362.560625 -68
363.1075 -108
363.654375 -104
364.20125 -36
364.748125 156
365.295 -36
365.841875 12
366.38875 156
366.935625 -124
367.4825 112
368.029375 64
368.57625 -76
369.123125 -72
369.67 64
370.216875 -136
370.76375 8
371.310625 -56
371.8575 16
372.404375 104
372.95125 68
373.498125 -72
374.045 -28
374.591875 16
375.13875 -20
375.685625 -60
376.2325 -44
376.779375 -20
377.32625 52
377.873125 8
378.42 96
378.966875 40
379.51375 -60
380.060625 -112
380.6075 0
381.154375 40
381.70125 36
382.248125 -80
382.795 44
383.341875 120
383.88875 -156
384.435625 -160
384.9825 84
385.529375 -64
386.07625 176
386.623125 -64
387.17 196
387.716875 20
388.26375 -44
388.810625 28
389.3575 100
389.904375 176
390.45125 84
390.998125 92
391.545 -20
392.091875 32
392.63875 124
393.185625 -204
393.7325 128
394.279375 116
394.82625 136
395.373125 -52
395.92 -124
396.466875 92
397.01375 -4
397.560625 -56
398.1075 100
398.654375 -164
399.20125 -232
399.748125 -136
400.295 -12
400.841875 28
401.38875 -128
401.935625 56
402.4825 52
403.029375 76
403.57625 64
404.123125 4
404.67 -168
405.216875 -32
405.76375 4
406.310625 64
406.8575 100
407.404375 -48
407.95125 60
408.498125 -88
409.045 -36
409.591875 0
410.13875 4
410.685625 80
411.2325 116
411.779375 100
412.32625 40
412.873125 28
413.42 -116
413.966875 -56
414.51375 -28
415.060625 -124
415.6075 32
416.154375 48
416.70125 56
417.248125 -16
417.795 52
418.341875 -44
418.88875 84
419.435625 72
419.9825 -24
420.529375 36
421.07625 -80
421.623125 -128
422.17 -112
422.716875 -96
423.26375 48
423.810625 -24
424.3575 -28
424.904375 60
425.45125 48
425.998125 20
426.545 -12
427.091875 -292
427.63875 32
428.185625 44
428.7325 12
429.279375 -220
429.82625 56
430.373125 116
430.92 16
431.466875 -108
432.01375 32
432.560625 -104
433.1075 -80
433.654375 -156
434.20125 168
434.748125 -136
435.295 44
435.841875 -52
436.38875 96
436.935625 4
437.4825 80
438.029375 -32
438.57625 -40
439.123125 -12
439.67 64
440.216875 -56
440.76375 -48
441.310625 68
441.8575 -20
442.404375 272
442.95125 -76
443.498125 120
444.045 108
444.591875 80
445.13875 -48
445.685625 144
446.2325 24
446.779375 44
447.32625 0
447.873125 12
448.42 -84
448.966875 68
449.51375 -16
450.060625 -184
450.6075 36
451.154375 -56
451.70125 -60
452.248125 28
452.795 -144
453.341875 280
453.88875 -24
454.435625 -72
454.9825 -52
455.529375 60
456.07625 72
456.623125 12
457.17 84
457.716875 -128
458.26375 -132
458.810625 -116
459.3575 36
459.904375 4
460.45125 52
460.998125 -32
461.545 32
462.091875 -152
462.63875 -264
463.185625 44
463.7325 -116
464.279375 -72
464.82625 -40
465.373125 -20
465.92 -116
466.466875 20
467.01375 -20
467.560625 -144
468.1075 76
468.654375 -8
469.20125 -56
469.748125 200
470.295 72
470.841875 -220
471.38875 12
471.935625 8
472.4825 256
473.029375 -32
473.57625 -40
474.123125 12
474.67 24
475.216875 220
475.76375 -120
476.310625 72
476.8575 60
477.404375 16
477.95125 12
478.498125 80
479.045 240
479.591875 0
480.13875 112
480.685625 132
481.2325 -72
481.779375 32
482.32625 -24
482.873125 48
483.42 -12
483.966875 -28
484.51375 -172
485.060625 -104
485.6075 -12
486.154375 68
486.70125 -16
487.248125 -48
487.795 124
488.341875 -36
488.88875 108
489.435625 16
489.9825 -16
490.529375 52
491.07625 -168
491.623125 0
492.17 -24
492.716875 8
493.26375 60
493.810625 -164
494.3575 -148
494.904375 -68
495.45125 220
495.998125 -184
496.545 104
497.091875 -124
497.63875 -48
498.185625 148
498.7325 -168
499.279375 236
499.82625 -72
500.373125 -28
500.92 -16
501.466875 48
502.01375 8
502.560625 -60
503.1075 16
503.654375 300
504.20125 -8
504.748125 52
505.295 -16
505.841875 -28
506.38875 32
506.935625 16
507.4825 0
508.029375 -56
508.57625 8
509.123125 12
509.67 -8
510.216875 84
510.76375 -64
511.310625 -8
511.8575 -8
512.4043750000001 -156
512.9512500000001 72
513.4981250000001 -172
514.0450000000001 -8
514.5918750000001 -12
515.1387500000001 132
515.6856250000001 -28
516.2325000000001 -52
516.7793750000001 0
517.3262500000001 -68
517.8731250000001 -4
518.4200000000001 92
518.9668750000001 44
519.5137500000001 -12
520.0606250000001 -44
520.6075000000001 -16
521.1543750000001 60
521.7012500000001 -48
522.2481250000001 -20
522.7950000000001 -24
523.3418750000001 -12
523.8887500000001 -116
524.4356250000001 164
524.9825000000001 120
525.5293750000001 -140
526.0762500000001 68
526.6231250000001 16
527.1700000000001 -200
527.7168750000001 -116
528.2637500000001 140
528.8106250000001 60
529.3575000000001 88
529.9043750000001 60
530.4512500000001 12
530.9981250000001 24
531.5450000000001 176
532.0918750000001 128
532.6387500000001 -84
533.1856250000001 96
533.7325000000001 16
534.2793750000001 -112
534.8262500000001 108
535.3731250000001 -96
535.9200000000001 16
536.4668750000001 152
537.0137500000001 16
537.5606250000001 -8
538.1075000000001 -36
538.6543750000001 -84
539.2012500000001 -32
539.7481250000001 -20
540.2950000000001 48
540.8418750000001 -36
541.3887500000001 -24
541.9356250000001 56
542.4825000000001 196
543.0293750000001 -188
543.5762500000001 -148
544.1231250000001 -40
544.6700000000001 -8
545.2168750000001 44
545.7637500000001 92
546.3106250000001 -28
546.8575000000001 124
547.4043750000001 132
547.9512500000001 -100
548.4981250000001 -204
549.0450000000001 128
549.5918750000001 -8
550.1387500000001 -84
550.6856250000001 -92
551.2325000000001 84
551.7793750000001 -60
552.3262500000001 -48
552.8731250000001 260
553.4200000000001 -24
553.9668750000001 60
554.5137500000001 -24
555.0606250000001 -64
555.6075000000001 196
556.1543750000001 -112
556.7012500000001 64
557.2481250000001 -60
557.7950000000001 -28
558.3418750000001 -44
558.8887500000001 16
559.4356250000001 -44
559.9825000000001 84
560.5293750000001 128
561.0762500000001 -320
561.6231250000001 0
562.1700000000001 -40
562.7168750000001 56
563.2637500000001 -20
563.8106250000001 -52
564.3575000000001 64
564.9043750000001 -52
565.4512500000001 -40
565.9981250000001 -36
566.5450000000001 -48
567.0918750000001 -164
567.6387500000001 128
568.1856250000001 64
568.7325000000001 72
569.2793750000001 40
569.8262500000001 188
570.3731250000001 124
570.9200000000001 -160
571.4668750000001 96
572.0137500000001 -28
572.5606250000001 160
573.1075000000001 36
573.6543750000001 156
574.2012500000001 56
574.7481250000001 -108
575.2950000000001 -12
575.8418750000001 172
576.3887500000001 40
576.9356250000001 -180
577.4825000000001 120
578.0293750000001 -180
578.5762500000001 76
579.1231250000001 -36
579.6700000000001 -96
580.2168750000001 -28
580.7637500000001 164
581.3106250000001 -168
581.8575000000001 -156
582.4043750000001 8
582.9512500000001 120
583.4981250000001 60
584.0450000000001 64
584.5918750000001 20
585.1387500000001 24
585.6856250000001 -348
586.2325000000001 176
586.7793750000001 152
587.3262500000001 292
587.8731250000001 -104
588.4200000000001 8
588.9668750000001 -140
589.5137500000001 -56
590.0606250000001 -100
590.6075000000001 -12
591.1543750000001 0
591.7012500000001 -12
592.2481250000001 324
592.7950000000001 64
593.3418750000001 -48
593.8887500000001 -40
594.4356250000001 -80
594.9825000000001 -52
595.5293750000001 -96
596.0762500000001 144
596.6231250000001 148
597.1700000000001 80
597.7168750000001 -60
598.2637500000001 -48
598.8106250000001 -72
599.3575000000001 0
599.9043750000001 104
600.4512500000001 80
600.9981250000001 -16
601.5450000000001 116
602.0918750000001 20
602.6387500000001 20
603.1856250000001 -180
603.7325000000001 -196
604.2793750000001 -116
604.8262500000001 -80
605.3731250000001 60
605.9200000000001 -164
606.4668750000001 -208
607.0137500000001 -120
607.5606250000001 184
608.1075000000001 -100
608.6543750000001 -80
609.2012500000001 -100
609.7481250000001 -156
610.2950000000001 20
610.8418750000001 -164
611.3887500000001 -16
611.9356250000001 112
612.4825000000001 -8
613.0293750000001 28
613.5762500000001 -64
614.1231250000001 36
614.6700000000001 64
615.2168750000001 -160
615.7637500000001 -140
616.3106250000001 -28
616.8575000000001 -80
617.4043750000001 8
617.9512500000001 -64
618.4981250000001 -84
619.0450000000001 160
619.5918750000001 -56
620.1387500000001 -12
620.6856250000001 112
621.2325000000001 -80
621.7793750000001 88
622.3262500000001 188
622.8731250000001 136
623.4200000000001 56
623.9668750000001 -112
624.5137500000001 -40
625.0606250000001 -112
625.6075000000001 -32
626.1543750000001 -44
626.7012500000001 244
627.2481250000001 8
627.7950000000001 180
628.3418750000001 168
628.8887500000001 240
629.4356250000001 228
629.9825000000001 248
630.5293750000001 372
631.0762500000001 368
631.6231250000001 400
632.1700000000001 460
632.7168750000001 224
633.2637500000001 252
633.8106250000001 204
634.3575000000001 92
634.9043750000001 216
635.4512500000001 332
635.9981250000001 544
636.5450000000001 436
637.0918750000001 372
637.6387500000001 376
638.1856250000001 500
638.7325000000001 424
639.2793750000001 588
639.8262500000001 636
640.3731250000001 616
640.9200000000001 544
641.4668750000001 512
642.0137500000001 592
642.5606250000001 596
643.1075000000001 636
643.6543750000001 732
644.2012500000001 796
644.7481250000001 812
645.2950000000001 904
645.8418750000001 960
646.3887500000001 772
646.9356250000001 940
647.4825000000001 968
648.0293750000001 1224
648.5762500000001 1192
649.1231250000001 1096
649.6700000000001 1524
650.2168750000001 1476
650.7637500000001 1532
651.3106250000001 1612
651.8575000000001 1764
652.4043750000001 1644
652.9512500000001 1944
653.4981250000001 1840
654.0450000000001 2244
654.5918750000001 2556
655.1387500000001 2348
655.6856250000001 2588
656.2325000000001 2668
656.7793750000001 2772
657.3262500000001 3028
657.8731250000001 3064
658.4200000000001 3656
658.9668750000001 3452
659.5137500000001 3676
660.0606250000001 4116
660.6075000000001 4248
661.1543750000001 4180
661.7012500000001 4648
662.2481250000001 5092
662.7950000000001 5000
663.3418750000001 5304
663.8887500000001 5624
664.4356250000001 6264
664.9825000000001 6072
665.5293750000001 6988
666.0762500000001 7036
666.6231250000001 7764
667.1700000000001 7768
667.7168750000001 8308
668.2637500000001 8392
668.8106250000001 9064
669.3575000000001 9924
669.9043750000001 10160
670.4512500000001 10956
670.9981250000001 10388
671.5450000000001 11284
672.0918750000001 12020
672.6387500000001 12628
673.1856250000001 13092
673.7325000000001 13768
674.2793750000001 14452
674.8262500000001 14696
675.3731250000001 14964
675.9200000000001 15616
676.4668750000001 16792
677.0137500000001 16732
677.5606250000001 17596
678.1075000000001 18604
678.6543750000001 18996
679.2012500000001 19832
679.7481250000001 21004
680.2950000000001 21384
680.8418750000001 22300
681.3887500000001 23700
681.9356250000001 24996
682.4825000000001 26028
683.0293750000001 26708
683.5762500000001 27892
684.1231250000001 27716
684.6700000000001 29588
685.2168750000001 29944
685.7637500000001 29432
686.3106250000001 29224
686.8575000000001 28512
687.4043750000001 27488
687.9512500000001 26920
688.4981250000001 25432
689.0450000000001 23252
689.5918750000001 22096
690.1387500000001 20280
690.6856250000001 18044
691.2325000000001 16412
691.7793750000001 14508
692.3262500000001 13464
692.8731250000001 11640
693.4200000000001 10612
693.9668750000001 9264
694.5137500000001 7612
695.0606250000001 7128
695.6075000000001 6632
696.1543750000001 5864
696.7012500000001 5112
697.2481250000001 4372
697.7950000000001 3912
698.3418750000001 3728
698.8887500000001 2968
699.4356250000001 2736
699.9825000000001 2476
700.5293750000001 2080
701.0762500000001 1784
701.6231250000001 1612
702.1700000000001 1452
702.7168750000001 1536
703.2637500000001 1288
703.8106250000001 1068
704.3575000000001 1060
704.9043750000001 832
705.4512500000001 640
705.9981250000001 724
706.5450000000001 776
707.0918750000001 620
707.6387500000001 420
708.1856250000001 436
708.7325000000001 380
709.2793750000001 564
709.8262500000001 392
710.3731250000001 60
710.9200000000001 344
711.4668750000001 300
712.0137500000001 288
712.5606250000001 440
713.1075000000001 212
713.6543750000001 144
714.2012500000001 132
714.7481250000001 180
715.2950000000001 288
715.8418750000001 8
716.3887500000001 168
716.9356250000001 132
717.4825000000001 -56
718.0293750000001 96
718.5762500000001 156
719.1231250000001 172
719.6700000000001 236
720.2168750000001 8
720.7637500000001 364
721.3106250000001 84
721.8575000000001 160
722.4043750000001 72
722.9512500000001 120
723.4981250000001 36
724.0450000000001 192
724.5918750000001 164
725.1387500000001 76
725.6856250000001 -40
726.2325000000001 80
726.7793750000001 -20
727.3262500000001 28
727.8731250000001 212
728.4200000000001 32
728.9668750000001 80
729.5137500000001 180
730.0606250000001 200
730.6075000000001 40
731.1543750000001 -52
731.7012500000001 -44
732.2481250000001 52
732.7950000000001 0
733.3418750000001 172
733.8887500000001 96
734.4356250000001 -60
734.9825000000001 -64
735.5293750000001 4
736.0762500000001 -16
736.6231250000001 -32
737.1700000000001 92
737.7168750000001 0
738.2637500000001 -52
738.8106250000001 -8
739.3575000000001 68
739.9043750000001 60
740.4512500000001 -32
740.9981250000001 60
741.5450000000001 52
742.0918750000001 64
742.6387500000001 52
743.1856250000001 64
743.7325000000001 36
744.2793750000001 -4
744.8262500000001 44
745.3731250000001 92
745.9200000000001 112
746.4668750000001 -120
747.0137500000001 -48
747.5606250000001 52
748.1075000000001 104
748.6543750000001 72
749.2012500000001 -24
749.7481250000001 108
750.2950000000001 -76
750.8418750000001 -68
751.3887500000001 92
751.9356250000001 -32
752.4825000000001 24
753.0293750000001 -12
753.5762500000001 -196
754.1231250000001 -68
754.6700000000001 216
755.2168750000001 52
755.7637500000001 -140
756.3106250000001 116
756.8575000000001 32
757.4043750000001 -88
757.9512500000001 -4
758.4981250000001 96
759.0450000000001 -8
759.5918750000001 200
760.1387500000001 -40
760.6856250000001 24
761.2325000000001 -56
761.7793750000001 40
762.3262500000001 28
762.8731250000001 32
763.4200000000001 60
763.9668750000001 152
764.5137500000001 104
765.0606250000001 156
765.6075000000001 12
766.1543750000001 48
766.7012500000001 80
767.2481250000001 8
767.7950000000001 148
768.3418750000001 152
768.8887500000001 44
769.4356250000001 40
769.9825000000001 40
770.5293750000001 0
771.0762500000001 32
771.6231250000001 60
772.1700000000001 -48
772.7168750000001 -72
773.2637500000001 56
773.8106250000001 -16
774.3575000000001 -64
774.9043750000001 52
775.4512500000001 12
775.9981250000001 -16
776.5450000000001 12
777.0918750000001 100
777.6387500000001 164
778.1856250000001 -76
778.7325000000001 132
779.2793750000001 -32
779.8262500000001 -28
780.3731250000001 -68
780.9200000000001 -144
781.4668750000001 84
782.0137500000001 -100
782.5606250000001 280
783.1075000000001 -16
783.6543750000001 52
784.2012500000001 12
784.7481250000001 -36
785.2950000000001 96
785.8418750000001 76
786.3887500000001 96
786.9356250000001 120
787.4825000000001 -52
788.0293750000001 -32
788.5762500000001 -84
789.1231250000001 216
789.6700000000001 44
790.2168750000001 -144
790.7637500000001 -156
791.3106250000001 116
791.8575000000001 -116
792.4043750000001 -168
792.9512500000001 104
793.4981250000001 156
794.0450000000001 92
794.5918750000001 -160
795.1387500000001 132
795.6856250000001 -116
796.2325000000001 -104
796.7793750000001 -180
797.3262500000001 -200
797.8731250000001 4
798.4200000000001 -72
798.9668750000001 -232
799.5137500000001 96
800.0606250000001 148
800.6075000000001 -156
801.1543750000001 8
801.7012500000001 -116
802.2481250000001 148
802.7950000000001 120
803.3418750000001 88
803.8887500000001 140
804.4356250000001 4
804.9825000000001 52
805.5293750000001 16
806.0762500000001 -148
806.6231250000001 64
807.1700000000001 240
807.7168750000001 188
808.2637500000001 36
808.8106250000001 -112
809.3575000000001 -160
809.9043750000001 -160
810.4512500000001 32
810.9981250000001 20
811.5450000000001 184
812.0918750000001 -24
812.6387500000001 -88
813.1856250000001 -60
813.7325000000001 280
814.2793750000001 -8
814.8262500000001 -88
815.3731250000001 4
815.9200000000001 96
816.4668750000001 -4
817.0137500000001 -40
817.5606250000001 228
818.1075000000001 -68
818.6543750000001 -64
819.2012500000001 -172
819.7481250000001 136
820.2950000000001 8
820.8418750000001 40
821.3887500000001 -48
821.9356250000001 -16
822.4825000000001 80
823.0293750000001 140
823.5762500000001 36
824.1231250000001 -100
824.6700000000001 -16
825.2168750000001 16
825.7637500000001 -88
826.3106250000001 -20
826.8575000000001 156
827.4043750000001 -292
827.9512500000001 56
828.4981250000001 -4
829.0450000000001 -20
829.5918750000001 84
830.1387500000001 -96
830.6856250000001 -20
831.2325000000001 -24
831.7793750000001 -240
832.3262500000001 20
832.8731250000001 20
833.4200000000001 -16
833.9668750000001 -160
834.5137500000001 0
835.0606250000001 32
835.6075000000001 56
836.1543750000001 56
836.7012500000001 84
837.2481250000001 68
837.7950000000001 4
838.3418750000001 -48
838.8887500000001 32
839.4356250000001 -16
839.9825000000001 -8
840.5293750000001 -28
841.0762500000001 -16
841.6231250000001 -60
842.1700000000001 -20
842.7168750000001 -40
843.2637500000001 -136
843.8106250000001 60
844.3575000000001 32
844.9043750000001 -60
845.4512500000001 -132
845.9981250000001 100
846.5450000000001 -12
847.0918750000001 124
847.6387500000001 32
848.1856250000001 -96
848.7325000000001 -40
849.2793750000001 24
849.8262500000001 -28
850.3731250000001 24
850.9200000000001 216
851.4668750000001 108
852.0137500000001 40
852.5606250000001 108
853.1075000000001 -36
853.6543750000001 -80
854.2012500000001 72
854.7481250000001 -76
855.2950000000001 -36
855.8418750000001 16
856.3887500000001 200
856.9356250000001 -108
857.4825000000001 92
858.0293750000001 -12
858.5762500000001 -156
859.1231250000001 -124
859.6700000000001 8
860.2168750000001 -104
860.7637500000001 -84
861.3106250000001 -156
861.8575000000001 -116
862.4043750000001 -16
862.9512500000001 -56
863.4981250000001 -24
864.0450000000001 -20
864.5918750000001 12
865.1387500000001 140
865.6856250000001 -20
866.2325000000001 80
866.7793750000001 -32
867.3262500000001 4
867.8731250000001 -24
868.4200000000001 -100
868.9668750000001 -140
869.5137500000001 -116
870.0606250000001 144
870.6075000000001 212
871.1543750000001 -80
871.7012500000001 -152
872.2481250000001 76
872.7950000000001 148
873.3418750000001 244
873.8887500000001 4
874.4356250000001 148
874.9825000000001 116
875.5293750000001 40
876.0762500000001 72
876.6231250000001 32
877.1700000000001 28
877.7168750000001 -88
878.2637500000001 -64
878.8106250000001 -76
879.3575000000001 -84
879.9043750000001 -28
880.4512500000001 -16
880.9981250000001 -124
881.5450000000001 20
882.0918750000001 -28
882.6387500000001 16
883.1856250000001 -136
883.7325000000001 -188
884.2793750000001 -256
884.8262500000001 -4
885.3731250000001 -56
885.9200000000001 136
886.4668750000001 -132
887.0137500000001 168
887.5606250000001 144
888.1075000000001 180
888.6543750000001 136
889.2012500000001 16
889.7481250000001 -136
890.2950000000001 16
890.8418750000001 120
891.3887500000001 228
891.9356250000001 -156
892.4825000000001 -40
893.0293750000001 -28
893.5762500000001 80
894.1231250000001 -132
894.6700000000001 36
895.2168750000001 88
895.7637500000001 -60
896.3106250000001 40
896.8575000000001 32
897.4043750000001 -104
897.9512500000001 96
898.4981250000001 -36
899.0450000000001 44
899.5918750000001 -96
900.1387500000001 168
900.6856250000001 44
901.2325000000001 -16
901.7793750000001 -80
902.3262500000001 16
902.8731250000001 -44
903.4200000000001 44
903.9668750000001 160
904.5137500000001 20
905.0606250000001 112
905.6075000000001 -136
906.1543750000001 -108
906.7012500000001 -36
907.2481250000001 124
907.7950000000001 4
908.3418750000001 132
908.8887500000001 64
909.4356250000001 -48
909.9825000000001 68
910.5293750000001 160
911.0762500000001 112
911.6231250000001 164
912.1700000000001 -76
912.7168750000001 44
913.2637500000001 -48
913.8106250000001 64
914.3575000000001 -8
914.9043750000001 20
915.4512500000001 52
915.9981250000001 32
916.5450000000001 -24
917.0918750000001 44
917.6387500000001 -60
918.1856250000001 160
918.7325000000001 28
919.2793750000001 216
919.8262500000001 -44
920.3731250000001 44
920.9200000000001 52
921.4668750000001 -8
922.0137500000001 -140
922.5606250000001 -32
923.1075000000001 136
923.6543750000001 80
924.2012500000001 -56
924.7481250000001 -32
925.2950000000001 56
925.8418750000001 200
926.3887500000001 260
926.9356250000001 32
927.4825000000001 72
928.0293750000001 208
928.5762500000001 172
929.1231250000001 -164
929.6700000000001 -16
930.2168750000001 -76
930.7637500000001 148
931.3106250000001 -124
931.8575000000001 40
932.4043750000001 12
932.9512500000001 -72
933.4981250000001 -124
934.0450000000001 -144
934.5918750000001 -116
935.1387500000001 124
935.6856250000001 -164
936.2325000000001 36
936.7793750000001 140
937.3262500000001 -148
937.8731250000001 56
938.4200000000001 112
938.9668750000001 40
939.5137500000001 44
940.0606250000001 136
940.6075000000001 -12
941.1543750000001 72
941.7012500000001 132
942.2481250000001 -164
942.7950000000001 -188
943.3418750000001 40
943.8887500000001 -96
944.4356250000001 -24
944.9825000000001 140
945.5293750000001 36
946.0762500000001 64
946.6231250000001 -20
947.1700000000001 44
947.7168750000001 -8
948.2637500000001 -100
948.8106250000001 -84
949.3575000000001 -40
949.9043750000001 32
950.4512500000001 28
950.9981250000001 144
951.5450000000001 32
952.0918750000001 -152
952.6387500000001 -24
953.1856250000001 148
953.7325000000001 0
954.2793750000001 24
954.8262500000001 92
955.3731250000001 12
955.9200000000001 -8
956.4668750000001 -116
957.0137500000001 48
957.5606250000001 96
958.1075000000001 0
958.6543750000001 60
959.2012500000001 -144
959.7481250000001 -40
960.2950000000001 -192
960.8418750000001 4
961.3887500000001 192
961.9356250000001 44
962.4825000000001 96
963.0293750000001 88
963.5762500000001 28
964.1231250000001 -20
964.6700000000001 68
965.2168750000001 164
965.7637500000001 -124
966.3106250000001 -116
966.8575000000001 -288
967.4043750000001 -88
967.9512500000001 -112
968.4981250000001 132
969.0450000000001 -64
969.5918750000001 -36
970.1387500000001 36
970.6856250000001 100
971.2325000000001 -16
971.7793750000001 0
972.3262500000001 16
972.8731250000001 -164
973.4200000000001 -212
973.9668750000001 72
974.5137500000001 -244
975.0606250000001 -4
975.6075000000001 60
976.1543750000001 8
976.7012500000001 88
977.2481250000001 48
977.7950000000001 -40
978.3418750000001 56
978.8887500000001 112
979.4356250000001 -120
979.9825000000001 -84
980.5293750000001 -20
981.0762500000001 44
981.6231250000001 56
982.1700000000001 -72
982.7168750000001 104
983.2637500000001 -124
983.8106250000001 -36
984.3575000000001 -68
984.9043750000001 -76
985.4512500000001 -112
985.9981250000001 -108
986.5450000000001 128
987.0918750000001 80
987.6387500000001 40
988.1856250000001 20
988.7325000000001 -64
989.2793750000001 76
989.8262500000001 -112
990.3731250000001 -32
990.9200000000001 -44
991.4668750000001 -8
992.0137500000001 -16
992.5606250000001 40
993.1075000000001 -64
993.6543750000001 -16
994.2012500000001 80
994.7481250000001 56
995.2950000000001 -92
995.8418750000001 -12
996.3887500000001 -32
996.9356250000001 76
997.4825000000001 88
998.0293750000001 68
998.5762500000001 108
999.1231250000001 40
999.6700000000001 -120
1000.2168750000001 0
1000.7637500000001 -176
1001.3106250000001 84
1001.8575000000001 32
1002.4043750000001 92
1002.9512500000001 68
1003.4981250000001 -88
1004.0450000000001 0
1004.5918750000001 -24
1005.1387500000001 8
1005.6856250000001 -72
1006.2325000000001 52
1006.7793750000001 116
1007.3262500000001 48
1007.8731250000001 -88
1008.4200000000001 60
1008.9668750000001 -60
1009.5137500000001 -88
1010.0606250000001 -68
1010.6075000000001 236
1011.1543750000001 312
1011.7012500000001 16
1012.2481250000001 48
1012.7950000000001 24
1013.3418750000001 120
1013.8887500000001 80
1014.4356250000001 -136
1014.9825000000001 -120
1015.5293750000001 220
1016.0762500000001 336
1016.6231250000001 -44
1017.1700000000001 32
1017.7168750000001 0
1018.2637500000001 -188
1018.8106250000001 -128
1019.3575000000001 -216
1019.9043750000001 -144
1020.4512500000001 44
1020.9981250000001 -20
1021.5450000000001 36
1022.0918750000001 112
1022.6387500000001 -44
1023.1856250000001 -76
1023.7325000000001 -104
1024.279375 -4
1024.82625 -84
1025.373125 -220
1025.92 116
1026.466875 -80
1027.01375 -84
1027.560625 -112
1028.1075 -72
1028.654375 64
1029.20125 -60
1029.748125 -52
1030.295 28
1030.841875 -104
1031.38875 -72
1031.935625 60
1032.4825 52
1033.029375 24
1033.57625 -4
1034.123125 -92
1034.67 -116
1035.216875 -36
1035.76375 -8
1036.310625 -52
1036.8575 52
1037.404375 96
1037.95125 -68
1038.498125 16
1039.045 -28
1039.591875 -20
1040.13875 60
1040.685625 160
1041.2325 -108
1041.779375 -88
1042.32625 -52
1042.873125 52
1043.42 -100
1043.966875 116
1044.51375 -128
1045.060625 48
1045.6075 -240
1046.154375 0
1046.70125 -92
1047.248125 44
1047.795 40
1048.341875 -196
1048.88875 104
1049.435625 -8
1049.9825 -40
1050.529375 -148
1051.07625 84
1051.623125 44
1052.17 120
1052.716875 -112
1053.26375 172
1053.810625 -72
1054.3575 184
1054.904375 264
1055.45125 92
1055.998125 236
1056.545 -16
1057.091875 -172
1057.63875 60
1058.185625 12
1058.7325 -32
1059.279375 48
1059.82625 64
1060.373125 4
1060.92 -148
1061.466875 176
1062.01375 104
1062.560625 136
1063.1075 -84
1063.654375 -32
1064.20125 0
1064.748125 -24
1065.295 -88
1065.841875 -168
1066.38875 204
1066.935625 72
1067.4825 -168
1068.029375 -28
1068.57625 60
1069.123125 32
1069.67 -156
1070.216875 16
1070.76375 52
1071.310625 152
1071.8575 84
1072.404375 -96
1072.95125 -16
1073.498125 176
1074.045 132
1074.591875 -112
1075.13875 108
1075.685625 -160
1076.2325 -128
1076.779375 -48
1077.32625 124
1077.873125 56
1078.42 48
1078.966875 -148
1079.51375 76
1080.060625 40
1080.6075 20
1081.154375 -96
1081.70125 52
1082.248125 -12
1082.795 -32
1083.341875 -52
1083.88875 -180
1084.435625 -140
1084.9825 64
1085.529375 24
1086.07625 -272
1086.623125 -144
1087.17 -88
1087.716875 -60
1088.26375 -80
1088.810625 120
1089.3575 -196
1089.904375 32
1090.45125 12
1090.998125 -56
1091.545 -36
1092.091875 -112
1092.63875 -200
1093.185625 28
1093.7325 -68
1094.279375 -244
1094.82625 -32
1095.373125 44
1095.92 -112
1096.466875 12
1097.01375 112
1097.560625 -28
1098.1075 16
1098.654375 56
1099.20125 84
1099.748125 40
1100.295 -60
1100.841875 -132
1101.38875 28
1101.935625 -96
1102.4825 -32
1103.029375 60
1103.57625 216
1104.123125 4
1104.67 256
1105.216875 248
1105.76375 44
1106.310625 36
1106.8575 284
1107.404375 16
1107.95125 -76
1108.498125 -168
1109.045 -44
1109.591875 32
1110.13875 8
1110.685625 -12
1111.2325 20
1111.779375 4
1112.32625 24
1112.873125 80
1113.42 24
1113.966875 100
1114.51375 184
1115.060625 116
1115.6075 -80
1116.154375 -12
1116.70125 208
1117.248125 -268
1117.795 -20
1118.341875 56
1118.88875 20
1119.435625 8
1119.9825 -56
1120.529375 36
1121.07625 -12
1121.623125 -144
1122.17 88
1122.716875 48
1123.26375 188
1123.810625 -48
1124.3575 112
1124.904375 100
1125.45125 152
1125.998125 160
1126.545 -20
1127.091875 8
1127.63875 -20
1128.185625 24
1128.7325 -116
1129.279375 -352
1129.82625 84
1130.373125 164
1130.92 -32
1131.466875 36
1132.01375 16
1132.560625 76
1133.1075 -104
1133.654375 -12
1134.20125 128
1134.748125 -108
1135.295 48
1135.841875 96
1136.38875 160
1136.935625 48
1137.4825 -44
1138.029375 8
1138.57625 -80
1139.123125 -340
1139.67 228
1140.216875 -20
1140.76375 100
1141.310625 -20
1141.8575 20
1142.404375 172
1142.95125 12
1143.498125 124
1144.045 104
1144.591875 16
1145.13875 -8
1145.685625 -132
1146.2325 -52
1146.779375 -112
1147.32625 344
1147.873125 -368
1148.42 36
1148.966875 136
1149.51375 12
1150.060625 128
1150.6075 -168
1151.154375 128
1151.70125 -40
1152.248125 36
1152.795 -116
1153.341875 164
1153.88875 -240
1154.435625 -152
1154.9825 40
1155.529375 -56
1156.07625 -60
1156.623125 -56
1157.17 -132
1157.716875 160
1158.26375 -152
1158.810625 -28
1159.3575 -140
1159.904375 -92
1160.45125 -36
1160.998125 260
1161.545 -28
1162.091875 -132
1162.63875 16
1163.185625 36
1163.7325 -168
1164.279375 -208
1164.82625 0
1165.373125 -8
1165.92 -32
1166.466875 0
1167.01375 56
1167.560625 12
1168.1075 -32
1168.654375 196
1169.20125 120
1169.748125 -32
1170.295 -4
1170.841875 -120
1171.38875 -48
1171.935625 -144
1172.4825 -36
1173.029375 36
1173.57625 -68
1174.123125 -32
1174.67 -52
1175.216875 -80
1175.76375 -92
1176.310625 116
1176.8575 -84
1177.404375 -148
1177.95125 -24
1178.498125 64
1179.045 108
1179.591875 36
1180.13875 -108
1180.685625 -184
1181.2325 28
1181.779375 -132
1182.32625 72
1182.873125 68
1183.42 44
1183.966875 4
1184.51375 144
1185.060625 140
1185.6075 -20
1186.154375 -68
1186.70125 -32
1187.248125 -56
1187.795 60
1188.341875 -64
1188.88875 24
1189.435625 44
1189.9825 96
1190.529375 -44
1191.07625 72
1191.623125 -172
1192.17 -92
1192.716875 192
1193.26375 -92
1193.810625 -88
1194.3575 -72
1194.904375 24
1195.45125 116
1195.998125 -172
1196.545 -40
1197.091875 36
1197.63875 -108
1198.185625 32
1198.7325 -116
1199.279375 -8
1199.82625 -96
1200.373125 -8
1200.92 84
1201.466875 -80
1202.01375 208
1202.560625 20
1203.1075 -56
1203.654375 -24
1204.20125 -40
1204.748125 -8
1205.295 144
1205.841875 -52
1206.38875 116
1206.935625 -56
1207.4825 -168
1208.029375 92
1208.57625 4
1209.123125 68
1209.67 -104
1210.216875 -92
1210.76375 264
1211.310625 -64
1211.8575 260
1212.404375 -28
1212.95125 -56
1213.498125 -72
1214.045 4
1214.591875 120
1215.13875 -56
1215.685625 8
1216.2325 -168
1216.779375 100
1217.32625 20
1217.873125 212
1218.42 -64
1218.966875 -20
1219.51375 136
1220.060625 116
1220.6075 -184
1221.154375 32
1221.70125 -116
1222.248125 -24
1222.795 -84
1223.341875 -164
1223.88875 -36
1224.435625 -80
1224.9825 84
1225.529375 -56
1226.07625 24
1226.623125 40
1227.17 -12
1227.716875 44
1228.26375 188
1228.810625 -24
1229.3575 -4
1229.904375 12
1230.45125 80
1230.998125 -88
1231.545 -192
1232.091875 68
1232.63875 -68
1233.185625 -72
1233.7325 -24
1234.279375 -140
1234.82625 132
1235.373125 -44
1235.92 20
1236.466875 -72
1237.01375 4
1237.560625 -8
1238.1075 -124
1238.654375 116
1239.20125 84
1239.748125 108
1240.295 84
1240.841875 -32
1241.38875 156
1241.935625 28
1242.4825 36
1243.029375 -48
1243.57625 -12
1244.123125 -32
1244.67 188
1245.216875 48
1245.76375 -28
1246.310625 28
1246.8575 -76
1247.404375 -84
1247.95125 -76
1248.498125 76
1249.045 92
1249.591875 180
1250.13875 -24
1250.685625 -52
1251.2325 132
1251.779375 -52
1252.32625 152
1252.873125 28
1253.42 -4
1253.966875 220
1254.51375 132
1255.060625 -52
1255.6075 56
1256.154375 72
1256.70125 32
1257.248125 72
1257.795 40
1258.341875 92
1258.88875 -24
1259.435625 -16
1259.9825 -156
1260.529375 -88
1261.07625 4
1261.623125 228
1262.17 -4
1262.716875 8
1263.26375 196
1263.810625 -176
1264.3575 -120
1264.904375 200
1265.45125 76
1265.998125 -36
1266.545 -12
1267.091875 176
1267.63875 24
1268.185625 -48
1268.7325 92
1269.279375 108
1269.82625 112
1270.373125 -52
1270.92 28
1271.466875 28
1272.01375 128
1272.560625 108
1273.1075 4
1273.654375 116
1274.20125 -96
1274.748125 -12
1275.295 -104
1275.841875 188
1276.38875 -84
1276.935625 116
1277.4825 -36
1278.029375 -72
1278.57625 -16
1279.123125 92
1279.67 -12
1280.216875 80
1280.76375 68
1281.310625 60
1281.8575 -48
1282.404375 -20
1282.95125 20
1283.498125 -52
1284.045 200
1284.591875 120
1285.13875 72
1285.685625 220
1286.2325 196
1286.779375 -68
1287.32625 120
1287.873125 -24
1288.42 64
1288.966875 -28
1289.51375 -152
1290.060625 -48
1290.6075 -8
1291.154375 20
1291.70125 -52
1292.248125 84
1292.795 44
1293.341875 116
1293.88875 56
1294.435625 -76
1294.9825 -48
1295.529375 -112
1296.07625 276
1296.623125 156
1297.17 84
1297.716875 8
1298.26375 208
1298.810625 -152
1299.3575 48
1299.904375 24
1300.45125 -60
1300.998125 136
1301.545 -84
1302.091875 -4
1302.63875 140
1303.185625 88
1303.7325 52
1304.279375 -136
1304.82625 -32
1305.373125 80
1305.92 140
1306.466875 228
1307.01375 8
1307.560625 136
1308.1075 -164
1308.654375 96
1309.20125 -8
1309.748125 48
1310.295 -108
1310.841875 252
1311.38875 248
1311.935625 232
1312.4825 152
1313.029375 -80
1313.57625 76
1314.123125 64
1314.67 -44
1315.216875 144
1315.76375 112
1316.310625 260
1316.8575 84
1317.404375 152
1317.95125 136
1318.498125 356
1319.045 116
1319.591875 36
1320.13875 -112
1320.685625 -4
1321.2325 372
1321.779375 44
1322.32625 60
1322.873125 176
1323.42 -20
1323.966875 16
1324.51375 28
1325.060625 172
1325.6075 -208
1326.154375 68
1326.70125 220
1327.248125 172
1327.795 268
1328.341875 200
1328.88875 192
1329.435625 16
1329.9825 248
1330.529375 88
1331.07625 268
1331.623125 380
1332.17 200
1332.716875 136
1333.26375 268
1333.810625 204
1334.3575 -4
1334.904375 336
1335.45125 168
1335.998125 140
1336.545 256
1337.091875 396
1337.63875 60
1338.185625 220
1338.7325 40
1339.279375 84
1339.82625 276
1340.373125 360
1340.92 276
1341.466875 168
1342.01375 248
1342.560625 212
1343.1075 120
1343.654375 152
1344.20125 400
1344.748125 380
1345.295 300
1345.841875 304
1346.38875 292
1346.935625 212
1347.4825 248
1348.029375 328
1348.57625 248
1349.123125 336
1349.67 380
1350.216875 464
1350.76375 468
1351.310625 236
1351.8575 240
1352.404375 324
1352.95125 556
1353.498125 140
1354.045 360
1354.591875 356
1355.13875 320
1355.685625 264
1356.2325 444
1356.779375 684
1357.32625 684
1357.873125 244
1358.42 596
1358.966875 264
1359.51375 512
1360.060625 564
1360.6075 312
1361.154375 356
1361.70125 456
1362.248125 596
1362.795 428
1363.341875 344
1363.88875 320
1364.435625 532
1364.9825 748
1365.529375 812
1366.07625 248
1366.623125 548
1367.17 596
1367.716875 416
1368.26375 564
1368.810625 280
1369.3575 520
1369.904375 548
1370.45125 792
1370.998125 472
1371.545 652
1372.091875 740
1372.63875 904
1373.185625 432
1373.7325 720
1374.279375 804
1374.82625 456
1375.373125 616
1375.92 624
1376.466875 660
1377.01375 568
1377.560625 940
1378.1075 880
1378.654375 1028
1379.20125 760
1379.748125 792
1380.295 708
1380.841875 688
1381.38875 928
1381.935625 784
1382.4825 900
1383.029375 760
1383.57625 880
1384.123125 580
1384.67 784
1385.216875 724
1385.76375 696
1386.310625 788
1386.8575 852
1387.404375 656
1387.95125 500
1388.498125 460
1389.045 536
1389.591875 412
1390.13875 704
1390.685625 452
1391.2325 576
1391.779375 496
1392.32625 644
1392.873125 572
1393.42 416
1393.966875 184
1394.51375 212
1395.060625 224
1395.6075 368
1396.154375 264
1396.70125 112
1397.248125 344
1397.795 156
1398.341875 232
1398.88875 256
1399.435625 140
1399.9825 276
1400.529375 236
1401.07625 384
1401.623125 244
1402.17 196
1402.716875 208
1403.26375 156
1403.810625 276
1404.3575 56
1404.904375 112
1405.45125 212
1405.998125 252
1406.545 216
1407.091875 152
1407.63875 76
1408.185625 240
1408.7325 84
1409.279375 -148
1409.82625 120
1410.373125 44
1410.92 168
1411.466875 -292
1412.01375 260
1412.560625 284
1413.1075 148
1413.654375 -196
1414.20125 -108
1414.748125 -128
1415.295 300
1415.841875 100
1416.38875 -224
1416.935625 284
1417.4825 96
1418.029375 160
1418.57625 384
1419.123125 124
