299.67 -55.6
300.216875 -24.4
300.76375 -4.4
301.310625 12.8
301.8575 14.4
302.404375 10.8
302.95125 7.2
303.498125 -11.2
304.045 -6.8
304.591875 12.0
305.13875 14.4
305.685625 -1.6
306.2325 -14.4
306.779375 -19.2
307.32625 -1.6
307.873125 12.0
308.42 -13.2
308.966875 2.0
309.51375 14.4
310.060625 9.6
310.6075 16.8
311.154375 30.0
311.70125 29.6
312.248125 37.2
312.795 36.0
313.341875 30.8
313.88875 42.4
314.435625 49.2
314.9825 28.4
315.529375 3.6
316.07625 -36.4
316.623125 -46.0
317.17 -45.6
317.716875 -49.2
318.26375 -58.8
318.810625 -40.0
319.3575 -33.6
319.904375 -39.2
320.45125 -38.4
320.998125 -25.2
321.545 -8.4
322.091875 -8.8
322.63875 -44.4
323.185625 -37.6
323.7325 -36.4
324.279375 -43.2
324.82625 -34.4
325.373125 -55.6
325.92 -24.0
326.466875 -19.6
327.01375 -1.6
327.560625 -2.8
328.1075 28.8
328.654375 16.0
329.20125 14.0
329.748125 4.0
330.295 -2.8
330.841875 33.6
331.38875 32.0
331.935625 34.0
332.4825 36.4
333.029375 33.6
333.57625 21.6
334.123125 30.4
334.67 24.8
335.216875 38.4
335.76375 53.2
336.310625 43.2
336.8575 34.4
337.404375 25.6
337.95125 19.6
338.498125 14.0
339.045 30.8
339.591875 30.4
340.13875 45.2
340.685625 38.8
341.2325 20.4
341.779375 9.6
342.32625 2.8
342.873125 8.0
343.42 22.0
343.966875 41.6
344.51375 45.6
345.060625 38.0
345.6075 23.6
346.154375 38.0
346.70125 40.0
347.248125 55.6
347.795 58.8
348.341875 45.6
348.88875 18.4
349.435625 9.6
349.9825 0.0
350.529375 -29.2
351.07625 -14.4
351.623125 -24.0
352.17 -32.8
352.716875 -51.2
353.26375 -40.8
353.810625 -41.6
354.3575 -20.4
354.904375 -22.4
355.45125 -27.2
355.998125 -3.2
356.545 -5.6
357.091875 -10.8
357.63875 -5.2
358.185625 -6.0
358.7325 -30.4
359.279375 -26.8
359.82625 -21.6
360.373125 -23.2
360.92 -18.4
361.466875 5.2
362.01375 -16.8
362.560625 -4.0
363.1075 9.2
363.654375 12.4
364.20125 15.6
364.748125 25.6
365.295 -3.6
365.841875 0.8
366.38875 -6.0
366.935625 -20.0
367.4825 2.8
368.029375 -1.6
368.57625 -15.2
369.123125 -10.4
369.67 -1.6
370.216875 -10.0
370.76375 -2.4
371.310625 -7.6
371.8575 -4.0
372.404375 -0.4
372.95125 -10.0
373.498125 -7.2
374.045 4.0
374.591875 0.8
375.13875 -12.0
375.685625 -10.0
376.2325 0.0
376.779375 8.0
377.32625 2.0
377.873125 1.2
378.42 12.4
378.966875 -12.8
379.51375 -32.8
380.060625 -18.4
380.6075 -13.6
381.154375 4.0
381.70125 -6.4
382.248125 9.6
382.795 19.6
383.341875 10.8
383.88875 1.6
384.435625 27.2
384.9825 60.8
385.529375 60.8
386.07625 76.4
386.623125 56.8
387.17 66.4
387.716875 59.2
388.26375 36.8
388.810625 54.0
389.3575 62.8
389.904375 66.4
390.45125 43.6
390.998125 22.8
391.545 22.8
392.091875 24.4
392.63875 15.6
393.185625 13.2
393.7325 17.2
394.279375 -18.8
394.82625 -44.0
395.373125 -58.8
395.92 -50.8
396.466875 -51.2
397.01375 -54.8
397.560625 -49.2
398.1075 -36.0
398.654375 -39.6
399.20125 -22.8
399.748125 -16.4
400.295 -6.0
400.841875 -4.4
401.38875 -0.8
401.935625 22.0
402.4825 11.6
403.029375 12.4
403.57625 -4.0
404.123125 -14.0
404.67 -14.4
405.216875 2.8
405.76375 14.0
406.310625 25.2
406.8575 28.8
407.404375 22.8
407.95125 30.4
408.498125 12.8
409.045 16.0
409.591875 16.8
410.13875 4.4
410.685625 7.2
411.2325 4.0
411.779375 -2.0
412.32625 -13.6
412.873125 -12.4
413.42 -19.6
413.966875 0.4
414.51375 13.2
415.060625 13.6
415.6075 29.6
416.154375 18.4
416.70125 0.8
417.248125 -16.0
417.795 -24.0
418.341875 -24.4
418.88875 -22.4
419.435625 -33.6
419.9825 -34.8
420.529375 -27.6
421.07625 -29.2
421.623125 -22.4
422.17 -38.8
422.716875 -24.4
423.26375 -10.4
423.810625 -14.0
424.3575 -33.6
424.904375 -25.2
425.45125 -19.6
425.998125 -22.8
426.545 -35.6
427.091875 -31.2
427.63875 -12.4
428.185625 -23.6
428.7325 -43.6
429.279375 -28.0
429.82625 -19.6
430.373125 -20.8
430.92 -37.6
431.466875 -29.6
432.01375 -18.4
432.560625 -13.6
433.1075 -6.4
433.654375 -2.4
434.20125 12.0
434.748125 1.6
435.295 9.6
435.841875 0.4
436.38875 12.4
436.935625 0.8
437.4825 27.6
438.029375 12.0
438.57625 27.2
439.123125 42.0
439.67 51.2
440.216875 40.0
440.76375 60.0
441.310625 67.2
441.8575 64.8
442.404375 66.8
442.95125 40.8
443.498125 40.0
444.045 34.8
444.591875 22.4
445.13875 -4.0
445.685625 4.4
446.2325 -15.6
446.779375 -24.0
447.32625 -25.6
447.873125 -40.0
448.42 -13.2
448.966875 -7.2
449.51375 -21.2
450.060625 -24.8
450.6075 -0.4
451.154375 3.2
451.70125 10.0
452.248125 24.4
452.795 8.8
453.341875 10.0
453.88875 -29.6
454.435625 -23.6
454.9825 -16.0
455.529375 -5.6
456.07625 -14.8
456.623125 -18.8
457.17 -35.2
457.716875 -70.0
458.26375 -52.8
458.810625 -51.2
459.3575 -46.8
459.904375 -54.4
460.45125 -56.8
460.998125 -73.6
461.545 -68.4
462.091875 -73.6
462.63875 -72.8
463.185625 -38.8
463.7325 -44.0
464.279375 -38.0
464.82625 -10.8
465.373125 0.4
465.92 -19.6
466.466875 -6.8
467.01375 -8.0
467.560625 19.6
468.1075 30.8
468.654375 19.2
469.20125 21.2
469.748125 29.2
470.295 31.2
470.841875 12.0
471.38875 41.2
471.935625 46.0
472.4825 46.8
473.029375 22.4
473.57625 33.6
474.123125 61.6
474.67 60.4
475.216875 69.2
475.76375 60.4
476.310625 65.2
476.8575 61.2
477.404375 52.8
477.95125 56.0
478.498125 53.6
479.045 42.8
479.591875 1.6
480.13875 -8.8
480.685625 -21.2
481.2325 -27.6
481.779375 -22.0
482.32625 -30.0
482.873125 -15.2
483.42 -23.6
483.966875 -11.6
484.51375 -7.2
485.060625 8.4
485.6075 24.0
486.154375 8.4
486.70125 1.6
487.248125 0.8
487.795 6.4
488.341875 0.0
488.88875 -12.8
489.435625 -38.4
489.9825 -46.8
490.529375 -23.2
491.07625 -46.8
491.623125 -19.6
492.17 -32.0
492.716875 -34.4
493.26375 -20.4
493.810625 -43.2
494.3575 -3.2
494.904375 4.4
495.45125 8.4
495.998125 -15.2
496.545 8.0
497.091875 -1.6
497.63875 4.8
498.185625 11.2
498.7325 26.4
499.279375 42.4
499.82625 24.0
500.373125 29.6
500.92 29.6
501.466875 34.4
502.01375 31.2
502.560625 30.4
503.1075 30.8
503.654375 30.0
504.20125 1.2
504.748125 1.2
505.295 4.4
505.841875 -0.4
506.38875 1.6
506.935625 -2.4
507.4825 -19.6
508.029375 -12.4
508.57625 -24.0
509.123125 -25.6
509.67 -28.0
510.216875 -14.0
510.76375 -25.2
511.310625 -24.0
511.8575 -23.2
512.4043750000001 -29.2
512.9512500000001 -14.0
513.4981250000001 -12.0
514.0450000000001 9.6
514.5918750000001 9.2
515.1387500000001 6.0
515.6856250000001 -8.8
516.2325000000001 0.0
516.7793750000001 0.4
517.3262500000001 -1.6
517.8731250000001 2.8
518.4200000000001 2.0
518.9668750000001 -18.8
519.5137500000001 -6.8
520.0606250000001 6.4
520.6075000000001 -3.2
521.1543750000001 5.2
521.7012500000001 0.8
522.2481250000001 -14.4
522.7950000000001 -24.0
523.3418750000001 -7.6
523.8887500000001 -0.4
524.4356250000001 20.0
524.9825000000001 9.6
525.5293750000001 -1.2
526.0762500000001 15.2
526.6231250000001 26.0
527.1700000000001 37.2
527.7168750000001 48.8
528.2637500000001 70.0
528.8106250000001 57.6
529.3575000000001 40.4
529.9043750000001 42.4
530.4512500000001 26.8
530.9981250000001 27.2
531.5450000000001 40.0
532.0918750000001 24.0
532.6387500000001 10.4
533.1856250000001 15.2
533.7325000000001 -2.8
534.2793750000001 -7.6
534.8262500000001 1.6
535.3731250000001 -4.4
535.9200000000001 1.6
536.4668750000001 -2.4
537.0137500000001 -12.0
537.5606250000001 6.0
538.1075000000001 -12.0
538.6543750000001 -23.2
539.2012500000001 -18.8
539.7481250000001 -16.4
540.2950000000001 -10.0
540.8418750000001 -5.6
541.3887500000001 -4.8
541.9356250000001 10.0
542.4825000000001 17.6
543.0293750000001 -12.0
543.5762500000001 -13.6
544.1231250000001 14.0
544.6700000000001 17.2
545.2168750000001 9.6
545.7637500000001 -4.0
546.3106250000001 -4.8
546.8575000000001 -8.0
547.4043750000001 -25.2
547.9512500000001 -12.4
548.4981250000001 -4.8
549.0450000000001 21.6
549.5918750000001 6.4
550.1387500000001 0.8
550.6856250000001 28.8
551.2325000000001 26.8
551.7793750000001 24.8
552.3262500000001 24.8
552.8731250000001 26.8
553.4200000000001 -3.6
553.9668750000001 0.4
554.5137500000001 -10.0
555.0606250000001 0.8
555.6075000000001 20.0
556.1543750000001 -31.6
556.7012500000001 -20.4
557.2481250000001 -30.8
557.7950000000001 -19.2
558.3418750000001 -18.4
558.8887500000001 -19.2
559.4356250000001 -14.4
559.9825000000001 -15.2
560.5293750000001 -27.6
561.0762500000001 -44.0
561.6231250000001 -16.8
562.1700000000001 -33.2
562.7168750000001 -16.4
563.2637500000001 -15.6
563.8106250000001 -6.4
564.3575000000001 2.8
564.9043750000001 15.2
565.4512500000001 32.8
565.9981250000001 20.8
566.5450000000001 34.0
567.0918750000001 36.0
567.6387500000001 68.4
568.1856250000001 59.2
568.7325000000001 68.4
569.2793750000001 66.8
569.8262500000001 52.0
570.3731250000001 32.0
570.9200000000001 36.8
571.4668750000001 56.8
572.0137500000001 29.2
572.5606250000001 44.0
573.1075000000001 10.0
573.6543750000001 14.0
574.2012500000001 -5.2
574.7481250000001 -20.4
575.2950000000001 -12.4
575.8418750000001 5.2
576.3887500000001 -28.8
576.9356250000001 -48.4
577.4825000000001 -29.6
578.0293750000001 -29.6
578.5762500000001 -5.6
579.1231250000001 -6.8
579.6700000000001 -1.2
580.2168750000001 10.8
580.7637500000001 -21.2
581.3106250000001 -20.0
581.8575000000001 12.0
582.4043750000001 56.8
582.9512500000001 45.6
583.4981250000001 34.4
584.0450000000001 14.4
584.5918750000001 2.4
585.1387500000001 -9.6
585.6856250000001 -13.2
586.2325000000001 21.6
586.7793750000001 2.8
587.3262500000001 20.0
587.8731250000001 -2.8
588.4200000000001 2.8
588.9668750000001 -2.0
589.5137500000001 4.0
590.0606250000001 4.4
590.6075000000001 4.8
591.1543750000001 20.4
591.7012500000001 35.2
592.2481250000001 44.4
592.7950000000001 6.0
593.3418750000001 -5.2
593.8887500000001 -7.6
594.4356250000001 -3.6
594.9825000000001 14.8
595.5293750000001 28.0
596.0762500000001 36.0
596.6231250000001 33.2
597.1700000000001 20.4
597.7168750000001 14.4
598.2637500000001 2.4
598.8106250000001 -12.4
599.3575000000001 -16.8
599.9043750000001 -24.8
600.4512500000001 -29.2
600.9981250000001 -53.6
601.5450000000001 -72.8
602.0918750000001 -96.4
602.6387500000001 -80.0
603.1856250000001 -92.0
603.7325000000001 -82.0
604.2793750000001 -72.4
604.8262500000001 -76.4
605.3731250000001 -66.4
605.9200000000001 -88.8
606.4668750000001 -74.0
607.0137500000001 -42.0
607.5606250000001 -30.8
608.1075000000001 -46.4
608.6543750000001 -42.8
609.2012500000001 -31.2
609.7481250000001 -14.8
610.2950000000001 -15.2
610.8418750000001 -31.2
611.3887500000001 -17.6
611.9356250000001 -24.0
612.4825000000001 -34.4
613.0293750000001 -40.0
613.5762500000001 -51.2
614.1231250000001 -28.8
614.6700000000001 -38.0
615.2168750000001 -45.6
615.7637500000001 -18.4
616.3106250000001 -12.4
616.8575000000001 -0.8
617.4043750000001 26.0
617.9512500000001 38.8
618.4981250000001 50.8
619.0450000000001 48.0
619.5918750000001 28.0
620.1387500000001 22.4
620.6856250000001 20.4
621.2325000000001 4.8
621.7793750000001 37.2
622.3262500000001 29.2
622.8731250000001 28.4
623.4200000000001 31.6
623.9668750000001 50.0
624.5137500000001 84.0
625.0606250000001 112.8
625.6075000000001 161.2
626.1543750000001 201.2
626.7012500000001 245.6
627.2481250000001 267.2
627.7950000000001 288.8
628.3418750000001 296.0
628.8887500000001 299.6
629.4356250000001 284.8
629.9825000000001 283.6
630.5293750000001 292.0
631.0762500000001 309.2
631.6231250000001 316.0
632.1700000000001 313.2
632.7168750000001 304.8
633.2637500000001 332.4
633.8106250000001 349.6
634.3575000000001 388.0
634.9043750000001 442.4
635.4512500000001 482.4
635.9981250000001 503.6
636.5450000000001 500.4
637.0918750000001 516.0
637.6387500000001 538.4
638.1856250000001 564.4
638.7325000000001 587.6
639.2793750000001 624.8
639.8262500000001 647.2
640.3731250000001 674.0
640.9200000000001 708.4
641.4668750000001 731.2
642.0137500000001 774.0
642.5606250000001 811.6
643.1075000000001 874.4
643.6543750000001 930.0
644.2012500000001 966.4
644.7481250000001 1039.2
645.2950000000001 1105.6
645.8418750000001 1168.4
646.3887500000001 1233.6
646.9356250000001 1332.8
647.4825000000001 1403.2
648.0293750000001 1500.8
648.5762500000001 1562.4
649.1231250000001 1667.6
649.6700000000001 1813.6
650.2168750000001 1896.0
650.7637500000001 2007.2
651.3106250000001 2120.8
651.8575000000001 2236.8
652.4043750000001 2363.2
652.9512500000001 2505.2
653.4981250000001 2676.4
654.0450000000001 2837.6
654.5918750000001 2980.8
655.1387500000001 3136.8
655.6856250000001 3326.8
656.2325000000001 3486.0
656.7793750000001 3684.0
657.3262500000001 3916.0
657.8731250000001 4113.2
658.4200000000001 4337.2
658.9668750000001 4534.0
659.5137500000001 4815.2
660.0606250000001 5054.8
660.6075000000001 5342.0
661.1543750000001 5620.8
661.7012500000001 5979.2
662.2481250000001 6291.2
662.7950000000001 6612.8
663.3418750000001 6952.0
663.8887500000001 7328.0
664.4356250000001 7758.0
664.9825000000001 8147.6
665.5293750000001 8636.0
666.0762500000001 8976.0
666.6231250000001 9400.8
667.1700000000001 9826.4
667.7168750000001 10312.4
668.2637500000001 10790.8
668.8106250000001 11328.4
669.3575000000001 11867.2
669.9043750000001 12344.4
670.4512500000001 12824.8
670.9981250000001 13290.8
671.5450000000001 13931.2
672.0918750000001 14476.0
672.6387500000001 15033.6
673.1856250000001 15631.2
673.7325000000001 16221.6
674.2793750000001 16828.0
674.8262500000001 17483.2
675.3731250000001 18152.0
675.9200000000001 18885.6
676.4668750000001 19694.0
677.0137500000001 20514.4
677.5606250000001 21444.0
678.1075000000001 22355.2
678.6543750000001 23284.0
679.2012500000001 24156.0
679.7481250000001 25131.6
680.2950000000001 26025.6
680.8418750000001 26830.4
681.3887500000001 27522.8
681.9356250000001 28004.0
682.4825000000001 28253.2
683.0293750000001 28342.4
683.5762500000001 28214.8
684.1231250000001 27750.8
684.6700000000001 27188.8
685.2168750000001 26258.0
685.7637500000001 25068.0
686.3106250000001 23766.0
686.8575000000001 22294.4
687.4043750000001 20789.6
687.9512500000001 19204.8
688.4981250000001 17574.0
689.0450000000001 15957.2
689.5918750000001 14393.2
690.1387500000001 12896.4
690.6856250000001 11531.6
691.2325000000001 10313.6
691.7793750000001 9183.6
692.3262500000001 8170.0
692.8731250000001 7214.8
693.4200000000001 6423.6
693.9668750000001 5659.2
694.5137500000001 5006.4
695.0606250000001 4492.8
695.6075000000001 3988.0
696.1543750000001 3503.2
696.7012500000001 3078.0
697.2481250000001 2712.0
697.7950000000001 2428.4
698.3418750000001 2166.0
698.8887500000001 1900.0
699.4356250000001 1709.2
699.9825000000001 1518.8
700.5293750000001 1335.2
701.0762500000001 1199.6
701.6231250000001 1098.8
702.1700000000001 999.6
702.7168750000001 896.4
703.2637500000001 786.4
703.8106250000001 695.6
704.3575000000001 645.2
704.9043750000001 578.4
705.4512500000001 501.2
705.9981250000001 471.6
706.5450000000001 429.2
707.0918750000001 380.4
707.6387500000001 362.4
708.1856250000001 341.6
708.7325000000001 312.4
709.2793750000001 287.6
709.8262500000001 249.2
710.3731250000001 238.8
710.9200000000001 233.6
711.4668750000001 216.0
712.0137500000001 199.2
712.5606250000001 164.8
713.1075000000001 130.4
713.6543750000001 124.8
714.2012500000001 127.6
714.7481250000001 138.0
715.2950000000001 120.8
715.8418750000001 128.4
716.3887500000001 136.0
716.9356250000001 135.2
717.4825000000001 129.2
718.0293750000001 146.8
718.5762500000001 140.8
719.1231250000001 144.4
719.6700000000001 143.6
720.2168750000001 127.6
720.7637500000001 122.8
721.3106250000001 94.4
721.8575000000001 84.0
722.4043750000001 70.8
722.9512500000001 84.8
723.4981250000001 76.0
724.0450000000001 80.4
724.5918750000001 79.2
725.1387500000001 82.8
725.6856250000001 79.2
726.2325000000001 78.0
726.7793750000001 65.6
727.3262500000001 72.8
727.8731250000001 70.0
728.4200000000001 66.0
728.9668750000001 72.4
729.5137500000001 58.4
730.0606250000001 34.0
730.6075000000001 14.4
731.1543750000001 8.8
731.7012500000001 10.8
732.2481250000001 24.4
732.7950000000001 19.2
733.3418750000001 14.0
733.8887500000001 -4.0
734.4356250000001 -6.8
734.9825000000001 5.2
735.5293750000001 8.4
736.0762500000001 14.0
736.6231250000001 20.8
737.1700000000001 30.4
737.7168750000001 26.4
738.2637500000001 32.8
738.8106250000001 41.6
739.3575000000001 42.0
739.9043750000001 39.6
740.4512500000001 42.8
740.9981250000001 57.2
741.5450000000001 39.2
742.0918750000001 29.2
742.6387500000001 28.0
743.1856250000001 33.2
743.7325000000001 34.0
744.2793750000001 28.0
744.8262500000001 39.2
745.3731250000001 27.2
745.9200000000001 11.2
746.4668750000001 9.2
747.0137500000001 18.0
747.5606250000001 25.2
748.1075000000001 18.8
748.6543750000001 -11.2
749.2012500000001 -25.2
749.7481250000001 -1.2
750.2950000000001 -6.8
750.8418750000001 -13.2
751.3887500000001 5.2
751.9356250000001 -0.8
752.4825000000001 -6.4
753.0293750000001 -9.2
753.5762500000001 1.6
754.1231250000001 20.4
754.6700000000001 47.2
755.2168750000001 21.6
755.7637500000001 18.8
756.3106250000001 27.2
756.8575000000001 19.6
757.4043750000001 19.2
757.9512500000001 31.2
758.4981250000001 37.6
759.0450000000001 43.2
759.5918750000001 54.4
760.1387500000001 50.0
760.6856250000001 55.2
761.2325000000001 57.6
761.7793750000001 71.2
762.3262500000001 68.0
762.8731250000001 80.0
763.4200000000001 92.0
763.9668750000001 90.4
764.5137500000001 79.2
765.0606250000001 72.8
765.6075000000001 57.2
766.1543750000001 59.2
766.7012500000001 60.4
767.2481250000001 47.6
767.7950000000001 39.6
768.3418750000001 30.4
768.8887500000001 13.6
769.4356250000001 2.8
769.9825000000001 4.0
770.5293750000001 1.2
771.0762500000001 -0.4
771.6231250000001 -2.4
772.1700000000001 1.6
772.7168750000001 22.8
773.2637500000001 22.4
773.8106250000001 30.0
774.3575000000001 28.4
774.9043750000001 32.0
775.4512500000001 20.0
775.9981250000001 4.4
776.5450000000001 14.4
777.0918750000001 3.2
777.6387500000001 21.2
778.1856250000001 3.2
778.7325000000001 16.0
779.2793750000001 4.0
779.8262500000001 3.6
780.3731250000001 16.0
780.9200000000001 30.4
781.4668750000001 54.4
782.0137500000001 58.0
782.5606250000001 62.8
783.1075000000001 31.6
783.6543750000001 24.8
784.2012500000001 41.2
784.7481250000001 44.4
785.2950000000001 33.6
785.8418750000001 8.4
786.3887500000001 12.4
786.9356250000001 -8.8
787.4825000000001 -37.6
788.0293750000001 -22.0
788.5762500000001 -3.2
789.1231250000001 14.4
789.6700000000001 -23.2
790.2168750000001 -14.4
790.7637500000001 -11.6
791.3106250000001 -6.4
791.8575000000001 -36.0
792.4043750000001 -44.4
792.9512500000001 -27.2
793.4981250000001 -44.8
794.0450000000001 -83.6
794.5918750000001 -83.2
795.1387500000001 -52.4
795.6856250000001 -81.2
796.2325000000001 -68.8
796.7793750000001 -70.0
797.3262500000001 -37.2
797.8731250000001 -5.2
798.4200000000001 3.2
798.9668750000001 24.4
799.5137500000001 48.0
800.0606250000001 43.6
800.6075000000001 30.4
801.1543750000001 31.2
801.7012500000001 36.8
802.2481250000001 72.4
802.7950000000001 76.4
803.3418750000001 68.0
803.8887500000001 48.0
804.4356250000001 18.0
804.9825000000001 1.6
805.5293750000001 -0.4
806.0762500000001 0.0
806.6231250000001 33.2
807.1700000000001 24.4
807.7168750000001 -8.4
808.2637500000001 -33.2
808.8106250000001 -8.8
809.3575000000001 1.6
809.9043750000001 8.8
810.4512500000001 25.2
810.9981250000001 31.6
811.5450000000001 29.2
812.0918750000001 6.8
812.6387500000001 32.0
813.1856250000001 34.0
813.7325000000001 33.6
814.2793750000001 -11.6
814.8262500000001 2.8
815.3731250000001 12.4
815.9200000000001 16.0
816.4668750000001 1.6
817.0137500000001 0.4
817.5606250000001 12.4
818.1075000000001 3.6
818.6543750000001 14.0
819.2012500000001 10.4
819.7481250000001 26.0
820.2950000000001 14.0
820.8418750000001 4.4
821.3887500000001 -1.6
821.9356250000001 18.8
822.4825000000001 -8.8
823.0293750000001 -11.2
823.5762500000001 -25.6
824.1231250000001 -31.2
824.6700000000001 -12.8
825.2168750000001 -20.8
825.7637500000001 -24.4
826.3106250000001 -18.0
826.8575000000001 -40.0
827.4043750000001 -53.6
827.9512500000001 -22.4
828.4981250000001 -29.6
829.0450000000001 -45.2
829.5918750000001 -43.2
830.1387500000001 -48.4
830.6856250000001 -33.2
831.2325000000001 -25.6
831.7793750000001 -14.8
832.3262500000001 16.0
832.8731250000001 14.4
833.4200000000001 7.6
833.9668750000001 12.4
834.5137500000001 26.8
835.0606250000001 26.0
835.6075000000001 20.0
836.1543750000001 12.8
836.7012500000001 1.2
837.2481250000001 -9.2
837.7950000000001 -20.0
838.3418750000001 -34.0
838.8887500000001 -23.2
839.4356250000001 -23.2
839.9825000000001 -27.6
840.5293750000001 -40.0
841.0762500000001 -27.2
841.6231250000001 -26.8
842.1700000000001 -8.4
842.7168750000001 -3.2
843.2637500000001 -8.8
843.8106250000001 0.8
844.3575000000001 -2.8
844.9043750000001 -8.8
845.4512500000001 -0.4
845.9981250000001 34.4
846.5450000000001 35.2
847.0918750000001 40.4
847.6387500000001 38.8
848.1856250000001 32.0
848.7325000000001 33.6
849.2793750000001 44.8
849.8262500000001 34.8
850.3731250000001 34.0
850.9200000000001 33.2
851.4668750000001 31.6
852.0137500000001 10.0
852.5606250000001 15.2
853.1075000000001 3.2
853.6543750000001 -8.8
854.2012500000001 -13.2
854.7481250000001 -19.6
855.2950000000001 -22.4
855.8418750000001 -27.2
856.3887500000001 -44.4
856.9356250000001 -76.0
857.4825000000001 -66.8
858.0293750000001 -81.6
858.5762500000001 -82.8
859.1231250000001 -69.2
859.6700000000001 -55.6
860.2168750000001 -42.4
860.7637500000001 -34.0
861.3106250000001 -17.6
861.8575000000001 -5.2
862.4043750000001 6.8
862.9512500000001 6.0
863.4981250000001 1.6
864.0450000000001 -10.0
864.5918750000001 -19.6
865.1387500000001 -6.4
865.6856250000001 0.8
866.2325000000001 -5.2
866.7793750000001 -28.4
867.3262500000001 -17.6
867.8731250000001 -3.2
868.4200000000001 23.6
868.9668750000001 34.0
869.5137500000001 62.8
870.0606250000001 86.0
870.6075000000001 75.6
871.1543750000001 61.6
871.7012500000001 72.8
872.2481250000001 90.8
872.7950000000001 74.4
873.3418750000001 53.2
873.8887500000001 21.2
874.4356250000001 12.4
874.9825000000001 -5.2
875.5293750000001 -18.4
876.0762500000001 -34.8
876.6231250000001 -40.0
877.1700000000001 -46.0
877.7168750000001 -47.2
878.2637500000001 -52.0
878.8106250000001 -64.4
879.3575000000001 -82.4
879.9043750000001 -74.4
880.4512500000001 -77.2
880.9981250000001 -62.0
881.5450000000001 -62.8
882.0918750000001 -48.0
882.6387500000001 -30.8
883.1856250000001 -14.4
883.7325000000001 12.8
884.2793750000001 33.2
884.8262500000001 45.2
885.3731250000001 47.2
885.9200000000001 64.8
886.4668750000001 74.0
887.0137500000001 71.6
887.5606250000001 50.8
888.1075000000001 33.6
888.6543750000001 23.6
889.2012500000001 -3.2
889.7481250000001 -1.2
890.2950000000001 21.2
890.8418750000001 13.6
891.3887500000001 5.6
891.9356250000001 -14.0
892.4825000000001 -8.8
893.0293750000001 4.8
893.5762500000001 4.0
894.1231250000001 0.4
894.6700000000001 4.0
895.2168750000001 17.2
895.7637500000001 12.8
896.3106250000001 17.2
896.8575000000001 5.2
897.4043750000001 3.6
897.9512500000001 9.6
898.4981250000001 4.4
899.0450000000001 24.0
899.5918750000001 21.6
900.1387500000001 42.4
900.6856250000001 12.0
901.2325000000001 -3.2
901.7793750000001 -5.2
902.3262500000001 15.2
902.8731250000001 14.0
903.4200000000001 31.6
903.9668750000001 33.6
904.5137500000001 12.8
905.0606250000001 17.6
905.6075000000001 22.4
906.1543750000001 47.2
906.7012500000001 74.4
907.2481250000001 70.4
907.7950000000001 62.4
908.3418750000001 57.2
908.8887500000001 50.4
909.4356250000001 43.2
909.9825000000001 50.0
910.5293750000001 48.4
911.0762500000001 35.6
911.6231250000001 22.0
912.1700000000001 10.0
912.7168750000001 11.6
913.2637500000001 23.2
913.8106250000001 30.8
914.3575000000001 46.0
914.9043750000001 42.4
915.4512500000001 44.8
915.9981250000001 44.8
916.5450000000001 40.8
917.0918750000001 29.2
917.6387500000001 21.6
918.1856250000001 41.2
918.7325000000001 33.2
919.2793750000001 24.8
919.8262500000001 0.0
920.3731250000001 10.0
920.9200000000001 25.6
921.4668750000001 46.4
922.0137500000001 50.4
922.5606250000001 71.6
923.1075000000001 95.6
923.6543750000001 99.2
924.2012500000001 74.8
924.7481250000001 78.8
925.2950000000001 74.4
925.8418750000001 83.6
926.3887500000001 51.2
926.9356250000001 29.2
927.4825000000001 27.2
928.0293750000001 12.8
928.5762500000001 -20.4
929.1231250000001 -52.0
929.6700000000001 -47.2
930.2168750000001 -33.2
930.7637500000001 -42.0
931.3106250000001 -53.2
931.8575000000001 -26.8
932.4043750000001 -45.6
932.9512500000001 -41.2
933.4981250000001 -22.8
934.0450000000001 -6.4
934.5918750000001 12.4
935.1387500000001 37.6
935.6856250000001 24.0
936.2325000000001 47.6
936.7793750000001 57.2
937.3262500000001 26.8
937.8731250000001 22.8
938.4200000000001 21.2
938.9668750000001 0.4
939.5137500000001 -6.0
940.0606250000001 3.6
940.6075000000001 -6.4
941.1543750000001 1.2
941.7012500000001 -8.0
942.2481250000001 -16.8
942.7950000000001 -1.2
943.3418750000001 7.6
943.8887500000001 -4.8
944.4356250000001 0.8
944.9825000000001 6.4
945.5293750000001 -4.8
946.0762500000001 6.0
946.6231250000001 2.8
947.1700000000001 -10.4
947.7168750000001 -17.2
948.2637500000001 -1.6
948.8106250000001 8.4
949.3575000000001 19.2
949.9043750000001 32.4
950.4512500000001 30.4
950.9981250000001 26.8
951.5450000000001 0.8
952.0918750000001 2.4
952.6387500000001 27.2
953.1856250000001 29.6
953.7325000000001 20.8
954.2793750000001 6.4
954.8262500000001 0.0
955.3731250000001 -28.4
955.9200000000001 -29.2
956.4668750000001 -9.2
957.0137500000001 6.8
957.5606250000001 11.6
958.1075000000001 10.8
958.6543750000001 13.6
959.2012500000001 5.6
959.7481250000001 26.8
960.2950000000001 47.2
960.8418750000001 54.0
961.3887500000001 42.0
961.9356250000001 -6.0
962.4825000000001 -19.2
963.0293750000001 -40.0
963.5762500000001 -35.6
964.1231250000001 -44.8
964.6700000000001 -46.4
965.2168750000001 -49.6
965.7637500000001 -56.0
966.3106250000001 -45.2
966.8575000000001 -33.6
967.4043750000001 -3.2
967.9512500000001 -10.8
968.4981250000001 -20.8
969.0450000000001 -26.8
969.5918750000001 -44.8
970.1387500000001 -41.6
970.6856250000001 -39.2
971.2325000000001 -48.4
971.7793750000001 -38.0
972.3262500000001 -33.2
972.8731250000001 -38.8
973.4200000000001 -16.8
973.9668750000001 15.6
974.5137500000001 -3.6
975.0606250000001 12.4
975.6075000000001 10.8
976.1543750000001 9.2
976.7012500000001 14.0
977.2481250000001 -2.0
977.7950000000001 3.6
978.3418750000001 -4.8
978.8887500000001 -14.0
979.4356250000001 -32.0
979.9825000000001 -27.6
980.5293750000001 -30.4
981.0762500000001 -39.2
981.6231250000001 -30.8
982.1700000000001 -28.4
982.7168750000001 -17.2
983.2637500000001 -25.6
983.8106250000001 -19.6
984.3575000000001 -8.4
984.9043750000001 -12.8
985.4512500000001 -8.4
985.9981250000001 -1.6
986.5450000000001 8.4
987.0918750000001 -6.0
987.6387500000001 -10.0
988.1856250000001 -20.4
988.7325000000001 -24.0
989.2793750000001 -9.6
989.8262500000001 -11.6
990.3731250000001 -9.6
990.9200000000001 -7.6
991.4668750000001 -6.4
992.0137500000001 2.0
992.5606250000001 12.4
993.1075000000001 15.2
993.6543750000001 32.4
994.2012500000001 38.0
994.7481250000001 18.0
995.2950000000001 12.4
995.8418750000001 4.0
996.3887500000001 13.6
996.9356250000001 20.0
997.4825000000001 21.6
998.0293750000001 19.6
998.5762500000001 4.0
999.1231250000001 -6.8
999.6700000000001 -13.2
1000.2168750000001 -0.4
1000.7637500000001 -7.6
1001.3106250000001 15.2
1001.8575000000001 18.4
1002.4043750000001 20.0
1002.9512500000001 2.0
1003.4981250000001 1.2
1004.0450000000001 4.0
1004.5918750000001 -4.8
1005.1387500000001 -9.2
1005.6856250000001 13.6
1006.2325000000001 52.0
1006.7793750000001 48.4
1007.3262500000001 41.6
1007.8731250000001 39.2
1008.4200000000001 60.0
1008.9668750000001 62.0
1009.5137500000001 54.4
1010.0606250000001 51.2
1010.6075000000001 80.0
1011.1543750000001 90.0
1011.7012500000001 54.4
1012.2481250000001 56.0
1012.7950000000001 51.2
1013.3418750000001 30.0
1013.8887500000001 5.2
1014.4356250000001 -24.4
1014.9825000000001 -25.2
1015.5293750000001 -8.8
1016.0762500000001 -32.8
1016.6231250000001 -62.8
1017.1700000000001 -47.2
1017.7168750000001 -54.8
1018.2637500000001 -62.4
1018.8106250000001 -54.0
1019.3575000000001 -41.6
1019.9043750000001 -28.4
1020.4512500000001 -36.0
1020.9981250000001 -28.8
1021.5450000000001 -34.8
1022.0918750000001 -46.8
1022.6387500000001 -69.2
1023.1856250000001 -72.0
1023.7325000000001 -58.0
1024.279375 -53.6
1024.82625 -58.4
1025.373125 -47.2
1025.92 -35.6
1026.466875 -54.4
1027.01375 -40.4
1027.560625 -26.8
1028.1075 -13.2
1028.654375 -6.4
1029.20125 -22.0
1029.748125 -27.6
1030.295 -26.0
1030.841875 -29.6
1031.38875 -24.4
1031.935625 -12.0
1032.4825 -8.4
1033.029375 -20.4
1033.57625 -21.2
1034.123125 -23.6
1034.67 -16.4
1035.216875 1.2
1035.76375 20.8
1036.310625 10.8
1036.8575 7.2
1037.404375 -3.2
1037.95125 -7.6
1038.498125 -10.8
1039.045 -0.8
1039.591875 -10.8
1040.13875 -4.0
1040.685625 -34.0
1041.2325 -50.0
1041.779375 -48.4
1042.32625 -35.2
1042.873125 -26.0
1043.42 -50.8
1043.966875 -30.4
1044.51375 -42.8
1045.060625 -34.0
1045.6075 -53.6
1046.154375 -21.2
1046.70125 -16.8
1047.248125 4.4
1047.795 -11.2
1048.341875 2.0
1048.88875 14.4
1049.435625 22.4
1049.9825 49.6
1050.529375 62.8
1051.07625 101.2
1051.623125 91.2
1052.17 69.6
1052.716875 63.6
1053.26375 76.0
1053.810625 55.6
1054.3575 67.6
1054.904375 55.6
1055.45125 29.6
1055.998125 5.6
1056.545 -0.4
1057.091875 11.6
1057.63875 42.4
1058.185625 28.0
1058.7325 23.6
1059.279375 26.8
1059.82625 19.6
1060.373125 4.4
1060.92 -12.8
1061.466875 22.4
1062.01375 12.0
1062.560625 -15.2
1063.1075 -31.6
1063.654375 -17.2
1064.20125 -10.8
1064.748125 -26.4
1065.295 -22.4
1065.841875 -8.4
1066.38875 23.6
1066.935625 11.6
1067.4825 -5.2
1068.029375 10.0
1068.57625 30.4
1069.123125 37.6
1069.67 23.2
1070.216875 49.6
1070.76375 32.0
1071.310625 14.0
1071.8575 -6.0
1072.404375 -2.0
1072.95125 13.2
1073.498125 19.6
1074.045 -12.8
1074.591875 -18.4
1075.13875 -3.2
1075.685625 -12.0
1076.2325 -5.6
1076.779375 12.4
1077.32625 16.0
1077.873125 0.4
1078.42 -10.4
1078.966875 -33.2
1079.51375 -32.4
1080.060625 -33.6
1080.6075 -35.2
1081.154375 -64.4
1081.70125 -69.2
1082.248125 -83.2
1082.795 -88.0
1083.341875 -92.8
1083.88875 -75.6
1084.435625 -77.2
1084.9825 -60.0
1085.529375 -65.2
1086.07625 -73.2
1086.623125 -49.6
1087.17 -46.4
1087.716875 -57.6
1088.26375 -48.8
1088.810625 -47.6
1089.3575 -84.0
1089.904375 -67.6
1090.45125 -66.4
1090.998125 -78.8
1091.545 -72.0
1092.091875 -57.2
1092.63875 -48.8
1093.185625 -27.2
1093.7325 -24.4
1094.279375 -9.2
1094.82625 19.2
1095.373125 16.4
1095.92 -1.2
1096.466875 12.8
1097.01375 2.0
1097.560625 -12.4
1098.1075 -3.6
1098.654375 16.4
1099.20125 11.2
1099.748125 28.4
1100.295 49.2
1100.841875 59.6
1101.38875 76.4
1101.935625 102.0
1102.4825 113.2
1103.029375 108.8
1103.57625 86.0
1104.123125 60.0
1104.67 62.8
1105.216875 38.0
1105.76375 12.0
1106.310625 9.6
1106.8575 6.4
1107.404375 -19.6
1107.95125 -13.2
1108.498125 -3.2
1109.045 23.6
1109.591875 46.4
1110.13875 54.8
1110.685625 46.0
1111.2325 46.0
1111.779375 64.8
1112.32625 37.6
1112.873125 33.2
1113.42 30.8
1113.966875 30.4
1114.51375 21.2
1115.060625 -2.8
1115.6075 -10.8
1116.154375 -4.0
1116.70125 -17.2
1117.248125 -29.2
1117.795 2.4
1118.341875 23.2
1118.88875 12.8
1119.435625 22.0
1119.9825 31.2
1120.529375 52.0
1121.07625 64.4
1121.623125 63.6
1122.17 78.8
1122.716875 68.0
1123.26375 65.6
1123.810625 35.2
1124.3575 4.8
1124.904375 2.0
1125.45125 8.4
1125.998125 -10.0
1126.545 -22.4
1127.091875 -18.8
1127.63875 -12.0
1128.185625 -20.4
1128.7325 -24.0
1129.279375 0.4
1129.82625 24.8
1130.373125 21.2
1130.92 14.4
1131.466875 33.6
1132.01375 34.8
1132.560625 28.8
1133.1075 22.0
1133.654375 24.4
1134.20125 -8.4
1134.748125 1.6
1135.295 10.4
1135.841875 15.6
1136.38875 4.0
1136.935625 -10.0
1137.4825 2.4
1138.029375 8.0
1138.57625 19.6
1139.123125 38.0
1139.67 73.6
1140.216875 50.0
1140.76375 38.8
1141.310625 23.6
1141.8575 14.4
1142.404375 46.8
1142.95125 -7.2
1143.498125 -4.8
1144.045 -3.6
1144.591875 -12.8
1145.13875 -1.6
1145.685625 -17.6
1146.2325 8.4
1146.779375 9.6
1147.32625 24.4
1147.873125 -21.6
1148.42 31.6
1148.966875 4.0
1149.51375 -24.8
1150.060625 -22.0
1150.6075 -40.4
1151.154375 -29.6
1151.70125 -48.0
1152.248125 -57.2
1152.795 -44.8
1153.341875 -48.4
1153.88875 -67.6
1154.435625 -57.6
1154.9825 -51.6
1155.529375 -59.2
1156.07625 -27.6
1156.623125 -24.4
1157.17 -32.0
1157.716875 -17.2
1158.26375 -29.6
1158.810625 -31.2
1159.3575 -49.2
1159.904375 -35.2
1160.45125 -26.8
1160.998125 -26.4
1161.545 -52.4
1162.091875 -44.0
1162.63875 -29.6
1163.185625 -34.4
1163.7325 -18.4
1164.279375 10.4
1164.82625 28.0
1165.373125 27.6
1165.92 16.4
1166.466875 14.8
1167.01375 0.4
1167.560625 -8.8
1168.1075 -6.4
1168.654375 -10.0
1169.20125 -32.8
1169.748125 -50.0
1170.295 -54.8
1170.841875 -63.6
1171.38875 -40.0
1171.935625 -43.6
1172.4825 -44.0
1173.029375 -42.8
1173.57625 -40.0
1174.123125 -22.4
1174.67 -15.6
1175.216875 -21.2
1175.76375 -31.6
1176.310625 -19.6
1176.8575 -44.4
1177.404375 -28.8
1177.95125 -7.2
1178.498125 -0.4
1179.045 -6.4
1179.591875 -2.8
1180.13875 7.6
1180.685625 16.4
1181.2325 28.0
1181.779375 22.0
1182.32625 29.6
1182.873125 28.4
1183.42 15.2
1183.966875 13.2
1184.51375 17.2
1185.060625 12.4
1185.6075 -6.0
1186.154375 3.2
1186.70125 -7.2
1187.248125 -13.2
1187.795 11.6
1188.341875 -3.6
1188.88875 -6.0
1189.435625 -15.6
1189.9825 -17.6
1190.529375 -15.6
1191.07625 -28.4
1191.623125 -39.6
1192.17 -18.8
1192.716875 -20.4
1193.26375 -36.4
1193.810625 -38.8
1194.3575 -30.8
1194.904375 -33.2
1195.45125 -36.4
1195.998125 -39.6
1196.545 -30.4
1197.091875 -5.6
1197.63875 -7.2
1198.185625 -2.0
1198.7325 -7.6
1199.279375 0.0
1199.82625 0.0
1200.373125 24.0
1200.92 19.6
1201.466875 22.8
1202.01375 25.2
1202.560625 -12.4
1203.1075 -5.2
1203.654375 0.8
1204.20125 10.0
1204.748125 3.6
1205.295 -4.8
1205.841875 7.2
1206.38875 6.0
1206.935625 20.4
1207.4825 23.2
1208.029375 34.4
1208.57625 18.0
1209.123125 18.0
1209.67 23.2
1210.216875 28.0
1210.76375 38.0
1211.310625 -5.2
1211.8575 11.2
1212.404375 -12.8
1212.95125 11.2
1213.498125 10.4
1214.045 15.6
1214.591875 28.8
1215.13875 28.4
1215.685625 15.6
1216.2325 18.0
1216.779375 23.2
1217.32625 10.8
1217.873125 0.4
1218.42 -37.2
1218.966875 -34.4
1219.51375 -40.4
1220.060625 -45.6
1220.6075 -62.8
1221.154375 -42.0
1221.70125 -41.2
1222.248125 -30.8
1222.795 -24.0
1223.341875 3.2
1223.88875 17.2
1224.435625 20.4
1224.9825 29.6
1225.529375 29.2
1226.07625 26.0
1226.623125 4.4
1227.17 7.2
1227.716875 1.6
1228.26375 -10.0
1228.810625 -31.2
1229.3575 -42.8
1229.904375 -29.2
1230.45125 -34.8
1230.998125 -40.8
1231.545 -39.2
1232.091875 -19.6
1232.63875 -27.2
1233.185625 -32.8
1233.7325 -14.0
1234.279375 -3.2
1234.82625 21.6
1235.373125 16.8
1235.92 18.0
1236.466875 31.6
1237.01375 41.6
1237.560625 44.8
1238.1075 40.8
1238.654375 52.0
1239.20125 37.2
1239.748125 47.6
1240.295 41.6
1240.841875 30.4
1241.38875 36.4
1241.935625 13.2
1242.4825 2.0
1243.029375 -9.2
1243.57625 3.2
1244.123125 13.6
1244.67 34.8
1245.216875 13.6
1245.76375 3.6
1246.310625 19.6
1246.8575 11.6
1247.404375 34.4
1247.95125 45.6
1248.498125 52.8
1249.045 67.2
1249.591875 71.2
1250.13875 48.0
1250.685625 56.0
1251.2325 68.4
1251.779375 58.4
1252.32625 70.8
1252.873125 59.6
1253.42 66.0
1253.966875 64.0
1254.51375 40.4
1255.060625 11.6
1255.6075 8.0
1256.154375 2.8
1256.70125 18.4
1257.248125 14.8
1257.795 8.4
1258.341875 24.0
1258.88875 -2.8
1259.435625 -12.4
1259.9825 9.2
1260.529375 32.4
1261.07625 37.6
1261.623125 36.0
1262.17 30.8
1262.716875 33.6
1263.26375 28.0
1263.810625 17.6
1264.3575 46.0
1264.904375 69.2
1265.45125 44.0
1265.998125 39.2
1266.545 45.6
1267.091875 59.6
1267.63875 52.8
1268.185625 50.8
1268.7325 67.2
1269.279375 48.4
1269.82625 36.4
1270.373125 14.8
1270.92 38.8
1271.466875 27.6
1272.01375 36.4
1272.560625 20.0
1273.1075 2.0
1273.654375 0.0
1274.20125 -2.4
1274.748125 6.0
1275.295 15.2
1275.841875 32.4
1276.38875 19.6
1276.935625 23.2
1277.4825 9.6
1278.029375 15.2
1278.57625 17.2
1279.123125 38.8
1279.67 41.6
1280.216875 50.0
1280.76375 64.0
1281.310625 76.8
1281.8575 64.0
1282.404375 80.8
1282.95125 80.4
1283.498125 84.8
1284.045 87.2
1284.591875 52.0
1285.13875 35.2
1285.685625 27.2
1286.2325 7.2
1286.779375 -17.6
1287.32625 -2.4
1287.873125 -10.0
1288.42 4.0
1288.966875 3.2
1289.51375 -1.6
1290.060625 8.8
1290.6075 2.4
1291.154375 30.8
1291.70125 44.4
1292.248125 58.0
1292.795 50.4
1293.341875 66.8
1293.88875 40.0
1294.435625 39.2
1294.9825 49.2
1295.529375 48.0
1296.07625 72.8
1296.623125 36.8
1297.17 20.8
1297.716875 26.4
1298.26375 34.4
1298.810625 18.8
1299.3575 20.4
1299.904375 12.4
1300.45125 18.0
1300.998125 38.0
1301.545 47.2
1302.091875 56.4
1302.63875 70.4
1303.185625 40.0
1303.7325 40.8
1304.279375 34.8
1304.82625 53.2
1305.373125 45.6
1305.92 62.8
1306.466875 73.6
1307.01375 74.0
1307.560625 88.4
1308.1075 66.8
1308.654375 90.8
1309.20125 87.6
1309.748125 84.0
1310.295 93.6
1310.841875 115.6
1311.38875 116.4
1311.935625 100.0
1312.4825 92.0
1313.029375 90.4
1313.57625 134.0
1314.123125 138.0
1314.67 135.2
1315.216875 128.4
1315.76375 113.6
1316.310625 139.6
1316.8575 118.0
1317.404375 115.6
1317.95125 118.0
1318.498125 102.4
1319.045 68.4
1319.591875 59.6
1320.13875 73.2
1320.685625 63.6
1321.2325 70.8
1321.779375 55.6
1322.32625 68.4
1322.873125 89.2
1323.42 91.6
1323.966875 112.8
1324.51375 112.8
1325.060625 134.8
1325.6075 126.4
1326.154375 174.0
1326.70125 205.2
1327.248125 203.2
1327.795 199.6
1328.341875 199.6
1328.88875 200.0
1329.435625 180.4
1329.9825 212.4
1330.529375 204.4
1331.07625 209.6
1331.623125 208.4
1332.17 210.0
1332.716875 196.0
1333.26375 204.4
1333.810625 181.6
1334.3575 169.6
1334.904375 197.6
1335.45125 200.0
1335.998125 210.8
1336.545 213.6
1337.091875 212.8
1337.63875 194.4
1338.185625 200.4
1338.7325 193.6
1339.279375 229.6
1339.82625 259.2
1340.373125 261.6
1340.92 256.0
1341.466875 257.6
1342.01375 262.0
1342.560625 262.0
1343.1075 273.6
1343.654375 286.4
1344.20125 304.8
1344.748125 302.8
1345.295 311.2
1345.841875 328.0
1346.38875 321.2
1346.935625 316.0
1347.4825 327.2
1348.029375 358.0
1348.57625 339.2
1349.123125 350.4
1349.67 352.4
1350.216875 346.4
1350.76375 326.4
1351.310625 324.0
1351.8575 368.8
1352.404375 413.2
1352.95125 405.2
1353.498125 409.2
1354.045 421.6
1354.591875 436.8
1355.13875 457.6
1355.685625 456.8
1356.2325 466.0
1356.779375 467.2
1357.32625 458.4
1357.873125 432.8
1358.42 442.8
1358.966875 415.2
1359.51375 442.0
1360.060625 465.6
1360.6075 490.4
1361.154375 484.0
1361.70125 503.2
1362.248125 517.2
1362.795 499.2
1363.341875 512.8
1363.88875 506.4
1364.435625 526.4
1364.9825 528.0
1365.529375 532.4
1366.07625 498.4
1366.623125 538.8
1367.17 558.0
1367.716875 588.8
1368.26375 590.4
1368.810625 606.0
1369.3575 658.4
1369.904375 652.0
1370.45125 658.8
1370.998125 642.0
1371.545 660.8
1372.091875 652.4
1372.63875 672.4
1373.185625 670.0
1373.7325 729.6
1374.279375 733.6
1374.82625 732.4
1375.373125 757.6
1375.92 764.8
1376.466875 795.2
1377.01375 807.6
1377.560625 840.8
1378.1075 822.8
1378.654375 822.8
1379.20125 778.0
1379.748125 780.4
1380.295 773.6
1380.841875 772.4
1381.38875 782.4
1381.935625 774.8
1382.4825 762.0
1383.029375 722.0
1383.57625 692.0
1384.123125 657.6
1384.67 640.8
1385.216875 632.8
1385.76375 605.6
1386.310625 593.6
1386.8575 564.4
1387.404375 543.6
1387.95125 535.2
1388.498125 526.8
1389.045 499.2
1389.591875 466.8
1390.13875 448.0
1390.685625 414.4
1391.2325 395.6
1391.779375 349.2
1392.32625 334.0
1392.873125 285.2
1393.42 251.2
1393.966875 235.2
1394.51375 230.8
1395.060625 237.2
1395.6075 238.4
1396.154375 240.0
1396.70125 238.0
1397.248125 246.4
1397.795 232.8
1398.341875 232.8
1398.88875 237.2
1399.435625 217.2
1399.9825 214.4
1400.529375 208.0
1401.07625 209.6
1401.623125 192.8
1402.17 183.6
1402.716875 171.6
1403.26375 174.8
1403.810625 167.6
1404.3575 125.2
1404.904375 131.6
1405.45125 124.8
1405.998125 120.4
1406.545 66.0
1407.091875 70.4
1407.63875 83.6
1408.185625 90.8
1408.7325 47.2
1409.279375 28.0
1409.82625 30.0
1410.373125 48.0
1410.92 53.6
1411.466875 14.4
1412.01375 72.0
1412.560625 55.6
1413.1075 43.2
1413.654375 66.8
