299.67 2192
300.216875 2080
300.76375 2240
301.310625 3128
301.8575 2244
302.404375 2668
302.95125 1692
303.498125 1872
304.045 1584
304.591875 2092
305.13875 2688
305.685625 2220
306.2325 2688
306.779375 3116
307.32625 2752
307.873125 2660
308.42 3024
308.966875 2260
309.51375 2380
310.060625 1820
310.6075 2116
311.154375 2152
311.70125 2172
312.248125 2364
312.795 3596
313.341875 1708
313.88875 3840
314.435625 1992
314.9825 2916
315.529375 1444
316.07625 1588
316.623125 2536
317.17 1728
317.716875 2388
318.26375 2236
318.810625 1984
319.3575 1768
319.904375 1440
320.45125 1756
320.998125 2344
321.545 1500
322.091875 2332
322.63875 1980
323.185625 1868
323.7325 1640
324.279375 2820
324.82625 2140
325.373125 2188
325.92 1896
326.466875 1996
327.01375 2168
327.560625 3192
328.1075 2056
328.654375 2180
329.20125 1912
329.748125 1732
330.295 1708
330.841875 2356
331.38875 1524
331.935625 1824
332.4825 2608
333.029375 1640
333.57625 2276
334.123125 1644
334.67 2052
335.216875 2872
335.76375 1948
336.310625 2216
336.8575 1940
337.404375 1468
337.95125 2048
338.498125 2504
339.045 2900
339.591875 1592
340.13875 2004
340.685625 1848
341.2325 2396
341.779375 1888
342.32625 1428
342.873125 2988
343.42 2400
343.966875 1704
344.51375 2220
345.060625 2800
345.6075 1964
346.154375 2324
346.70125 2444
347.248125 2196
347.795 1512
348.341875 3556
348.88875 2044
349.435625 2020
349.9825 1604
350.529375 1696
351.07625 1944
351.623125 2004
352.17 1676
352.716875 1872
353.26375 2664
353.810625 1236
354.3575 1992
354.904375 1356
355.45125 2396
355.998125 2140
356.545 1424
357.091875 2796
357.63875 1500
358.185625 1728
358.7325 1892
359.279375 1732
359.82625 1932
360.373125 1804
360.92 1260
361.466875 2108
362.01375 1820
362.560625 2360
363.1075 1472
363.654375 1472
364.20125 2836
364.748125 2272
365.295 1664
365.841875 1796
366.38875 1432
366.935625 2064
367.4825 1820
368.029375 1464
368.57625 2092
369.123125 2060
369.67 2152
370.216875 1868
370.76375 1820
371.310625 1736
371.8575 1804
372.404375 1960
372.95125 3400
373.498125 2364
374.045 2216
374.591875 2112
375.13875 2452
375.685625 1492
376.2325 1636
376.779375 2092
377.32625 3048
377.873125 2196
378.42 2056
378.966875 2540
379.51375 1512
380.060625 1720
380.6075 2432
381.154375 2248
381.70125 1804
382.248125 2320
382.795 2276
383.341875 1928
383.88875 2224
384.435625 1812
384.9825 2052
385.529375 2568
386.07625 2572
386.623125 1724
387.17 1928
387.716875 1552
388.26375 1828
388.810625 2940
389.3575 1596
389.904375 1920
390.45125 1788
390.998125 1168
391.545 1704
392.091875 1860
392.63875 2388
393.185625 2992
393.7325 1880
394.279375 2644
394.82625 1308
395.373125 1832
395.92 1440
396.466875 3024
397.01375 2136
397.560625 1780
398.1075 1740
398.654375 1428
399.20125 1636
399.748125 2604
400.295 1976
400.841875 1468
401.38875 2164
401.935625 2864
402.4825 1816
403.029375 1796
403.57625 2024
404.123125 1808
404.67 2556
405.216875 2504
405.76375 2288
406.310625 2088
406.8575 1756
407.404375 2088
407.95125 1868
408.498125 2912
409.045 2212
409.591875 2192
410.13875 2124
410.685625 1480
411.2325 1944
411.779375 1620
412.32625 1644
412.873125 1732
413.42 1816
413.966875 2284
414.51375 1724
415.060625 2264
415.6075 2116
416.154375 1628
416.70125 2008
417.248125 2420
417.795 1908
418.341875 1964
418.88875 2468
419.435625 1368
419.9825 2332
420.529375 1816
421.07625 2128
421.623125 1708
422.17 2840
422.716875 1732
423.26375 1640
423.810625 2580
424.3575 2144
424.904375 1688
425.45125 2196
425.998125 1708
426.545 1740
427.091875 1868
427.63875 1556
428.185625 2464
428.7325 1860
429.279375 1836
429.82625 1572
430.373125 2736
430.92 1328
431.466875 2984
432.01375 2820
432.560625 2272
433.1075 1488
433.654375 1720
434.20125 1708
434.748125 1300
435.295 1888
435.841875 1396
436.38875 1796
436.935625 2304
437.4825 2308
438.029375 1636
438.57625 1780
439.123125 1476
439.67 2312
440.216875 1376
440.76375 1636
441.310625 1700
441.8575 2000
442.404375 2504
442.95125 1700
443.498125 1432
444.045 1796
444.591875 2400
445.13875 1764
445.685625 1436
446.2325 3700
446.779375 2424
447.32625 2556
447.873125 4636
448.42 1568
448.966875 3260
449.51375 1564
450.060625 1676
450.6075 1308
451.154375 1500
451.70125 1892
452.248125 1676
452.795 1020
453.341875 2616
453.88875 2296
454.435625 2176
454.9825 1808
455.529375 1660
456.07625 1508
456.623125 1292
457.17 1868
457.716875 1660
458.26375 1772
458.810625 1576
459.3575 2192
459.904375 2620
460.45125 1616
460.998125 1496
461.545 1708
462.091875 4280
462.63875 2128
463.185625 1968
463.7325 1980
464.279375 1704
464.82625 2248
465.373125 1488
465.92 1824
466.466875 1704
467.01375 1624
467.560625 1532
468.1075 2204
468.654375 1612
469.20125 1580
469.748125 1792
470.295 1832
470.841875 1676
471.38875 1316
471.935625 2140
472.4825 2572
473.029375 1788
473.57625 2216
474.123125 2176
474.67 1748
475.216875 2560
475.76375 1252
476.310625 2088
476.8575 2328
477.404375 2040
477.95125 1752
478.498125 1524
479.045 3832
479.591875 1956
480.13875 2064
480.685625 2080
481.2325 1848
481.779375 2212
482.32625 1808
482.873125 1976
483.42 1968
483.966875 1772
484.51375 1148
485.060625 1280
485.6075 1520
486.154375 1904
486.70125 1292
487.248125 1864
487.795 2976
488.341875 2248
488.88875 1784
489.435625 2056
489.9825 1580
490.529375 1844
491.07625 1728
491.623125 1620
492.17 1620
492.716875 1700
493.26375 2132
493.810625 1600
494.3575 1744
494.904375 1348
495.45125 1868
495.998125 1464
496.545 1924
497.091875 2132
497.63875 1772
498.185625 1796
498.7325 1044
499.279375 2036
499.82625 2492
500.373125 1936
500.92 2484
501.466875 2796
502.01375 1392
502.560625 2164
503.1075 1892
503.654375 2128
504.20125 1584
504.748125 1692
505.295 1968
505.841875 1856
506.38875 2548
506.935625 1720
507.4825 2180
508.029375 1228
508.57625 1624
509.123125 1824
509.67 2060
510.216875 2588
510.76375 1340
511.310625 1776
511.8575 1196
512.4043750000001 2292
512.9512500000001 1372
513.4981250000001 1248
514.0450000000001 1948
514.5918750000001 2120
515.1387500000001 2004
515.6856250000001 1788
516.2325000000001 1708
516.7793750000001 1520
517.3262500000001 1544
517.8731250000001 1872
518.4200000000001 1548
518.9668750000001 2008
519.5137500000001 2348
520.0606250000001 1956
520.6075000000001 2068
521.1543750000001 1748
521.7012500000001 1380
522.2481250000001 2076
522.7950000000001 1600
523.3418750000001 1760
523.8887500000001 1188
524.4356250000001 1296
524.9825000000001 2316
525.5293750000001 1900
526.0762500000001 1504
526.6231250000001 1804
527.1700000000001 2044
527.7168750000001 1464
528.2637500000001 1540
528.8106250000001 2164
529.3575000000001 1852
529.9043750000001 1604
530.4512500000001 1760
530.9981250000001 1548
531.5450000000001 2308
532.0918750000001 1900
532.6387500000001 1972
533.1856250000001 1736
533.7325000000001 1784
534.2793750000001 2224
534.8262500000001 1760
535.3731250000001 1496
535.9200000000001 1992
536.4668750000001 2612
537.0137500000001 1928
537.5606250000001 2324
538.1075000000001 1752
538.6543750000001 1532
539.2012500000001 2564
539.7481250000001 1724
540.2950000000001 2060
540.8418750000001 2132
541.3887500000001 1604
541.9356250000001 2228
542.4825000000001 1520
543.0293750000001 2268
543.5762500000001 2560
544.1231250000001 1628
544.6700000000001 1420
545.2168750000001 1944
545.7637500000001 2088
546.3106250000001 2156
546.8575000000001 2456
547.4043750000001 2060
547.9512500000001 1852
548.4981250000001 1956
549.0450000000001 2212
549.5918750000001 1556
550.1387500000001 1876
550.6856250000001 1516
551.2325000000001 2764
551.7793750000001 2052
552.3262500000001 2316
552.8731250000001 2696
553.4200000000001 1564
553.9668750000001 2480
554.5137500000001 1856
555.0606250000001 1528
555.6075000000001 2388
556.1543750000001 2344
556.7012500000001 1544
557.2481250000001 2752
557.7950000000001 2008
558.3418750000001 1792
558.8887500000001 1656
559.4356250000001 1908
559.9825000000001 1796
560.5293750000001 1388
561.0762500000001 3032
561.6231250000001 2572
562.1700000000001 2044
562.7168750000001 2988
563.2637500000001 1864
563.8106250000001 2192
564.3575000000001 1572
564.9043750000001 2604
565.4512500000001 1956
565.9981250000001 2192
566.5450000000001 1168
567.0918750000001 2124
567.6387500000001 1768
568.1856250000001 1656
568.7325000000001 1488
569.2793750000001 2660
569.8262500000001 2020
570.3731250000001 1644
570.9200000000001 1584
571.4668750000001 1928
572.0137500000001 1880
572.5606250000001 2244
573.1075000000001 2232
573.6543750000001 1448
574.2012500000001 1772
574.7481250000001 1532
575.2950000000001 2464
575.8418750000001 2192
576.3887500000001 1892
576.9356250000001 1392
577.4825000000001 2476
578.0293750000001 1572
578.5762500000001 1880
579.1231250000001 1152
579.6700000000001 1356
580.2168750000001 2100
580.7637500000001 1876
581.3106250000001 1424
581.8575000000001 1948
582.4043750000001 1640
582.9512500000001 1976
583.4981250000001 2564
584.0450000000001 1852
584.5918750000001 2160
585.1387500000001 2456
585.6856250000001 1588
586.2325000000001 2060
586.7793750000001 2344
587.3262500000001 2908
587.8731250000001 1840
588.4200000000001 1880
588.9668750000001 2176
589.5137500000001 1368
590.0606250000001 1872
590.6075000000001 1704
591.1543750000001 1792
591.7012500000001 1464
592.2481250000001 1964
592.7950000000001 1980
593.3418750000001 2076
593.8887500000001 2128
594.4356250000001 1292
594.9825000000001 3056
595.5293750000001 1756
596.0762500000001 1764
596.6231250000001 1756
597.1700000000001 2408
597.7168750000001 2328
598.2637500000001 1872
598.8106250000001 2436
599.3575000000001 1288
599.9043750000001 1416
600.4512500000001 1588
600.9981250000001 1368
601.5450000000001 1892
602.0918750000001 1516
602.6387500000001 2112
603.1856250000001 1800
603.7325000000001 1588
604.2793750000001 1848
604.8262500000001 1756
605.3731250000001 1204
605.9200000000001 1156
606.4668750000001 2252
607.0137500000001 1724
607.5606250000001 1928
608.1075000000001 2428
608.6543750000001 1720
609.2012500000001 1240
609.7481250000001 2132
610.2950000000001 1260
610.8418750000001 1744
611.3887500000001 1944
611.9356250000001 2276
612.4825000000001 1956
613.0293750000001 2068
613.5762500000001 1812
614.1231250000001 1760
614.6700000000001 3532
615.2168750000001 2168
615.7637500000001 1864
616.3106250000001 1880
616.8575000000001 1892
617.4043750000001 1620
617.9512500000001 2292
618.4981250000001 2000
619.0450000000001 2472
619.5918750000001 1616
620.1387500000001 1644
620.6856250000001 2712
621.2325000000001 1896
621.7793750000001 1816
622.3262500000001 2648
622.8731250000001 1916
623.4200000000001 3648
623.9668750000001 2080
624.5137500000001 1548
625.0606250000001 2108
625.6075000000001 1676
626.1543750000001 1876
626.7012500000001 1656
627.2481250000001 1656
627.7950000000001 2016
628.3418750000001 2028
628.8887500000001 2024
629.4356250000001 3108
629.9825000000001 2180
630.5293750000001 2816
631.0762500000001 2060
631.6231250000001 1944
632.1700000000001 2364
632.7168750000001 1732
633.2637500000001 2568
633.8106250000001 2000
634.3575000000001 1992
634.9043750000001 2508
635.4512500000001 2152
635.9981250000001 2708
636.5450000000001 2604
637.0918750000001 1852
637.6387500000001 2208
638.1856250000001 3004
638.7325000000001 2648
639.2793750000001 2304
639.8262500000001 2884
640.3731250000001 2788
640.9200000000001 2028
641.4668750000001 2536
642.0137500000001 2888
642.5606250000001 2484
643.1075000000001 2420
643.6543750000001 2068
644.2012500000001 2712
644.7481250000001 2728
645.2950000000001 3060
645.8418750000001 2732
646.3887500000001 2816
646.9356250000001 3096
647.4825000000001 2796
648.0293750000001 2592
648.5762500000001 2688
649.1231250000001 2964
649.6700000000001 3576
650.2168750000001 3336
650.7637500000001 3220
651.3106250000001 3376
651.8575000000001 3712
652.4043750000001 3056
652.9512500000001 3640
653.4981250000001 3076
654.0450000000001 3708
654.5918750000001 4616
655.1387500000001 4432
655.6856250000001 5368
656.2325000000001 4860
656.7793750000001 5028
657.3262500000001 5092
657.8731250000001 5300
658.4200000000001 5708
658.9668750000001 5340
659.5137500000001 5464
660.0606250000001 5864
660.6075000000001 6124
661.1543750000001 6348
661.7012500000001 6644
662.2481250000001 7316
662.7950000000001 7140
663.3418750000001 6720
663.8887500000001 7472
664.4356250000001 7780
664.9825000000001 7308
665.5293750000001 8116
666.0762500000001 8912
666.6231250000001 9740
667.1700000000001 10016
667.7168750000001 10668
668.2637500000001 10844
668.8106250000001 10588
669.3575000000001 11948
669.9043750000001 11924
670.4512500000001 13300
670.9981250000001 11996
671.5450000000001 13264
672.0918750000001 13824
672.6387500000001 14716
673.1856250000001 15012
673.7325000000001 15836
674.2793750000001 16892
674.8262500000001 17688
675.3731250000001 16512
675.9200000000001 17848
676.4668750000001 18416
677.0137500000001 18920
677.5606250000001 19196
678.1075000000001 19944
678.6543750000001 20600
679.2012500000001 20988
679.7481250000001 23376
680.2950000000001 23308
680.8418750000001 24268
681.3887500000001 25636
681.9356250000001 27052
682.4825000000001 28364
683.0293750000001 28472
683.5762500000001 29300
684.1231250000001 29584
684.6700000000001 31720
685.2168750000001 31568
685.7637500000001 32212
686.3106250000001 31352
686.8575000000001 30156
687.4043750000001 29252
687.9512500000001 28560
688.4981250000001 27664
689.0450000000001 25296
689.5918750000001 24092
690.1387500000001 21856
690.6856250000001 20780
691.2325000000001 18372
691.7793750000001 16072
692.3262500000001 14712
692.8731250000001 13448
693.4200000000001 12068
693.9668750000001 11480
694.5137500000001 8964
695.0606250000001 8972
695.6075000000001 8160
696.1543750000001 8340
696.7012500000001 7136
697.2481250000001 6108
697.7950000000001 6028
698.3418750000001 6004
698.8887500000001 4316
699.4356250000001 4964
699.9825000000001 4444
700.5293750000001 3676
701.0762500000001 4136
701.6231250000001 3628
702.1700000000001 3344
702.7168750000001 3748
703.2637500000001 2804
703.8106250000001 3056
704.3575000000001 3224
704.9043750000001 3176
705.4512500000001 2764
705.9981250000001 2800
706.5450000000001 2404
707.0918750000001 2532
707.6387500000001 2264
708.1856250000001 1948
708.7325000000001 2104
709.2793750000001 2408
709.8262500000001 3276
710.3731250000001 1784
710.9200000000001 1848
711.4668750000001 2080
712.0137500000001 2268
712.5606250000001 1924
713.1075000000001 1696
713.6543750000001 2468
714.2012500000001 2072
714.7481250000001 2276
715.2950000000001 1796
715.8418750000001 2012
716.3887500000001 2164
716.9356250000001 2084
717.4825000000001 2384
718.0293750000001 1896
718.5762500000001 2316
719.1231250000001 2640
719.6700000000001 2420
720.2168750000001 1916
720.7637500000001 2132
721.3106250000001 1844
721.8575000000001 1368
722.4043750000001 2692
722.9512500000001 2348
723.4981250000001 1556
724.0450000000001 2200
724.5918750000001 1840
725.1387500000001 2144
725.6856250000001 2336
726.2325000000001 1972
726.7793750000001 1956
727.3262500000001 1772
727.8731250000001 2288
728.4200000000001 1484
728.9668750000001 4048
729.5137500000001 1560
730.0606250000001 2444
730.6075000000001 2252
731.1543750000001 1652
731.7012500000001 1696
732.2481250000001 1876
732.7950000000001 2372
733.3418750000001 2612
733.8887500000001 2232
734.4356250000001 1380
734.9825000000001 1716
735.5293750000001 1876
736.0762500000001 2048
736.6231250000001 2212
737.1700000000001 1744
737.7168750000001 2488
738.2637500000001 2408
738.8106250000001 1868
739.3575000000001 3024
739.9043750000001 1900
740.4512500000001 1716
740.9981250000001 1592
741.5450000000001 1828
742.0918750000001 1456
742.6387500000001 2296
743.1856250000001 1964
743.7325000000001 1900
744.2793750000001 1856
744.8262500000001 2008
745.3731250000001 2328
745.9200000000001 3236
746.4668750000001 2092
747.0137500000001 2400
747.5606250000001 1572
748.1075000000001 1436
748.6543750000001 2024
749.2012500000001 2148
749.7481250000001 1980
750.2950000000001 1528
750.8418750000001 1936
751.3887500000001 1744
751.9356250000001 1920
752.4825000000001 1692
753.0293750000001 1504
753.5762500000001 1632
754.1231250000001 1472
754.6700000000001 1836
755.2168750000001 2736
755.7637500000001 1592
756.3106250000001 1144
756.8575000000001 2172
757.4043750000001 2004
757.9512500000001 1340
758.4981250000001 1484
759.0450000000001 2068
759.5918750000001 2236
760.1387500000001 2128
760.6856250000001 1304
761.2325000000001 2780
761.7793750000001 1852
762.3262500000001 2592
762.8731250000001 1888
763.4200000000001 1576
763.9668750000001 2220
764.5137500000001 2128
765.0606250000001 2020
765.6075000000001 2004
766.1543750000001 1900
766.7012500000001 2292
767.2481250000001 1704
767.7950000000001 2012
768.3418750000001 1768
768.8887500000001 2136
769.4356250000001 2152
769.9825000000001 1504
770.5293750000001 1528
771.0762500000001 2132
771.6231250000001 2220
772.1700000000001 1788
772.7168750000001 2056
773.2637500000001 2348
773.8106250000001 1912
774.3575000000001 1424
774.9043750000001 1448
775.4512500000001 2460
775.9981250000001 1668
776.5450000000001 1872
777.0918750000001 2012
777.6387500000001 1728
778.1856250000001 1808
778.7325000000001 2336
779.2793750000001 1632
779.8262500000001 2188
780.3731250000001 1792
780.9200000000001 2164
781.4668750000001 2540
782.0137500000001 1540
782.5606250000001 1908
783.1075000000001 2080
783.6543750000001 2264
784.2012500000001 2052
784.7481250000001 2156
785.2950000000001 1496
785.8418750000001 2136
786.3887500000001 1504
786.9356250000001 1628
787.4825000000001 1836
788.0293750000001 2204
788.5762500000001 2300
789.1231250000001 1968
789.6700000000001 1864
790.2168750000001 2068
790.7637500000001 1796
791.3106250000001 1860
791.8575000000001 1132
792.4043750000001 2256
792.9512500000001 1456
793.4981250000001 2204
794.0450000000001 2024
794.5918750000001 1748
795.1387500000001 1844
795.6856250000001 1932
796.2325000000001 2512
796.7793750000001 1640
797.3262500000001 1488
797.8731250000001 2180
798.4200000000001 1688
798.9668750000001 1584
799.5137500000001 1580
800.0606250000001 2084
800.6075000000001 1788
801.1543750000001 1384
801.7012500000001 2372
802.2481250000001 1672
802.7950000000001 2500
803.3418750000001 1980
803.8887500000001 1308
804.4356250000001 1860
804.9825000000001 2528
805.5293750000001 2424
806.0762500000001 1768
806.6231250000001 1532
807.1700000000001 2184
807.7168750000001 1900
808.2637500000001 2292
808.8106250000001 1932
809.3575000000001 1812
809.9043750000001 1908
810.4512500000001 1612
810.9981250000001 2028
811.5450000000001 2076
812.0918750000001 3708
812.6387500000001 1828
813.1856250000001 1604
813.7325000000001 3196
814.2793750000001 1932
814.8262500000001 1912
815.3731250000001 2492
815.9200000000001 2096
816.4668750000001 2164
817.0137500000001 2160
817.5606250000001 1716
818.1075000000001 2596
818.6543750000001 2280
819.2012500000001 1880
819.7481250000001 1576
820.2950000000001 1996
820.8418750000001 1476
821.3887500000001 2248
821.9356250000001 1400
822.4825000000001 1892
823.0293750000001 2268
823.5762500000001 2128
824.1231250000001 1612
824.6700000000001 1588
825.2168750000001 1608
825.7637500000001 1204
826.3106250000001 2732
826.8575000000001 1928
827.4043750000001 1424
827.9512500000001 1548
828.4981250000001 1636
829.0450000000001 2116
829.5918750000001 2048
830.1387500000001 1832
830.6856250000001 2316
831.2325000000001 1928
831.7793750000001 2000
832.3262500000001 2720
832.8731250000001 2080
833.4200000000001 1360
833.9668750000001 2120
834.5137500000001 2124
835.0606250000001 2420
835.6075000000001 1384
836.1543750000001 2144
836.7012500000001 2256
837.2481250000001 1592
837.7950000000001 1596
838.3418750000001 2696
838.8887500000001 1888
839.4356250000001 2312
839.9825000000001 2192
840.5293750000001 1740
841.0762500000001 1152
841.6231250000001 1776
842.1700000000001 1204
842.7168750000001 1708
843.2637500000001 1624
843.8106250000001 1716
844.3575000000001 1656
844.9043750000001 2020
845.4512500000001 2576
845.9981250000001 1916
846.5450000000001 1320
847.0918750000001 1396
847.6387500000001 2840
848.1856250000001 1852
848.7325000000001 2468
849.2793750000001 1892
849.8262500000001 1460
850.3731250000001 1188
850.9200000000001 2468
851.4668750000001 1368
852.0137500000001 1564
852.5606250000001 1792
853.1075000000001 2784
853.6543750000001 1960
854.2012500000001 1468
854.7481250000001 1636
855.2950000000001 1532
855.8418750000001 1848
856.3887500000001 1748
856.9356250000001 1732
857.4825000000001 1468
858.0293750000001 2028
858.5762500000001 1564
859.1231250000001 1660
859.6700000000001 2976
860.2168750000001 2308
860.7637500000001 1460
861.3106250000001 1664
861.8575000000001 1900
862.4043750000001 1464
862.9512500000001 2244
863.4981250000001 1648
864.0450000000001 2148
864.5918750000001 2424
865.1387500000001 2220
865.6856250000001 8292
866.2325000000001 1432
866.7793750000001 1572
867.3262500000001 1448
867.8731250000001 2188
868.4200000000001 1552
868.9668750000001 2104
869.5137500000001 1500
870.0606250000001 1900
870.6075000000001 1596
871.1543750000001 1628
871.7012500000001 1608
872.2481250000001 1620
872.7950000000001 1516
873.3418750000001 2660
873.8887500000001 2048
874.4356250000001 2400
874.9825000000001 2628
875.5293750000001 1764
876.0762500000001 2012
876.6231250000001 1508
877.1700000000001 1828
877.7168750000001 1464
878.2637500000001 2244
878.8106250000001 1748
879.3575000000001 1904
879.9043750000001 1644
880.4512500000001 2220
880.9981250000001 2836
881.5450000000001 1480
882.0918750000001 2776
882.6387500000001 1708
883.1856250000001 2264
883.7325000000001 1296
884.2793750000001 1368
884.8262500000001 2448
885.3731250000001 1404
885.9200000000001 1964
886.4668750000001 1820
887.0137500000001 2496
887.5606250000001 1736
888.1075000000001 1832
888.6543750000001 2116
889.2012500000001 1592
889.7481250000001 1548
890.2950000000001 1680
890.8418750000001 1776
891.3887500000001 2352
891.9356250000001 2516
892.4825000000001 1824
893.0293750000001 2024
893.5762500000001 1596
894.1231250000001 2396
894.6700000000001 1528
895.2168750000001 1876
895.7637500000001 2084
896.3106250000001 2556
896.8575000000001 1568
897.4043750000001 1700
897.9512500000001 1832
898.4981250000001 1840
899.0450000000001 2092
899.5918750000001 1212
900.1387500000001 2232
900.6856250000001 1316
901.2325000000001 2324
901.7793750000001 1880
902.3262500000001 1908
902.8731250000001 1852
903.4200000000001 1976
903.9668750000001 1852
904.5137500000001 1752
905.0606250000001 1920
905.6075000000001 2640
906.1543750000001 2156
906.7012500000001 1328
907.2481250000001 1440
907.7950000000001 3052
908.3418750000001 1948
908.8887500000001 1860
909.4356250000001 1300
909.9825000000001 1864
910.5293750000001 2372
911.0762500000001 2064
911.6231250000001 2136
912.1700000000001 2088
912.7168750000001 1976
913.2637500000001 1932
913.8106250000001 2256
914.3575000000001 1452
914.9043750000001 1960
915.4512500000001 2904
915.9981250000001 1360
916.5450000000001 2228
917.0918750000001 2048
917.6387500000001 1688
918.1856250000001 2536
918.7325000000001 1892
919.2793750000001 1776
919.8262500000001 2200
920.3731250000001 1868
920.9200000000001 1344
921.4668750000001 2128
922.0137500000001 2116
922.5606250000001 1684
923.1075000000001 2400
923.6543750000001 1980
924.2012500000001 1628
924.7481250000001 1740
925.2950000000001 1776
925.8418750000001 1644
926.3887500000001 2256
926.9356250000001 2680
927.4825000000001 1440
928.0293750000001 1940
928.5762500000001 1964
929.1231250000001 1800
929.6700000000001 1216
930.2168750000001 1536
930.7637500000001 2656
931.3106250000001 2460
931.8575000000001 1720
932.4043750000001 1336
932.9512500000001 1672
933.4981250000001 1736
934.0450000000001 2072
934.5918750000001 1316
935.1387500000001 1896
935.6856250000001 2636
936.2325000000001 1756
936.7793750000001 1768
937.3262500000001 1728
937.8731250000001 1828
938.4200000000001 1120
938.9668750000001 1708
939.5137500000001 1560
940.0606250000001 2268
940.6075000000001 2232
941.1543750000001 1812
941.7012500000001 1712
942.2481250000001 1768
942.7950000000001 1928
943.3418750000001 1788
943.8887500000001 3392
944.4356250000001 1384
944.9825000000001 1924
945.5293750000001 1968
946.0762500000001 1908
946.6231250000001 1820
947.1700000000001 1548
947.7168750000001 2716
948.2637500000001 1576
948.8106250000001 1448
949.3575000000001 1548
949.9043750000001 2084
950.4512500000001 1608
950.9981250000001 1660
951.5450000000001 1468
952.0918750000001 3504
952.6387500000001 1268
953.1856250000001 2264
953.7325000000001 2424
954.2793750000001 2052
954.8262500000001 2584
955.3731250000001 2088
955.9200000000001 1464
956.4668750000001 1360
957.0137500000001 1588
957.5606250000001 1248
958.1075000000001 1688
958.6543750000001 1912
959.2012500000001 1620
959.7481250000001 1720
960.2950000000001 2756
960.8418750000001 2040
961.3887500000001 1964
961.9356250000001 1780
962.4825000000001 2436
963.0293750000001 1760
963.5762500000001 1672
964.1231250000001 2252
964.6700000000001 1492
965.2168750000001 3320
965.7637500000001 1456
966.3106250000001 2292
966.8575000000001 1304
967.4043750000001 1640
967.9512500000001 1588
968.4981250000001 2200
969.0450000000001 2452
969.5918750000001 2448
970.1387500000001 3028
970.6856250000001 2256
971.2325000000001 1576
971.7793750000001 1904
972.3262500000001 1348
972.8731250000001 1924
973.4200000000001 1700
973.9668750000001 2704
974.5137500000001 1744
975.0606250000001 2020
975.6075000000001 2528
976.1543750000001 2168
976.7012500000001 2664
977.2481250000001 1772
977.7950000000001 1752
978.3418750000001 1728
978.8887500000001 1732
979.4356250000001 1720
979.9825000000001 1880
980.5293750000001 1624
981.0762500000001 1520
981.6231250000001 2068
982.1700000000001 1400
982.7168750000001 2172
983.2637500000001 2248
983.8106250000001 1580
984.3575000000001 1844
984.9043750000001 1732
985.4512500000001 1596
985.9981250000001 1576
986.5450000000001 1960
987.0918750000001 1748
987.6387500000001 1872
988.1856250000001 2380
988.7325000000001 1640
989.2793750000001 2360
989.8262500000001 2296
990.3731250000001 1508
990.9200000000001 1292
991.4668750000001 2336
992.0137500000001 1724
992.5606250000001 1672
993.1075000000001 2384
993.6543750000001 1924
994.2012500000001 1504
994.7481250000001 2412
995.2950000000001 1660
995.8418750000001 2280
996.3887500000001 1400
996.9356250000001 1916
997.4825000000001 1728
998.0293750000001 1972
998.5762500000001 1848
999.1231250000001 1476
999.6700000000001 1640
1000.2168750000001 1816
1000.7637500000001 1728
1001.3106250000001 1800
1001.8575000000001 2108
1002.4043750000001 2964
1002.9512500000001 2000
1003.4981250000001 1672
1004.0450000000001 1368
1004.5918750000001 2816
1005.1387500000001 2312
1005.6856250000001 1416
1006.2325000000001 1744
1006.7793750000001 1616
1007.3262500000001 2712
1007.8731250000001 1604
1008.4200000000001 1520
1008.9668750000001 2560
1009.5137500000001 1716
1010.0606250000001 1568
1010.6075000000001 1968
1011.1543750000001 2160
1011.7012500000001 2576
1012.2481250000001 1920
1012.7950000000001 1500
1013.3418750000001 1652
1013.8887500000001 2516
1014.4356250000001 1772
1014.9825000000001 1696
1015.5293750000001 2316
1016.0762500000001 2604
1016.6231250000001 2316
1017.1700000000001 1648
1017.7168750000001 2280
1018.2637500000001 2016
1018.8106250000001 1852
1019.3575000000001 1412
1019.9043750000001 2340
1020.4512500000001 1724
1020.9981250000001 1880
1021.5450000000001 1524
1022.0918750000001 2172
1022.6387500000001 2088
1023.1856250000001 1564
1023.7325000000001 1936
1024.279375 2168
1024.82625 1516
1025.373125 2648
1025.92 1664
1026.466875 1496
1027.01375 1648
1027.560625 2004
1028.1075 1596
1028.654375 1516
1029.20125 1292
1029.748125 1744
1030.295 1484
1030.841875 1500
1031.38875 1296
1031.935625 1732
1032.4825 1720
1033.029375 2316
1033.57625 1592
1034.123125 1740
1034.67 2448
1035.216875 2024
1035.76375 2628
1036.310625 2052
1036.8575 2220
1037.404375 2672
1037.95125 2356
1038.498125 2456
1039.045 2428
1039.591875 1616
1040.13875 1928
1040.685625 2108
1041.2325 3092
1041.779375 2004
1042.32625 1908
1042.873125 1948
1043.42 1992
1043.966875 1740
1044.51375 1872
1045.060625 2048
1045.6075 1508
1046.154375 2152
1046.70125 2324
1047.248125 1768
1047.795 1552
1048.341875 2112
1048.88875 1584
1049.435625 1744
1049.9825 1740
1050.529375 1416
1051.07625 2188
1051.623125 2508
1052.17 1152
1052.716875 1704
1053.26375 1504
1053.810625 3024
1054.3575 1992
1054.904375 1888
1055.45125 2044
1055.998125 1972
1056.545 2092
1057.091875 1408
1057.63875 1712
1058.185625 2044
1058.7325 2268
1059.279375 1968
1059.82625 1688
1060.373125 2488
1060.92 1784
1061.466875 2172
1062.01375 1620
1062.560625 3080
1063.1075 2728
1063.654375 1628
1064.20125 2276
1064.748125 1496
1065.295 1900
1065.841875 1804
1066.38875 2044
1066.935625 1788
1067.4825 1916
1068.029375 2080
1068.57625 1988
1069.123125 2240
1069.67 2180
1070.216875 1112
1070.76375 2252
1071.310625 2472
1071.8575 2724
1072.404375 1916
1072.95125 1688
1073.498125 2964
1074.045 2024
1074.591875 1912
1075.13875 1952
1075.685625 3116
1076.2325 1584
1076.779375 2496
1077.32625 2552
1077.873125 2100
1078.42 1900
1078.966875 1732
1079.51375 2580
1080.060625 1772
1080.6075 1356
1081.154375 1684
1081.70125 1416
1082.248125 2468
1082.795 2584
1083.341875 1336
1083.88875 2384
1084.435625 2600
1084.9825 1768
1085.529375 1868
1086.07625 2012
1086.623125 1768
1087.17 2224
1087.716875 1380
1088.26375 1448
1088.810625 2404
1089.3575 2388
1089.904375 2248
1090.45125 1840
1090.998125 1352
1091.545 1604
1092.091875 1280
1092.63875 2608
1093.185625 2012
1093.7325 1268
1094.279375 2236
1094.82625 1852
1095.373125 1576
1095.92 2116
1096.466875 1696
1097.01375 1516
1097.560625 1784
1098.1075 1980
1098.654375 1388
1099.20125 1852
1099.748125 1480
1100.295 1956
1100.841875 1796
1101.38875 1968
1101.935625 2156
1102.4825 1840
1103.029375 2300
1103.57625 1828
1104.123125 1680
1104.67 2340
1105.216875 2356
1105.76375 1984
1106.310625 1688
1106.8575 2336
1107.404375 1976
1107.95125 2112
1108.498125 1916
1109.045 2156
1109.591875 2592
1110.13875 1880
1110.685625 1964
1111.2325 2068
1111.779375 2932
1112.32625 1716
1112.873125 2236
1113.42 2204
1113.966875 2276
1114.51375 1588
1115.060625 2020
1115.6075 1560
1116.154375 1748
1116.70125 2268
1117.248125 3896
1117.795 1856
1118.341875 1876
1118.88875 1304
1119.435625 1892
1119.9825 2868
1120.529375 1596
1121.07625 1328
1121.623125 1652
1122.17 2532
1122.716875 1816
1123.26375 1892
1123.810625 2860
1124.3575 2124
1124.904375 1628
1125.45125 1484
1125.998125 2196
1126.545 1272
1127.091875 1692
1127.63875 1892
1128.185625 1916
1128.7325 2320
1129.279375 2336
1129.82625 2000
1130.373125 1828
1130.92 2920
1131.466875 2672
1132.01375 2344
1132.560625 1892
1133.1075 2448
1133.654375 2436
1134.20125 2076
1134.748125 2236
1135.295 2700
1135.841875 1732
1136.38875 1500
1136.935625 1816
1137.4825 1488
1138.029375 2812
1138.57625 2080
1139.123125 1668
1139.67 1804
1140.216875 1792
1140.76375 1764
1141.310625 1968
1141.8575 1860
1142.404375 2116
1142.95125 1676
1143.498125 1752
1144.045 2268
1144.591875 2416
1145.13875 1832
1145.685625 2516
1146.2325 2012
1146.779375 1716
1147.32625 2908
1147.873125 2288
1148.42 2448
1148.966875 1552
1149.51375 2180
1150.060625 2460
1150.6075 2284
1151.154375 1812
1151.70125 1512
1152.248125 1612
1152.795 1252
1153.341875 2076
1153.88875 2340
1154.435625 2364
1154.9825 1876
1155.529375 2104
1156.07625 1872
1156.623125 1424
1157.17 1636
1157.716875 2060
1158.26375 1448
1158.810625 1484
1159.3575 2104
1159.904375 2012
1160.45125 1924
1160.998125 2024
1161.545 2120
1162.091875 1452
1162.63875 2644
1163.185625 1988
1163.7325 2808
1164.279375 1688
1164.82625 1800
1165.373125 1812
1165.92 1612
1166.466875 2536
1167.01375 1608
1167.560625 1760
1168.1075 1928
1168.654375 2944
1169.20125 1564
1169.748125 2004
1170.295 1584
1170.841875 1456
1171.38875 1732
1171.935625 1572
1172.4825 2412
1173.029375 1632
1173.57625 1740
1174.123125 2712
1174.67 2376
1175.216875 2748
1175.76375 1780
1176.310625 2448
1176.8575 1904
1177.404375 2136
1177.95125 2744
1178.498125 2000
1179.045 2096
1179.591875 1712
1180.13875 1688
1180.685625 2868
1181.2325 1472
1181.779375 2384
1182.32625 1612
1182.873125 1808
1183.42 1660
1183.966875 1636
1184.51375 2264
1185.060625 1604
1185.6075 2024
1186.154375 2036
1186.70125 1376
1187.248125 2356
1187.795 1532
1188.341875 2400
1188.88875 1724
1189.435625 1744
1189.9825 1964
1190.529375 2132
1191.07625 1868
1191.623125 2452
1192.17 1872
1192.716875 1640
1193.26375 2036
1193.810625 1708
1194.3575 1268
1194.904375 2092
1195.45125 2084
1195.998125 2220
1196.545 1748
1197.091875 1496
1197.63875 1588
1198.185625 1852
1198.7325 2216
1199.279375 1472
1199.82625 2504
1200.373125 2304
1200.92 2612
1201.466875 1928
1202.01375 2268
1202.560625 1716
1203.1075 1780
1203.654375 2012
1204.20125 1424
1204.748125 1868
1205.295 2032
1205.841875 1936
1206.38875 1740
1206.935625 1704
1207.4825 2188
1208.029375 2092
1208.57625 1556
1209.123125 1324
1209.67 2140
1210.216875 2496
1210.76375 2256
1211.310625 2888
1211.8575 2212
1212.404375 1720
1212.95125 2104
1213.498125 1408
1214.045 1756
1214.591875 1752
1215.13875 2092
1215.685625 2172
1216.2325 1832
1216.779375 2316
1217.32625 2636
1217.873125 2232
1218.42 2308
1218.966875 2248
1219.51375 1632
1220.060625 2140
1220.6075 2004
1221.154375 1664
1221.70125 2140
1222.248125 1600
1222.795 2140
1223.341875 1876
1223.88875 2284
1224.435625 2136
1224.9825 2108
1225.529375 2656
1226.07625 1796
1226.623125 2252
1227.17 2456
1227.716875 2152
1228.26375 2468
1228.810625 2244
1229.3575 2272
1229.904375 2864
1230.45125 2220
1230.998125 2032
1231.545 2432
1232.091875 1836
1232.63875 1928
1233.185625 1824
1233.7325 3152
1234.279375 1876
1234.82625 1904
1235.373125 1904
1235.92 2100
1236.466875 2504
1237.01375 1576
1237.560625 1708
1238.1075 1836
1238.654375 2480
1239.20125 2224
1239.748125 2064
1240.295 1748
1240.841875 1736
1241.38875 1980
1241.935625 1708
1242.4825 2328
1243.029375 2344
1243.57625 1468
1244.123125 1940
1244.67 2900
1245.216875 1884
1245.76375 2456
1246.310625 2436
1246.8575 1856
1247.404375 1672
1247.95125 2424
1248.498125 2676
1249.045 2628
1249.591875 1968
1250.13875 1824
1250.685625 1724
1251.2325 1988
1251.779375 2356
1252.32625 2000
1252.873125 2468
1253.42 2044
1253.966875 1736
1254.51375 2072
1255.060625 2476
1255.6075 1436
1256.154375 1756
1256.70125 1480
1257.248125 1900
1257.795 2328
1258.341875 2800
1258.88875 2464
1259.435625 1952
1259.9825 1728
1260.529375 2556
1261.07625 2132
1261.623125 2364
1262.17 2228
1262.716875 1604
1263.26375 2564
1263.810625 2832
1264.3575 2696
1264.904375 1908
1265.45125 1740
1265.998125 1692
1266.545 1816
1267.091875 2068
1267.63875 2420
1268.185625 1752
1268.7325 2308
1269.279375 3280
1269.82625 2456
1270.373125 1860
1270.92 1664
1271.466875 2668
1272.01375 2032
1272.560625 1956
1273.1075 1728
1273.654375 1784
1274.20125 2348
1274.748125 1800
1275.295 1900
1275.841875 1960
1276.38875 2524
1276.935625 2328
1277.4825 1488
1278.029375 2324
1278.57625 2536
1279.123125 2136
1279.67 2024
1280.216875 1636
1280.76375 1896
1281.310625 1884
1281.8575 1988
1282.404375 1916
1282.95125 2056
1283.498125 1884
1284.045 2152
1284.591875 2196
1285.13875 1948
1285.685625 1984
1286.2325 1888
1286.779375 1688
1287.32625 2216
1287.873125 1684
1288.42 2120
1288.966875 1816
1289.51375 3112
1290.060625 1372
1290.6075 3316
1291.154375 2300
1291.70125 2380
1292.248125 2068
1292.795 2308
1293.341875 3000
1293.88875 2356
1294.435625 1932
1294.9825 2020
1295.529375 1932
1296.07625 1908
1296.623125 2056
1297.17 2400
1297.716875 2988
1298.26375 2748
1298.810625 2188
1299.3575 2808
1299.904375 2000
1300.45125 1652
1300.998125 2128
1301.545 2444
1302.091875 1812
1302.63875 2272
1303.185625 2100
1303.7325 1952
1304.279375 2216
1304.82625 2616
1305.373125 2388
1305.92 2548
1306.466875 2656
1307.01375 2508
1307.560625 2040
1308.1075 3124
1308.654375 2444
1309.20125 2396
1309.748125 2612
1310.295 1628
1310.841875 2148
1311.38875 2700
1311.935625 3164
1312.4825 2088
1313.029375 1924
1313.57625 2536
1314.123125 2556
1314.67 2300
1315.216875 2124
1315.76375 1796
1316.310625 2024
1316.8575 1848
1317.404375 2844
1317.95125 2536
1318.498125 2196
1319.045 2784
1319.591875 2232
1320.13875 1964
1320.685625 2112
1321.2325 2844
1321.779375 2232
1322.32625 2076
1322.873125 2112
1323.42 2500
1323.966875 2008
1324.51375 1888
1325.060625 2488
1325.6075 2060
1326.154375 2416
1326.70125 2752
1327.248125 1916
1327.795 2844
1328.341875 2444
1328.88875 2288
1329.435625 2068
1329.9825 2432
1330.529375 2324
1331.07625 2092
1331.623125 3068
1332.17 1864
1332.716875 1924
1333.26375 1872
1333.810625 2452
1334.3575 2632
1334.904375 2628
1335.45125 2300
1335.998125 3092
1336.545 2708
1337.091875 2316
1337.63875 2452
1338.185625 2216
1338.7325 2188
1339.279375 2576
1339.82625 2476
1340.373125 1896
1340.92 2824
1341.466875 2012
1342.01375 2412
1342.560625 2684
1343.1075 2584
1343.654375 2516
1344.20125 2524
1344.748125 2804
1345.295 3204
1345.841875 2244
1346.38875 2500
1346.935625 2180
1347.4825 2784
1348.029375 2540
1348.57625 2592
1349.123125 2580
1349.67 2548
1350.216875 3100
1350.76375 2528
1351.310625 2648
1351.8575 2300
1352.404375 3072
1352.95125 2600
1353.498125 2312
1354.045 3588
1354.591875 2952
1355.13875 2512
1355.685625 2608
1356.2325 2380
1356.779375 3008
1357.32625 3040
1357.873125 2992
1358.42 2764
1358.966875 3264
1359.51375 2936
1360.060625 3084
1360.6075 3388
1361.154375 2716
1361.70125 2868
1362.248125 2480
1362.795 2920
1363.341875 3180
1363.88875 2676
1364.435625 2932
1364.9825 3636
1365.529375 3048
1366.07625 3556
1366.623125 3132
1367.17 3196
1367.716875 2812
1368.26375 2748
1368.810625 2824
1369.3575 3484
1369.904375 3452
1370.45125 3188
1370.998125 2948
1371.545 3320
1372.091875 4892
1372.63875 3232
1373.185625 3924
1373.7325 3084
1374.279375 2996
1374.82625 3092
1375.373125 3680
1375.92 3672
1376.466875 3240
1377.01375 3228
1377.560625 3740
1378.1075 3732
1378.654375 3636
1379.20125 3380
1379.748125 3524
1380.295 3372
1380.841875 3764
1381.38875 3380
1381.935625 3304
1382.4825 3956
1383.029375 2784
1383.57625 3732
1384.123125 3324
1384.67 3588
1385.216875 3644
1385.76375 3252
1386.310625 3692
1386.8575 3904
1387.404375 3660
1387.95125 3972
1388.498125 2948
1389.045 3756
1389.591875 3432
1390.13875 3940
1390.685625 2992
1391.2325 4248
1391.779375 3364
1392.32625 3800
1392.873125 3860
1393.42 3612
1393.966875 3708
1394.51375 3332
1395.060625 4908
1395.6075 4268
1396.154375 3152
1396.70125 3228
1397.248125 3604
1397.795 3860
1398.341875 2988
1398.88875 3712
1399.435625 3492
1399.9825 3684
1400.529375 3192
1401.07625 3752
1401.623125 4208
1402.17 3576
1402.716875 3488
1403.26375 4220
1403.810625 3480
1404.3575 3680
1404.904375 3768
1405.45125 3956
1405.998125 3756
1406.545 3940
1407.091875 3604
1407.63875 3680
1408.185625 4976
1408.7325 3836
1409.279375 4240
1409.82625 3572
1410.373125 3872
1410.92 4752
1411.466875 4360
1412.01375 3768
1412.560625 4832
1413.1075 4684
1413.654375 3880
1414.20125 5096
1414.748125 4304
1415.295 4404
1415.841875 5280
1416.38875 4628
1416.935625 5916
1417.4825 5636
1418.029375 5124
1418.57625 5928
1419.123125 5556
