299.67 2256
300.216875 2008
300.76375 2232
301.310625 3212
301.8575 2264
302.404375 2500
302.95125 1640
303.498125 1992
304.045 1568
304.591875 2184
305.13875 2572
305.685625 2208
306.2325 2504
306.779375 3064
307.32625 2888
307.873125 2752
308.42 3124
308.966875 2216
309.51375 2188
310.060625 1712
310.6075 2100
311.154375 2256
311.70125 2132
312.248125 2300
312.795 3620
313.341875 1808
313.88875 3700
314.435625 1956
314.9825 2804
315.529375 1360
316.07625 1564
316.623125 2620
317.17 1692
317.716875 2296
318.26375 2276
318.810625 2084
319.3575 1720
319.904375 1456
320.45125 1756
320.998125 2236
321.545 1528
322.091875 2144
322.63875 2016
323.185625 1784
323.7325 1568
324.279375 2836
324.82625 2216
325.373125 2284
325.92 1904
326.466875 2132
327.01375 2132
327.560625 3260
328.1075 1932
328.654375 2200
329.20125 1988
329.748125 1776
330.295 1740
330.841875 2092
331.38875 1540
331.935625 1652
332.4825 2572
333.029375 1692
333.57625 2340
334.123125 1712
334.67 2140
335.216875 2960
335.76375 1932
336.310625 2168
336.8575 1840
337.404375 1456
337.95125 1960
338.498125 2632
339.045 2920
339.591875 1596
340.13875 2032
340.685625 1720
341.2325 2332
341.779375 1864
342.32625 1292
342.873125 2988
343.42 2404
343.966875 1720
344.51375 2252
345.060625 2724
345.6075 2044
346.154375 2208
346.70125 2388
347.248125 2220
347.795 1584
348.341875 3340
348.88875 2200
349.435625 2124
349.9825 1476
350.529375 1760
351.07625 1920
351.623125 1848
352.17 1632
352.716875 1796
353.26375 2628
353.810625 1332
354.3575 1940
354.904375 1472
355.45125 2308
355.998125 1964
356.545 1464
357.091875 2804
357.63875 1540
358.185625 1812
358.7325 2024
359.279375 1604
359.82625 1928
360.373125 1844
360.92 1340
361.466875 2004
362.01375 2004
362.560625 2376
363.1075 1672
363.654375 1508
364.20125 2684
364.748125 2216
365.295 1768
365.841875 1640
366.38875 1324
366.935625 2016
367.4825 1784
368.029375 1444
368.57625 2172
369.123125 2048
369.67 2068
370.216875 1912
370.76375 1944
371.310625 1876
371.8575 1900
372.404375 1948
372.95125 3336
373.498125 2376
374.045 2268
374.591875 1960
375.13875 2384
375.685625 1516
376.2325 1652
376.779375 1976
377.32625 2988
377.873125 2300
378.42 2056
378.966875 2564
379.51375 1468
380.060625 1808
380.6075 2384
381.154375 2256
381.70125 1796
382.248125 2472
382.795 2292
383.341875 1744
383.88875 2352
384.435625 1940
384.9825 1908
385.529375 2604
386.07625 2424
386.623125 1940
387.17 1844
387.716875 1636
388.26375 1900
388.810625 2916
389.3575 1468
389.904375 1808
390.45125 1728
390.998125 1144
391.545 1800
392.091875 1724
392.63875 2236
393.185625 3052
393.7325 1808
394.279375 2556
394.82625 1196
395.373125 1776
395.92 1504
396.466875 3008
397.01375 2028
397.560625 1804
398.1075 1608
398.654375 1368
399.20125 1796
399.748125 2828
400.295 2104
400.841875 1388
401.38875 2476
401.935625 3000
402.4825 1876
403.029375 1672
403.57625 2032
404.123125 1788
404.67 2764
405.216875 2564
405.76375 2284
406.310625 1912
406.8575 1756
407.404375 2088
407.95125 1760
408.498125 3068
409.045 2296
409.591875 2024
410.13875 2252
410.685625 1492
411.2325 1868
411.779375 1688
412.32625 1564
412.873125 1616
413.42 1884
413.966875 2408
414.51375 1636
415.060625 2272
415.6075 2076
416.154375 1472
416.70125 1856
417.248125 2392
417.795 1804
418.341875 1952
418.88875 2408
419.435625 1364
419.9825 2372
420.529375 1872
421.07625 2144
421.623125 1756
422.17 2696
422.716875 1812
423.26375 1576
423.810625 2648
424.3575 2116
424.904375 1596
425.45125 2052
425.998125 1796
426.545 1712
427.091875 2068
427.63875 1640
428.185625 2288
428.7325 2032
429.279375 1892
429.82625 1600
430.373125 2572
430.92 1476
431.466875 3036
432.01375 2824
432.560625 2528
433.1075 1552
433.654375 1876
434.20125 1580
434.748125 1388
435.295 1836
435.841875 1448
436.38875 1688
436.935625 2232
437.4825 2416
438.029375 1740
438.57625 2000
439.123125 1496
439.67 2284
440.216875 1416
440.76375 1536
441.310625 1508
441.8575 2100
442.404375 2564
442.95125 1680
443.498125 1304
444.045 1508
444.591875 2392
445.13875 1812
445.685625 1312
446.2325 3400
446.779375 2420
447.32625 2360
447.873125 4580
448.42 1772
448.966875 3196
449.51375 1524
450.060625 1704
450.6075 1268
451.154375 1488
451.70125 1892
452.248125 1656
452.795 1184
453.341875 2552
453.88875 2340
454.435625 2188
454.9825 1804
455.529375 1600
456.07625 1380
456.623125 1356
457.17 1756
457.716875 1832
458.26375 1700
458.810625 1692
459.3575 2200
459.904375 2748
460.45125 1616
460.998125 1372
461.545 1556
462.091875 4280
462.63875 2172
463.185625 1924
463.7325 1932
464.279375 1764
464.82625 2228
465.373125 1516
465.92 1952
466.466875 1632
467.01375 1604
467.560625 1548
468.1075 2212
468.654375 1600
469.20125 1608
469.748125 1544
470.295 1768
470.841875 1712
471.38875 1268
471.935625 2204
472.4825 2400
473.029375 1672
473.57625 2088
474.123125 2060
474.67 1648
475.216875 2568
475.76375 1384
476.310625 2080
476.8575 2436
477.404375 1916
477.95125 1700
478.498125 1432
479.045 3812
479.591875 1796
480.13875 2172
480.685625 2052
481.2325 1836
481.779375 2076
482.32625 1732
482.873125 1976
483.42 1972
483.966875 1800
484.51375 1144
485.060625 1368
485.6075 1756
486.154375 1768
486.70125 1252
487.248125 1916
487.795 2988
488.341875 2120
488.88875 1672
489.435625 2276
489.9825 1640
490.529375 1712
491.07625 1756
491.623125 1596
492.17 1572
492.716875 1636
493.26375 2128
493.810625 1576
494.3575 1712
494.904375 1376
495.45125 1708
495.998125 1516
496.545 1924
497.091875 2080
497.63875 1780
498.185625 1636
498.7325 1128
499.279375 1756
499.82625 2356
500.373125 1840
500.92 2480
501.466875 2900
502.01375 1356
502.560625 2160
503.1075 1856
503.654375 1884
504.20125 1488
504.748125 1596
505.295 1944
505.841875 1848
506.38875 2512
506.935625 1616
507.4825 2120
508.029375 1244
508.57625 1568
509.123125 1804
509.67 2056
510.216875 2568
510.76375 1400
511.310625 1736
511.8575 1140
512.4043750000001 2220
512.9512500000001 1360
513.4981250000001 1200
514.0450000000001 1820
514.5918750000001 2004
515.1387500000001 1956
515.6856250000001 1736
516.2325000000001 1728
516.7793750000001 1504
517.3262500000001 1428
517.8731250000001 1780
518.4200000000001 1480
518.9668750000001 1968
519.5137500000001 2296
520.0606250000001 1900
520.6075000000001 2164
521.1543750000001 1736
521.7012500000001 1340
522.2481250000001 2132
522.7950000000001 1572
523.3418750000001 1720
523.8887500000001 1264
524.4356250000001 1196
524.9825000000001 2220
525.5293750000001 2016
526.0762500000001 1388
526.6231250000001 1868
527.1700000000001 2016
527.7168750000001 1632
528.2637500000001 1508
528.8106250000001 2112
529.3575000000001 1800
529.9043750000001 1576
530.4512500000001 1576
530.9981250000001 1520
531.5450000000001 2088
532.0918750000001 1876
532.6387500000001 2128
533.1856250000001 1680
533.7325000000001 1792
534.2793750000001 2100
534.8262500000001 1724
535.3731250000001 1528
535.9200000000001 1948
536.4668750000001 2440
537.0137500000001 1796
537.5606250000001 2308
538.1075000000001 1860
538.6543750000001 1540
539.2012500000001 2608
539.7481250000001 1604
540.2950000000001 2036
540.8418750000001 2148
541.3887500000001 1596
541.9356250000001 2180
542.4825000000001 1444
543.0293750000001 2316
543.5762500000001 2476
544.1231250000001 1792
544.6700000000001 1296
545.2168750000001 2024
545.7637500000001 1988
546.3106250000001 2080
546.8575000000001 2432
547.4043750000001 1996
547.9512500000001 1916
548.4981250000001 1844
549.0450000000001 2172
549.5918750000001 1468
550.1387500000001 1808
550.6856250000001 1540
551.2325000000001 2680
551.7793750000001 2012
552.3262500000001 2264
552.8731250000001 2540
553.4200000000001 1548
553.9668750000001 2296
554.5137500000001 1808
555.0606250000001 1512
555.6075000000001 2064
556.1543750000001 2332
556.7012500000001 1380
557.2481250000001 2496
557.7950000000001 2028
558.3418750000001 1720
558.8887500000001 1464
559.4356250000001 1884
559.9825000000001 1556
560.5293750000001 1312
561.0762500000001 3104
561.6231250000001 2608
562.1700000000001 2100
562.7168750000001 2812
563.2637500000001 1716
563.8106250000001 2196
564.3575000000001 1624
564.9043750000001 2716
565.4512500000001 1928
565.9981250000001 2140
566.5450000000001 1264
567.0918750000001 2216
567.6387500000001 1616
568.1856250000001 1684
568.7325000000001 1524
569.2793750000001 2640
569.8262500000001 1940
570.3731250000001 1592
570.9200000000001 1560
571.4668750000001 1824
572.0137500000001 1828
572.5606250000001 2132
573.1075000000001 2056
573.6543750000001 1380
574.2012500000001 1704
574.7481250000001 1664
575.2950000000001 2396
575.8418750000001 2016
576.3887500000001 1784
576.9356250000001 1384
577.4825000000001 2476
578.0293750000001 1728
578.5762500000001 1816
579.1231250000001 1312
579.6700000000001 1396
580.2168750000001 2048
580.7637500000001 1676
581.3106250000001 1504
581.8575000000001 2180
582.4043750000001 1592
582.9512500000001 1896
583.4981250000001 2384
584.0450000000001 1800
584.5918750000001 2232
585.1387500000001 2384
585.6856250000001 1756
586.2325000000001 1948
586.7793750000001 1972
587.3262500000001 2580
587.8731250000001 1872
588.4200000000001 1756
588.9668750000001 2152
589.5137500000001 1364
590.0606250000001 1844
590.6075000000001 1704
591.1543750000001 1688
591.7012500000001 1524
592.2481250000001 1860
592.7950000000001 1920
593.3418750000001 2088
593.8887500000001 2116
594.4356250000001 1380
594.9825000000001 3208
595.5293750000001 1820
596.0762500000001 1580
596.6231250000001 1812
597.1700000000001 2196
597.7168750000001 2428
598.2637500000001 1808
598.8106250000001 2320
599.3575000000001 1304
599.9043750000001 1428
600.4512500000001 1644
600.9981250000001 1360
601.5450000000001 1728
602.0918750000001 1380
602.6387500000001 2196
603.1856250000001 1996
603.7325000000001 1664
604.2793750000001 1916
604.8262500000001 1632
605.3731250000001 1240
605.9200000000001 1232
606.4668750000001 2104
607.0137500000001 1732
607.5606250000001 1748
608.1075000000001 2468
608.6543750000001 1800
609.2012500000001 1272
609.7481250000001 2152
610.2950000000001 1328
610.8418750000001 1948
611.3887500000001 1836
611.9356250000001 2160
612.4825000000001 1900
613.0293750000001 2184
613.5762500000001 1656
614.1231250000001 1736
614.6700000000001 3436
615.2168750000001 2244
615.7637500000001 1924
616.3106250000001 1852
616.8575000000001 2072
617.4043750000001 1596
617.9512500000001 2192
618.4981250000001 1848
619.0450000000001 2292
619.5918750000001 1676
620.1387500000001 1588
620.6856250000001 2528
621.2325000000001 1792
621.7793750000001 1796
622.3262500000001 2708
622.8731250000001 1840
623.4200000000001 3704
623.9668750000001 2032
624.5137500000001 1520
625.0606250000001 2124
625.6075000000001 1704
626.1543750000001 1756
626.7012500000001 1360
627.2481250000001 1472
627.7950000000001 1816
628.3418750000001 1804
628.8887500000001 1936
629.4356250000001 2752
629.9825000000001 1932
630.5293750000001 2512
631.0762500000001 1652
631.6231250000001 1788
632.1700000000001 1944
632.7168750000001 1600
633.2637500000001 2312
633.8106250000001 1656
634.3575000000001 1856
634.9043750000001 2260
635.4512500000001 1816
635.9981250000001 2456
636.5450000000001 2072
637.0918750000001 1556
637.6387500000001 1852
638.1856250000001 2424
638.7325000000001 2236
639.2793750000001 1816
639.8262500000001 2496
640.3731250000001 2212
640.9200000000001 1472
641.4668750000001 2020
642.0137500000001 2288
642.5606250000001 2072
643.1075000000001 1788
643.6543750000001 1356
644.2012500000001 1928
644.7481250000001 1988
645.2950000000001 2300
645.8418750000001 2092
646.3887500000001 2128
646.9356250000001 2384
647.4825000000001 1800
648.0293750000001 1524
648.5762500000001 1640
649.1231250000001 1824
649.6700000000001 1944
650.2168750000001 1864
650.7637500000001 1876
651.3106250000001 1840
651.8575000000001 2020
652.4043750000001 1424
652.9512500000001 1860
653.4981250000001 1188
654.0450000000001 1500
654.5918750000001 2292
655.1387500000001 1988
655.6856250000001 3056
656.2325000000001 2292
656.7793750000001 2276
657.3262500000001 2260
657.8731250000001 2248
658.4200000000001 2232
658.9668750000001 1916
659.5137500000001 1916
660.0606250000001 1736
660.6075000000001 1812
661.1543750000001 2200
661.7012500000001 2044
662.2481250000001 2172
662.7950000000001 2096
663.3418750000001 1384
663.8887500000001 1844
664.4356250000001 1752
664.9825000000001 1304
665.5293750000001 1212
666.0762500000001 1960
666.6231250000001 2044
667.1700000000001 2068
667.7168750000001 2320
668.2637500000001 2380
668.8106250000001 1504
669.3575000000001 2072
669.9043750000001 1760
670.4512500000001 2512
670.9981250000001 1668
671.5450000000001 2056
672.0918750000001 1992
672.6387500000001 1976
673.1856250000001 2120
673.7325000000001 2108
674.2793750000001 2524
674.8262500000001 3076
675.3731250000001 1544
675.9200000000001 2292
676.4668750000001 1780
677.0137500000001 2300
677.5606250000001 1596
678.1075000000001 1444
678.6543750000001 1640
679.2012500000001 1308
679.7481250000001 2336
680.2950000000001 1980
680.8418750000001 1924
681.3887500000001 1820
681.9356250000001 2092
682.4825000000001 2396
683.0293750000001 1688
683.5762500000001 1420
684.1231250000001 1848
684.6700000000001 2100
685.2168750000001 1708
685.7637500000001 2676
686.3106250000001 2132
686.8575000000001 1564
687.4043750000001 1724
687.9512500000001 1532
688.4981250000001 2208
689.0450000000001 2076
689.5918750000001 2024
690.1387500000001 1692
690.6856250000001 2768
691.2325000000001 1980
691.7793750000001 1588
692.3262500000001 1272
692.8731250000001 1884
693.4200000000001 1608
693.9668750000001 2388
694.5137500000001 1280
695.0606250000001 1952
695.6075000000001 1744
696.1543750000001 2520
696.7012500000001 1944
697.2481250000001 1808
697.7950000000001 2124
698.3418750000001 2444
698.8887500000001 1240
699.4356250000001 2348
699.9825000000001 2004
700.5293750000001 1612
701.0762500000001 2340
701.6231250000001 1984
702.1700000000001 1884
702.7168750000001 2252
703.2637500000001 1508
703.8106250000001 1916
704.3575000000001 2060
704.9043750000001 2420
705.4512500000001 2396
705.9981250000001 2236
706.5450000000001 1964
707.0918750000001 2212
707.6387500000001 1924
708.1856250000001 1748
708.7325000000001 1924
709.2793750000001 2136
709.8262500000001 3128
710.3731250000001 1792
710.9200000000001 1560
711.4668750000001 1900
712.0137500000001 1904
712.5606250000001 1532
713.1075000000001 1528
713.6543750000001 2224
714.2012500000001 1908
714.7481250000001 2344
715.2950000000001 1616
715.8418750000001 1868
716.3887500000001 1848
716.9356250000001 1904
717.4825000000001 2412
718.0293750000001 1860
718.5762500000001 2156
719.1231250000001 2484
719.6700000000001 2264
720.2168750000001 1928
720.7637500000001 1984
721.3106250000001 1820
721.8575000000001 1332
722.4043750000001 2656
722.9512500000001 2224
723.4981250000001 1524
724.0450000000001 2200
724.5918750000001 1680
725.1387500000001 2048
725.6856250000001 2436
726.2325000000001 1996
726.7793750000001 2132
727.3262500000001 1784
727.8731250000001 2316
728.4200000000001 1412
728.9668750000001 4060
729.5137500000001 1564
730.0606250000001 2304
730.6075000000001 2248
731.1543750000001 1800
731.7012500000001 1588
732.2481250000001 1828
732.7950000000001 2260
733.3418750000001 2372
733.8887500000001 2208
734.4356250000001 1472
734.9825000000001 1780
735.5293750000001 1792
736.0762500000001 2120
736.6231250000001 2200
737.1700000000001 1712
737.7168750000001 2468
738.2637500000001 2508
738.8106250000001 1796
739.3575000000001 3124
739.9043750000001 1868
740.4512500000001 1676
740.9981250000001 1656
741.5450000000001 1656
742.0918750000001 1364
742.6387500000001 2148
743.1856250000001 1980
743.7325000000001 1896
744.2793750000001 1924
744.8262500000001 1916
745.3731250000001 2488
745.9200000000001 3432
746.4668750000001 2228
747.0137500000001 2396
747.5606250000001 1464
748.1075000000001 1464
748.6543750000001 1860
749.2012500000001 2144
749.7481250000001 1992
750.2950000000001 1448
750.8418750000001 1980
751.3887500000001 1660
751.9356250000001 2020
752.4825000000001 1636
753.0293750000001 1600
753.5762500000001 1560
754.1231250000001 1592
754.6700000000001 1720
755.2168750000001 2796
755.7637500000001 1656
756.3106250000001 1128
756.8575000000001 2436
757.4043750000001 2036
757.9512500000001 1408
758.4981250000001 1372
759.0450000000001 2140
759.5918750000001 2172
760.1387500000001 2196
760.6856250000001 1296
761.2325000000001 2880
761.7793750000001 1900
762.3262500000001 2480
762.8731250000001 2008
763.4200000000001 1608
763.9668750000001 2192
764.5137500000001 1896
765.0606250000001 1912
765.6075000000001 2108
766.1543750000001 1744
766.7012500000001 2184
767.2481250000001 1576
767.7950000000001 1908
768.3418750000001 1628
768.8887500000001 2116
769.4356250000001 2064
769.9825000000001 1360
770.5293750000001 1652
771.0762500000001 2176
771.6231250000001 2244
772.1700000000001 1872
772.7168750000001 2216
773.2637500000001 2316
773.8106250000001 1976
774.3575000000001 1448
774.9043750000001 1352
775.4512500000001 2308
775.9981250000001 1756
776.5450000000001 1784
777.0918750000001 1936
777.6387500000001 1680
778.1856250000001 1820
778.7325000000001 2160
779.2793750000001 1716
779.8262500000001 2056
780.3731250000001 1872
780.9200000000001 2192
781.4668750000001 2312
782.0137500000001 1464
782.5606250000001 1640
783.1075000000001 2232
783.6543750000001 2116
784.2012500000001 2036
784.7481250000001 1988
785.2950000000001 1388
785.8418750000001 1880
786.3887500000001 1472
786.9356250000001 1552
787.4825000000001 1884
788.0293750000001 2116
788.5762500000001 2440
789.1231250000001 1932
789.6700000000001 1768
790.2168750000001 2032
790.7637500000001 1772
791.3106250000001 1672
791.8575000000001 1212
792.4043750000001 2320
792.9512500000001 1296
793.4981250000001 2228
794.0450000000001 2016
794.5918750000001 1924
795.1387500000001 1752
795.6856250000001 1964
796.2325000000001 2488
796.7793750000001 1712
797.3262500000001 1548
797.8731250000001 2136
798.4200000000001 1700
798.9668750000001 1672
799.5137500000001 1636
800.0606250000001 1756
800.6075000000001 1776
801.1543750000001 1304
801.7012500000001 2428
802.2481250000001 1528
802.7950000000001 2276
803.3418750000001 1944
803.8887500000001 1212
804.4356250000001 1724
804.9825000000001 2428
805.5293750000001 2388
806.0762500000001 1700
806.6231250000001 1528
807.1700000000001 2168
807.7168750000001 1816
808.2637500000001 2536
808.8106250000001 2112
809.3575000000001 1924
809.9043750000001 1912
810.4512500000001 1580
810.9981250000001 2188
811.5450000000001 1984
812.0918750000001 3680
812.6387500000001 1764
813.1856250000001 1460
813.7325000000001 3048
814.2793750000001 2080
814.8262500000001 2036
815.3731250000001 2388
815.9200000000001 1988
816.4668750000001 2164
817.0137500000001 2188
817.5606250000001 1708
818.1075000000001 2408
818.6543750000001 2244
819.2012500000001 2140
819.7481250000001 1656
820.2950000000001 1928
820.8418750000001 1376
821.3887500000001 2324
821.9356250000001 1500
822.4825000000001 1864
823.0293750000001 2092
823.5762500000001 1852
824.1231250000001 1712
824.6700000000001 1716
825.2168750000001 1504
825.7637500000001 1276
826.3106250000001 2780
826.8575000000001 1748
827.4043750000001 1464
827.9512500000001 1380
828.4981250000001 1656
829.0450000000001 2144
829.5918750000001 1960
830.1387500000001 1784
830.6856250000001 2456
831.2325000000001 1980
831.7793750000001 2064
832.3262500000001 2740
832.8731250000001 1968
833.4200000000001 1436
833.9668750000001 1956
834.5137500000001 2344
835.0606250000001 2196
835.6075000000001 1428
836.1543750000001 2128
836.7012500000001 2372
837.2481250000001 1536
837.7950000000001 1636
838.3418750000001 2772
838.8887500000001 1844
839.4356250000001 2360
839.9825000000001 2344
840.5293750000001 1736
841.0762500000001 1172
841.6231250000001 1980
842.1700000000001 1248
842.7168750000001 1736
843.2637500000001 1788
843.8106250000001 1816
844.3575000000001 1644
844.9043750000001 1896
845.4512500000001 2608
845.9981250000001 1816
846.5450000000001 1196
847.0918750000001 1412
847.6387500000001 2944
848.1856250000001 1748
848.7325000000001 2512
849.2793750000001 1824
849.8262500000001 1520
850.3731250000001 1020
850.9200000000001 2440
851.4668750000001 1352
852.0137500000001 1492
852.5606250000001 1732
853.1075000000001 2720
853.6543750000001 2040
854.2012500000001 1464
854.7481250000001 1708
855.2950000000001 1520
855.8418750000001 1956
856.3887500000001 1516
856.9356250000001 1764
857.4825000000001 1332
858.0293750000001 2076
858.5762500000001 1704
859.1231250000001 1916
859.6700000000001 2980
860.2168750000001 2300
860.7637500000001 1560
861.3106250000001 1700
861.8575000000001 1944
862.4043750000001 1512
862.9512500000001 2332
863.4981250000001 1672
864.0450000000001 2144
864.5918750000001 2364
865.1387500000001 2040
865.6856250000001 7764
866.2325000000001 1356
866.7793750000001 1508
867.3262500000001 1296
867.8731250000001 2088
868.4200000000001 1564
868.9668750000001 2276
869.5137500000001 1612
870.0606250000001 1764
870.6075000000001 1448
871.1543750000001 1676
871.7012500000001 1884
872.2481250000001 1484
872.7950000000001 1284
873.3418750000001 2636
873.8887500000001 1992
874.4356250000001 2356
874.9825000000001 2568
875.5293750000001 1816
876.0762500000001 2044
876.6231250000001 1500
877.1700000000001 1888
877.7168750000001 1516
878.2637500000001 2308
878.8106250000001 1836
879.3575000000001 1852
879.9043750000001 1712
880.4512500000001 2340
880.9981250000001 2856
881.5450000000001 1516
882.0918750000001 2852
882.6387500000001 1636
883.1856250000001 2316
883.7325000000001 1360
884.2793750000001 1560
884.8262500000001 2356
885.3731250000001 1496
885.9200000000001 1952
886.4668750000001 1980
887.0137500000001 2356
887.5606250000001 1656
888.1075000000001 1716
888.6543750000001 1980
889.2012500000001 1620
889.7481250000001 1692
890.2950000000001 1652
890.8418750000001 1724
891.3887500000001 2076
891.9356250000001 2540
892.4825000000001 1852
893.0293750000001 1972
893.5762500000001 1716
894.1231250000001 2488
894.6700000000001 1520
895.2168750000001 1812
895.7637500000001 2164
896.3106250000001 2368
896.8575000000001 1724
897.4043750000001 1660
897.9512500000001 1884
898.4981250000001 1744
899.0450000000001 1976
899.5918750000001 1204
900.1387500000001 2184
900.6856250000001 1264
901.2325000000001 2300
901.7793750000001 1988
902.3262500000001 2004
902.8731250000001 1772
903.4200000000001 1932
903.9668750000001 1664
904.5137500000001 1800
905.0606250000001 1812
905.6075000000001 2672
906.1543750000001 2084
906.7012500000001 1372
907.2481250000001 1476
907.7950000000001 3040
908.3418750000001 1968
908.8887500000001 1832
909.4356250000001 1268
909.9825000000001 1904
910.5293750000001 2380
911.0762500000001 1856
911.6231250000001 2152
912.1700000000001 2092
912.7168750000001 2020
913.2637500000001 1896
913.8106250000001 2232
914.3575000000001 1420
914.9043750000001 1812
915.4512500000001 2840
915.9981250000001 1500
916.5450000000001 2384
917.0918750000001 2068
917.6387500000001 1756
918.1856250000001 2336
918.7325000000001 2132
919.2793750000001 1564
919.8262500000001 2272
920.3731250000001 1720
920.9200000000001 1312
921.4668750000001 2104
922.0137500000001 2184
922.5606250000001 1688
923.1075000000001 2400
923.6543750000001 1864
924.2012500000001 1652
924.7481250000001 1812
925.2950000000001 1708
925.8418750000001 1544
926.3887500000001 1976
926.9356250000001 2392
927.4825000000001 1384
928.0293750000001 1856
928.5762500000001 1920
929.1231250000001 1824
929.6700000000001 1128
930.2168750000001 1516
930.7637500000001 2532
931.3106250000001 2460
931.8575000000001 1820
932.4043750000001 1316
932.9512500000001 1652
933.4981250000001 1840
934.0450000000001 2116
934.5918750000001 1508
935.1387500000001 1776
935.6856250000001 2420
936.2325000000001 1872
936.7793750000001 1688
937.3262500000001 1732
937.8731250000001 1788
938.4200000000001 1076
938.9668750000001 1604
939.5137500000001 1412
940.0606250000001 2152
940.6075000000001 2112
941.1543750000001 1852
941.7012500000001 1568
942.2481250000001 1804
942.7950000000001 2012
943.3418750000001 1960
943.8887500000001 3572
944.4356250000001 1260
944.9825000000001 2028
945.5293750000001 1908
946.0762500000001 1764
946.6231250000001 1972
947.1700000000001 1620
947.7168750000001 2680
948.2637500000001 1560
948.8106250000001 1432
949.3575000000001 1628
949.9043750000001 1960
950.4512500000001 1676
950.9981250000001 1580
951.5450000000001 1468
952.0918750000001 3420
952.6387500000001 1240
953.1856250000001 2072
953.7325000000001 2428
954.2793750000001 1904
954.8262500000001 2568
955.3731250000001 2100
955.9200000000001 1628
956.4668750000001 1344
957.0137500000001 1528
957.5606250000001 1228
958.1075000000001 1624
958.6543750000001 1860
959.2012500000001 1664
959.7481250000001 1780
960.2950000000001 2776
960.8418750000001 1948
961.3887500000001 1792
961.9356250000001 1612
962.4825000000001 2176
963.0293750000001 1732
963.5762500000001 1560
964.1231250000001 2356
964.6700000000001 1492
965.2168750000001 3032
965.7637500000001 1380
966.3106250000001 2500
966.8575000000001 1428
967.4043750000001 1656
967.9512500000001 1508
968.4981250000001 2072
969.0450000000001 2248
969.5918750000001 2320
970.1387500000001 2936
970.6856250000001 2124
971.2325000000001 1480
971.7793750000001 1924
972.3262500000001 1516
972.8731250000001 2036
973.4200000000001 1688
973.9668750000001 2704
974.5137500000001 1892
975.0606250000001 2004
975.6075000000001 2504
976.1543750000001 2160
976.7012500000001 2664
977.2481250000001 1704
977.7950000000001 1724
978.3418750000001 1632
978.8887500000001 1560
979.4356250000001 1836
979.9825000000001 1896
980.5293750000001 1696
981.0762500000001 1408
981.6231250000001 2108
982.1700000000001 1432
982.7168750000001 2100
983.2637500000001 2300
983.8106250000001 1604
984.3575000000001 1776
984.9043750000001 1860
985.4512500000001 1596
985.9981250000001 1668
986.5450000000001 1776
987.0918750000001 1832
987.6387500000001 1744
988.1856250000001 2356
988.7325000000001 1612
989.2793750000001 2156
989.8262500000001 2392
990.3731250000001 1356
990.9200000000001 1436
991.4668750000001 2284
992.0137500000001 1756
992.5606250000001 1736
993.1075000000001 2432
993.6543750000001 1924
994.2012500000001 1408
994.7481250000001 2296
995.2950000000001 1560
995.8418750000001 2088
996.3887500000001 1460
996.9356250000001 2116
997.4825000000001 1812
998.0293750000001 1972
998.5762500000001 1856
999.1231250000001 1512
999.6700000000001 1660
1000.2168750000001 2008
1000.7637500000001 1764
1001.3106250000001 1848
1001.8575000000001 2076
1002.4043750000001 2728
1002.9512500000001 2008
1003.4981250000001 1860
1004.0450000000001 1396
1004.5918750000001 2848
1005.1387500000001 2304
1005.6856250000001 1400
1006.2325000000001 1764
1006.7793750000001 1548
1007.3262500000001 2736
1007.8731250000001 1676
1008.4200000000001 1512
1008.9668750000001 2536
1009.5137500000001 1728
1010.0606250000001 1680
1010.6075000000001 1908
1011.1543750000001 2004
1011.7012500000001 2504
1012.2481250000001 1788
1012.7950000000001 1428
1013.3418750000001 1564
1013.8887500000001 2404
1014.4356250000001 1860
1014.9825000000001 1904
1015.5293750000001 2416
1016.0762500000001 2724
1016.6231250000001 2184
1017.1700000000001 1644
1017.7168750000001 2232
1018.2637500000001 1976
1018.8106250000001 1932
1019.3575000000001 1444
1019.9043750000001 2208
1020.4512500000001 1804
1020.9981250000001 1840
1021.5450000000001 1524
1022.0918750000001 2028
1022.6387500000001 2136
1023.1856250000001 1476
1023.7325000000001 2068
1024.279375 2112
1024.82625 1684
1025.373125 2628
1025.92 1676
1026.466875 1516
1027.01375 1744
1027.560625 2076
1028.1075 1548
1028.654375 1584
1029.20125 1316
1029.748125 1768
1030.295 1464
1030.841875 1580
1031.38875 1232
1031.935625 1688
1032.4825 1724
1033.029375 2388
1033.57625 1704
1034.123125 1796
1034.67 2456
1035.216875 2076
1035.76375 2708
1036.310625 2000
1036.8575 2160
1037.404375 2580
1037.95125 2308
1038.498125 2592
1039.045 2368
1039.591875 1624
1040.13875 1844
1040.685625 2020
1041.2325 3084
1041.779375 2008
1042.32625 1892
1042.873125 1888
1043.42 2100
1043.966875 1736
1044.51375 2068
1045.060625 1884
1045.6075 1652
1046.154375 2164
1046.70125 2380
1047.248125 1652
1047.795 1588
1048.341875 2264
1048.88875 1692
1049.435625 1712
1049.9825 1676
1050.529375 1532
1051.07625 2128
1051.623125 2576
1052.17 1152
1052.716875 1668
1053.26375 1496
1053.810625 3052
1054.3575 1812
1054.904375 1768
1055.45125 1956
1055.998125 1896
1056.545 2108
1057.091875 1632
1057.63875 1632
1058.185625 2052
1058.7325 2360
1059.279375 1912
1059.82625 1640
1060.373125 2384
1060.92 1860
1061.466875 2196
1062.01375 1572
1062.560625 2924
1063.1075 2808
1063.654375 1772
1064.20125 2060
1064.748125 1444
1065.295 1972
1065.841875 2008
1066.38875 2116
1066.935625 1756
1067.4825 2056
1068.029375 2140
1068.57625 2068
1069.123125 2116
1069.67 2328
1070.216875 1216
1070.76375 2120
1071.310625 2328
1071.8575 2648
1072.404375 1892
1072.95125 1652
1073.498125 2772
1074.045 1968
1074.591875 2200
1075.13875 2028
1075.685625 3176
1076.2325 1480
1076.779375 2404
1077.32625 2496
1077.873125 2140
1078.42 1688
1078.966875 1760
1079.51375 2564
1080.060625 1824
1080.6075 1308
1081.154375 1572
1081.70125 1376
1082.248125 2416
1082.795 2580
1083.341875 1356
1083.88875 2412
1084.435625 2508
1084.9825 1856
1085.529375 1888
1086.07625 2164
1086.623125 1704
1087.17 2116
1087.716875 1364
1088.26375 1512
1088.810625 2268
1089.3575 2540
1089.904375 2320
1090.45125 1792
1090.998125 1444
1091.545 1596
1092.091875 1368
1092.63875 2868
1093.185625 2056
1093.7325 1228
1094.279375 2392
1094.82625 1912
1095.373125 1796
1095.92 2256
1096.466875 1852
1097.01375 1424
1097.560625 1660
1098.1075 2072
1098.654375 1288
1099.20125 1740
1099.748125 1484
1100.295 1960
1100.841875 1848
1101.38875 2072
1101.935625 2216
1102.4825 1864
1103.029375 2380
1103.57625 1660
1104.123125 1728
1104.67 2156
1105.216875 2140
1105.76375 1828
1106.310625 1684
1106.8575 2180
1107.404375 1956
1107.95125 2164
1108.498125 2072
1109.045 2168
1109.591875 2516
1110.13875 2100
1110.685625 1944
1111.2325 2084
1111.779375 2976
1112.32625 1696
1112.873125 2160
1113.42 2216
1113.966875 2212
1114.51375 1616
1115.060625 2064
1115.6075 1580
1116.154375 1800
1116.70125 2284
1117.248125 3996
1117.795 2008
1118.341875 1836
1118.88875 1364
1119.435625 1944
1119.9825 2808
1120.529375 1612
1121.07625 1460
1121.623125 1676
1122.17 2380
1122.716875 1772
1123.26375 1972
1123.810625 2992
1124.3575 2032
1124.904375 1740
1125.45125 1436
1125.998125 2000
1126.545 1356
1127.091875 1640
1127.63875 1828
1128.185625 1892
1128.7325 2412
1129.279375 2528
1129.82625 1928
1130.373125 1800
1130.92 2804
1131.466875 2512
1132.01375 2104
1132.560625 1816
1133.1075 2468
1133.654375 2428
1134.20125 2084
1134.748125 2188
1135.295 2532
1135.841875 1676
1136.38875 1352
1136.935625 1804
1137.4825 1464
1138.029375 2756
1138.57625 2160
1139.123125 1808
1139.67 1684
1140.216875 1808
1140.76375 1788
1141.310625 1884
1141.8575 1996
1142.404375 2044
1142.95125 1708
1143.498125 1740
1144.045 2140
1144.591875 2484
1145.13875 1860
1145.685625 2528
1146.2325 2092
1146.779375 1780
1147.32625 2740
1147.873125 2532
1148.42 2468
1148.966875 1608
1149.51375 2020
1150.060625 2300
1150.6075 2268
1151.154375 1676
1151.70125 1596
1152.248125 1612
1152.795 1344
1153.341875 1960
1153.88875 2548
1154.435625 2356
1154.9825 1820
1155.529375 2224
1156.07625 1896
1156.623125 1420
1157.17 1824
1157.716875 1928
1158.26375 1600
1158.810625 1600
1159.3575 2240
1159.904375 1976
1160.45125 1948
1160.998125 1904
1161.545 2028
1162.091875 1536
1162.63875 2696
1163.185625 2040
1163.7325 3028
1164.279375 1880
1164.82625 1672
1165.373125 1912
1165.92 1648
1166.466875 2472
1167.01375 1624
1167.560625 1648
1168.1075 1904
1168.654375 2616
1169.20125 1436
1169.748125 1956
1170.295 1400
1170.841875 1540
1171.38875 1864
1171.935625 1644
1172.4825 2580
1173.029375 1724
1173.57625 1868
1174.123125 2608
1174.67 2364
1175.216875 2916
1175.76375 1724
1176.310625 2316
1176.8575 1852
1177.404375 2284
1177.95125 2704
1178.498125 1964
1179.045 2004
1179.591875 1740
1180.13875 1644
1180.685625 2964
1181.2325 1532
1181.779375 2492
1182.32625 1624
1182.873125 1828
1183.42 1756
1183.966875 1708
1184.51375 2112
1185.060625 1500
1185.6075 2008
1186.154375 2124
1186.70125 1324
1187.248125 2548
1187.795 1560
1188.341875 2336
1188.88875 1724
1189.435625 1828
1189.9825 1908
1190.529375 2004
1191.07625 1804
1191.623125 2540
1192.17 1772
1192.716875 1516
1193.26375 1940
1193.810625 1724
1194.3575 1412
1194.904375 2172
1195.45125 2140
1195.998125 2300
1196.545 1784
1197.091875 1424
1197.63875 1656
1198.185625 1856
1198.7325 2228
1199.279375 1388
1199.82625 2684
1200.373125 2168
1200.92 2668
1201.466875 1924
1202.01375 2248
1202.560625 1712
1203.1075 1920
1203.654375 2044
1204.20125 1456
1204.748125 1948
1205.295 2020
1205.841875 2036
1206.38875 1732
1206.935625 1788
1207.4825 2312
1208.029375 1992
1208.57625 1556
1209.123125 1204
1209.67 2120
1210.216875 2508
1210.76375 2156
1211.310625 2816
1211.8575 2204
1212.404375 1700
1212.95125 2268
1213.498125 1388
1214.045 1816
1214.591875 1720
1215.13875 2048
1215.685625 2116
1216.2325 1872
1216.779375 2148
1217.32625 2836
1217.873125 2324
1218.42 2388
1218.966875 2288
1219.51375 1504
1220.060625 2164
1220.6075 2168
1221.154375 1504
1221.70125 2136
1222.248125 1564
1222.795 2156
1223.341875 1904
1223.88875 2088
1224.435625 2244
1224.9825 2200
1225.529375 2652
1226.07625 1816
1226.623125 2292
1227.17 2436
1227.716875 2240
1228.26375 2468
1228.810625 2264
1229.3575 2204
1229.904375 2892
1230.45125 2168
1230.998125 2032
1231.545 2344
1232.091875 1788
1232.63875 1840
1233.185625 1808
1233.7325 3132
1234.279375 1764
1234.82625 1784
1235.373125 1884
1235.92 2184
1236.466875 2456
1237.01375 1392
1237.560625 1716
1238.1075 2032
1238.654375 2332
1239.20125 2380
1239.748125 2072
1240.295 1640
1240.841875 1636
1241.38875 1812
1241.935625 1596
1242.4825 2156
1243.029375 2220
1243.57625 1436
1244.123125 2016
1244.67 2840
1245.216875 1908
1245.76375 2432
1246.310625 2524
1246.8575 1860
1247.404375 1820
1247.95125 2388
1248.498125 2812
1249.045 2496
1249.591875 1784
1250.13875 1800
1250.685625 1684
1251.2325 2004
1251.779375 2188
1252.32625 2072
1252.873125 2476
1253.42 2088
1253.966875 1504
1254.51375 1788
1255.060625 2504
1255.6075 1208
1256.154375 1708
1256.70125 1456
1257.248125 1852
1257.795 2156
1258.341875 2516
1258.88875 2408
1259.435625 2040
1259.9825 1736
1260.529375 2676
1261.07625 2168
1261.623125 2312
1262.17 2172
1262.716875 1668
1263.26375 2448
1263.810625 2900
1264.3575 2636
1264.904375 1900
1265.45125 1628
1265.998125 1784
1266.545 1820
1267.091875 2196
1267.63875 2428
1268.185625 1632
1268.7325 2316
1269.279375 3160
1269.82625 2448
1270.373125 1796
1270.92 1728
1271.466875 2472
1272.01375 1836
1272.560625 1836
1273.1075 1752
1273.654375 1672
1274.20125 2448
1274.748125 1748
1275.295 2072
1275.841875 1860
1276.38875 2472
1276.935625 2084
1277.4825 1432
1278.029375 2452
1278.57625 2600
1279.123125 2136
1279.67 1916
1280.216875 1456
1280.76375 1820
1281.310625 1836
1281.8575 2100
1282.404375 1916
1282.95125 1952
1283.498125 1820
1284.045 1888
1284.591875 2120
1285.13875 1892
1285.685625 1820
1286.2325 1784
1286.779375 1636
1287.32625 2248
1287.873125 1844
1288.42 2152
1288.966875 1964
1289.51375 3064
1290.060625 1292
1290.6075 3136
1291.154375 2328
1291.70125 2316
1292.248125 1980
1292.795 2348
1293.341875 2984
1293.88875 2348
1294.435625 1912
1294.9825 2068
1295.529375 1996
1296.07625 1724
1296.623125 1888
1297.17 2324
1297.716875 3236
1298.26375 2664
1298.810625 2160
1299.3575 2708
1299.904375 2036
1300.45125 1676
1300.998125 2284
1301.545 2448
1302.091875 1780
1302.63875 2184
1303.185625 2028
1303.7325 1804
1304.279375 2228
1304.82625 2620
1305.373125 2224
1305.92 2392
1306.466875 2476
1307.01375 2360
1307.560625 2004
1308.1075 3168
1308.654375 2428
1309.20125 2480
1309.748125 2388
1310.295 1764
1310.841875 2120
1311.38875 2548
1311.935625 2832
1312.4825 1980
1313.029375 1956
1313.57625 2460
1314.123125 2656
1314.67 2196
1315.216875 2136
1315.76375 1612
1316.310625 1836
1316.8575 1780
1317.404375 2648
1317.95125 2556
1318.498125 1784
1319.045 2688
1319.591875 2020
1320.13875 1764
1320.685625 1840
1321.2325 2880
1321.779375 2196
1322.32625 2116
1322.873125 1932
1323.42 2396
1323.966875 2028
1324.51375 1796
1325.060625 2488
1325.6075 2132
1326.154375 2436
1326.70125 2620
1327.248125 1784
1327.795 2620
1328.341875 2320
1328.88875 2076
1329.435625 2084
1329.9825 2332
1330.529375 2240
1331.07625 1932
1331.623125 2816
1332.17 1648
1332.716875 1804
1333.26375 1584
1333.810625 2300
1334.3575 2448
1334.904375 2332
1335.45125 2184
1335.998125 2800
1336.545 2456
1337.091875 2116
1337.63875 2440
1338.185625 2000
1338.7325 2184
1339.279375 2512
1339.82625 2280
1340.373125 1564
1340.92 2516
1341.466875 1848
1342.01375 2116
1342.560625 2472
1343.1075 2260
1343.654375 2132
1344.20125 2220
1344.748125 2540
1345.295 2880
1345.841875 2032
1346.38875 2332
1346.935625 1796
1347.4825 2504
1348.029375 2156
1348.57625 2204
1349.123125 2272
1349.67 2308
1350.216875 2732
1350.76375 1996
1351.310625 2224
1351.8575 1896
1352.404375 2548
1352.95125 2124
1353.498125 1908
1354.045 3184
1354.591875 2448
1355.13875 2188
1355.685625 2428
1356.2325 1952
1356.779375 2312
1357.32625 2612
1357.873125 2580
1358.42 2164
1358.966875 2700
1359.51375 2568
1360.060625 2724
1360.6075 2724
1361.154375 2408
1361.70125 2564
1362.248125 1852
1362.795 2628
1363.341875 2760
1363.88875 2244
1364.435625 2540
1364.9825 2916
1365.529375 2372
1366.07625 3444
1366.623125 2680
1367.17 2584
1367.716875 2484
1368.26375 2172
1368.810625 2268
1369.3575 3004
1369.904375 2824
1370.45125 2268
1370.998125 2396
1371.545 2736
1372.091875 4136
1372.63875 2536
1373.185625 3440
1373.7325 2400
1374.279375 2104
1374.82625 2532
1375.373125 2916
1375.92 2908
1376.466875 2548
1377.01375 2692
1377.560625 2740
1378.1075 2792
1378.654375 2836
1379.20125 2800
1379.748125 2768
1380.295 2580
1380.841875 3192
1381.38875 2456
1381.935625 2616
1382.4825 3100
1383.029375 2180
1383.57625 2900
1384.123125 2552
1384.67 2792
1385.216875 2880
1385.76375 2452
1386.310625 3000
1386.8575 3064
1387.404375 3032
1387.95125 3272
1388.498125 2568
1389.045 3240
1389.591875 3128
1390.13875 3332
1390.685625 2452
1391.2325 3640
1391.779375 2840
1392.32625 3032
1392.873125 3408
1393.42 3296
1393.966875 3520
1394.51375 2920
1395.060625 4520
1395.6075 3792
1396.154375 2868
1396.70125 3144
1397.248125 3408
1397.795 3668
1398.341875 2668
1398.88875 3492
1399.435625 3376
1399.9825 3620
1400.529375 2836
1401.07625 3204
1401.623125 4068
1402.17 3348
1402.716875 3128
1403.26375 3988
1403.810625 3216
1404.3575 3484
1404.904375 3528
1405.45125 3904
1405.998125 3548
1406.545 3592
1407.091875 3484
1407.63875 3716
1408.185625 4596
1408.7325 4092
1409.279375 4276
1409.82625 3280
1410.373125 3840
1410.92 4512
1411.466875 4556
1412.01375 3436
1412.560625 4696
1413.1075 4644
1413.654375 3852
1414.20125 5144
1414.748125 4308
1415.295 4380
1415.841875 5292
1416.38875 4448
1416.935625 5536
1417.4825 5244
1418.029375 4988
1418.57625 6024
1419.123125 5268
