299.67 2280
300.216875 2048
300.76375 2380
301.310625 3264
301.8575 2192
302.404375 2632
302.95125 1680
303.498125 1896
304.045 1776
304.591875 1996
305.13875 2732
305.685625 2108
306.2325 2748
306.779375 2968
307.32625 2888
307.873125 2532
308.42 3184
308.966875 2268
309.51375 2096
310.060625 1804
310.6075 2140
311.154375 2188
311.70125 2172
312.248125 2280
312.795 3628
313.341875 1952
313.88875 3868
314.435625 1936
314.9825 2952
315.529375 1480
316.07625 1560
316.623125 2608
317.17 1732
317.716875 2424
318.26375 2180
318.810625 2172
319.3575 1676
319.904375 1472
320.45125 1908
320.998125 2280
321.545 1580
322.091875 2276
322.63875 2000
323.185625 1896
323.7325 1652
324.279375 2836
324.82625 2296
325.373125 2380
325.92 1876
326.466875 2044
327.01375 2132
327.560625 3372
328.1075 1868
328.654375 2016
329.20125 1948
329.748125 1808
330.295 1768
330.841875 2136
331.38875 1588
331.935625 1748
332.4825 2564
333.029375 1740
333.57625 2252
334.123125 1688
334.67 2044
335.216875 2916
335.76375 2004
336.310625 2288
336.8575 1864
337.404375 1492
337.95125 2100
338.498125 2624
339.045 2852
339.591875 1480
340.13875 2036
340.685625 1780
341.2325 2216
341.779375 1864
342.32625 1404
342.873125 2956
343.42 2460
343.966875 1736
344.51375 2128
345.060625 2648
345.6075 2032
346.154375 2320
346.70125 2428
347.248125 2196
347.795 1500
348.341875 3424
348.88875 2040
349.435625 1796
349.9825 1472
350.529375 1844
351.07625 1832
351.623125 1844
352.17 1692
352.716875 1820
353.26375 2548
353.810625 1276
354.3575 1980
354.904375 1440
355.45125 2360
355.998125 2072
356.545 1420
357.091875 2840
357.63875 1460
358.185625 1696
358.7325 1968
359.279375 1624
359.82625 1924
360.373125 1804
360.92 1300
361.466875 2060
362.01375 1748
362.560625 2540
363.1075 1528
363.654375 1512
364.20125 2884
364.748125 2192
365.295 1656
365.841875 1624
366.38875 1392
366.935625 1964
367.4825 1684
368.029375 1392
368.57625 2008
369.123125 2112
369.67 2132
370.216875 1884
370.76375 1728
371.310625 1864
371.8575 1820
372.404375 1944
372.95125 3440
373.498125 2316
374.045 2324
374.591875 1948
375.13875 2492
375.685625 1472
376.2325 1628
376.779375 2056
377.32625 2976
377.873125 2204
378.42 2072
378.966875 2396
379.51375 1484
380.060625 1740
380.6075 2476
381.154375 2296
381.70125 1728
382.248125 2368
382.795 2192
383.341875 1696
383.88875 2456
384.435625 1960
384.9825 1904
385.529375 2600
386.07625 2412
386.623125 1840
387.17 1872
387.716875 1468
388.26375 1836
388.810625 3044
389.3575 1588
389.904375 1792
390.45125 1820
390.998125 1140
391.545 1772
392.091875 1756
392.63875 2352
393.185625 3152
393.7325 1800
394.279375 2476
394.82625 1180
395.373125 1744
395.92 1516
396.466875 3100
397.01375 1940
397.560625 1808
398.1075 1640
398.654375 1448
399.20125 1796
399.748125 2532
400.295 1924
400.841875 1464
401.38875 2236
401.935625 2836
402.4825 1828
403.029375 1808
403.57625 2048
404.123125 1612
404.67 2660
405.216875 2412
405.76375 2152
406.310625 2048
406.8575 1668
407.404375 2040
407.95125 1828
408.498125 3056
409.045 2156
409.591875 2148
410.13875 2040
410.685625 1388
411.2325 1784
411.779375 1600
412.32625 1620
412.873125 1700
413.42 1912
413.966875 2268
414.51375 1712
415.060625 2288
415.6075 2056
416.154375 1600
416.70125 1944
417.248125 2496
417.795 1860
418.341875 2084
418.88875 2384
419.435625 1564
419.9825 2308
420.529375 1812
421.07625 2140
421.623125 1900
422.17 2776
422.716875 1684
423.26375 1620
423.810625 2460
424.3575 2012
424.904375 1652
425.45125 2148
425.998125 1676
426.545 1768
427.091875 2104
427.63875 1536
428.185625 2536
428.7325 1880
429.279375 1888
429.82625 1672
430.373125 2764
430.92 1372
431.466875 3028
432.01375 2852
432.560625 2416
433.1075 1584
433.654375 1720
434.20125 1568
434.748125 1512
435.295 1736
435.841875 1428
436.38875 1868
436.935625 2228
437.4825 2388
438.029375 1816
438.57625 1948
439.123125 1512
439.67 2404
440.216875 1372
440.76375 1492
441.310625 1556
441.8575 2088
442.404375 2528
442.95125 1640
443.498125 1272
444.045 1688
444.591875 2488
445.13875 1992
445.685625 1424
446.2325 3692
446.779375 2512
447.32625 2496
447.873125 4692
448.42 1716
448.966875 3204
449.51375 1516
450.060625 1648
450.6075 1328
451.154375 1508
451.70125 1916
452.248125 1652
452.795 1148
453.341875 2464
453.88875 2548
454.435625 2292
454.9825 1712
455.529375 1516
456.07625 1268
456.623125 1280
457.17 1836
457.716875 1876
458.26375 1816
458.810625 1656
459.3575 2168
459.904375 2748
460.45125 1664
460.998125 1540
461.545 1568
462.091875 4320
462.63875 2084
463.185625 1852
463.7325 1944
464.279375 1676
464.82625 2244
465.373125 1412
465.92 1796
466.466875 1664
467.01375 1656
467.560625 1652
468.1075 2252
468.654375 1632
469.20125 1576
469.748125 1552
470.295 1700
470.841875 1692
471.38875 1292
471.935625 2204
472.4825 2460
473.029375 1684
473.57625 2092
474.123125 2156
474.67 1676
475.216875 2468
475.76375 1344
476.310625 1888
476.8575 2252
477.404375 1884
477.95125 1800
478.498125 1532
479.045 3596
479.591875 1952
480.13875 1980
480.685625 1924
481.2325 1876
481.779375 2268
482.32625 1796
482.873125 2040
483.42 1916
483.966875 1668
484.51375 1212
485.060625 1208
485.6075 1580
486.154375 1788
486.70125 1356
487.248125 2052
487.795 2820
488.341875 2080
488.88875 1820
489.435625 2116
489.9825 1552
490.529375 1744
491.07625 1740
491.623125 1556
492.17 1640
492.716875 1820
493.26375 2000
493.810625 1608
494.3575 1720
494.904375 1324
495.45125 1740
495.998125 1516
496.545 1720
497.091875 2172
497.63875 1896
498.185625 1656
498.7325 1196
499.279375 1904
499.82625 2544
500.373125 1888
500.92 2508
501.466875 2716
502.01375 1468
502.560625 2084
503.1075 1852
503.654375 2032
504.20125 1516
504.748125 1572
505.295 1872
505.841875 1872
506.38875 2388
506.935625 1664
507.4825 2036
508.029375 1232
508.57625 1660
509.123125 1640
509.67 2080
510.216875 2476
510.76375 1412
511.310625 1776
511.8575 1180
512.4043750000001 2204
512.9512500000001 1332
513.4981250000001 1264
514.0450000000001 1932
514.5918750000001 1968
515.1387500000001 1812
515.6856250000001 1608
516.2325000000001 1720
516.7793750000001 1684
517.3262500000001 1492
517.8731250000001 1928
518.4200000000001 1504
518.9668750000001 2040
519.5137500000001 2412
520.0606250000001 1792
520.6075000000001 2052
521.1543750000001 1688
521.7012500000001 1332
522.2481250000001 2116
522.7950000000001 1528
523.3418750000001 1832
523.8887500000001 1272
524.4356250000001 1152
524.9825000000001 2268
525.5293750000001 2196
526.0762500000001 1328
526.6231250000001 1828
527.1700000000001 2024
527.7168750000001 1480
528.2637500000001 1460
528.8106250000001 2036
529.3575000000001 1836
529.9043750000001 1680
530.4512500000001 1604
530.9981250000001 1600
531.5450000000001 2052
532.0918750000001 1848
532.6387500000001 2012
533.1856250000001 1684
533.7325000000001 1696
534.2793750000001 2252
534.8262500000001 1648
535.3731250000001 1444
535.9200000000001 1988
536.4668750000001 2468
537.0137500000001 1760
537.5606250000001 2292
538.1075000000001 1604
538.6543750000001 1616
539.2012500000001 2516
539.7481250000001 1668
540.2950000000001 1988
540.8418750000001 2184
541.3887500000001 1600
541.9356250000001 2160
542.4825000000001 1436
543.0293750000001 2464
543.5762500000001 2464
544.1231250000001 1716
544.6700000000001 1452
545.2168750000001 1968
545.7637500000001 1960
546.3106250000001 2008
546.8575000000001 2348
547.4043750000001 1916
547.9512500000001 1992
548.4981250000001 1936
549.0450000000001 2100
549.5918750000001 1480
550.1387500000001 1768
550.6856250000001 1508
551.2325000000001 2608
551.7793750000001 2144
552.3262500000001 2308
552.8731250000001 2604
553.4200000000001 1516
553.9668750000001 2372
554.5137500000001 1708
555.0606250000001 1440
555.6075000000001 2140
556.1543750000001 2328
556.7012500000001 1420
557.2481250000001 2596
557.7950000000001 1948
558.3418750000001 1796
558.8887500000001 1576
559.4356250000001 1804
559.9825000000001 1604
560.5293750000001 1316
561.0762500000001 3056
561.6231250000001 2492
562.1700000000001 2040
562.7168750000001 2780
563.2637500000001 1868
563.8106250000001 1984
564.3575000000001 1560
564.9043750000001 2616
565.4512500000001 1972
565.9981250000001 2244
566.5450000000001 1208
567.0918750000001 2128
567.6387500000001 1768
568.1856250000001 1668
568.7325000000001 1440
569.2793750000001 2684
569.8262500000001 1880
570.3731250000001 1588
570.9200000000001 1628
571.4668750000001 1984
572.0137500000001 1812
572.5606250000001 2096
573.1075000000001 2020
573.6543750000001 1396
574.2012500000001 1824
574.7481250000001 1640
575.2950000000001 2372
575.8418750000001 2024
576.3887500000001 1904
576.9356250000001 1532
577.4825000000001 2468
578.0293750000001 1756
578.5762500000001 1732
579.1231250000001 1232
579.6700000000001 1356
580.2168750000001 1924
580.7637500000001 1752
581.3106250000001 1492
581.8575000000001 1964
582.4043750000001 1620
582.9512500000001 1820
583.4981250000001 2332
584.0450000000001 1688
584.5918750000001 2068
585.1387500000001 2500
585.6856250000001 1884
586.2325000000001 1912
586.7793750000001 2204
587.3262500000001 2528
587.8731250000001 1924
588.4200000000001 1868
588.9668750000001 2096
589.5137500000001 1460
590.0606250000001 1820
590.6075000000001 1644
591.1543750000001 1668
591.7012500000001 1380
592.2481250000001 1788
592.7950000000001 1972
593.3418750000001 2176
593.8887500000001 2020
594.4356250000001 1376
594.9825000000001 3068
595.5293750000001 1728
596.0762500000001 1660
596.6231250000001 1708
597.1700000000001 2160
597.7168750000001 2352
598.2637500000001 1560
598.8106250000001 2368
599.3575000000001 1304
599.9043750000001 1368
600.4512500000001 1448
600.9981250000001 1408
601.5450000000001 1704
602.0918750000001 1508
602.6387500000001 2276
603.1856250000001 1844
603.7325000000001 1700
604.2793750000001 1932
604.8262500000001 1768
605.3731250000001 1180
605.9200000000001 1156
606.4668750000001 2212
607.0137500000001 1620
607.5606250000001 1832
608.1075000000001 2600
608.6543750000001 1756
609.2012500000001 1420
609.7481250000001 2232
610.2950000000001 1316
610.8418750000001 1924
611.3887500000001 1824
611.9356250000001 2248
612.4825000000001 1872
613.0293750000001 2216
613.5762500000001 1904
614.1231250000001 1724
614.6700000000001 3452
615.2168750000001 2288
615.7637500000001 1972
616.3106250000001 1784
616.8575000000001 1908
617.4043750000001 1492
617.9512500000001 2168
618.4981250000001 2024
619.0450000000001 2224
619.5918750000001 1636
620.1387500000001 1540
620.6856250000001 2508
621.2325000000001 1912
621.7793750000001 1840
622.3262500000001 2572
622.8731250000001 1844
623.4200000000001 3644
623.9668750000001 2152
624.5137500000001 1528
625.0606250000001 2108
625.6075000000001 1752
626.1543750000001 1896
626.7012500000001 1348
627.2481250000001 1756
627.7950000000001 1796
628.3418750000001 1996
628.8887500000001 1972
629.4356250000001 2740
629.9825000000001 2088
630.5293750000001 2408
631.0762500000001 1660
631.6231250000001 1680
632.1700000000001 2060
632.7168750000001 1556
633.2637500000001 2400
633.8106250000001 1640
634.3575000000001 1904
634.9043750000001 2228
635.4512500000001 1760
635.9981250000001 2412
636.5450000000001 2036
637.0918750000001 1492
637.6387500000001 1692
638.1856250000001 2632
638.7325000000001 2212
639.2793750000001 1812
639.8262500000001 2344
640.3731250000001 2260
640.9200000000001 1496
641.4668750000001 1964
642.0137500000001 2236
642.5606250000001 2072
643.1075000000001 1700
643.6543750000001 1440
644.2012500000001 2076
644.7481250000001 2120
645.2950000000001 2100
645.8418750000001 1932
646.3887500000001 2152
646.9356250000001 2308
647.4825000000001 1976
648.0293750000001 1516
648.5762500000001 1564
649.1231250000001 1756
649.6700000000001 2112
650.2168750000001 1736
650.7637500000001 1744
651.3106250000001 1692
651.8575000000001 1900
652.4043750000001 1460
652.9512500000001 1768
653.4981250000001 1280
654.0450000000001 1484
654.5918750000001 2380
655.1387500000001 2200
655.6856250000001 3036
656.2325000000001 2272
656.7793750000001 2304
657.3262500000001 2192
657.8731250000001 2296
658.4200000000001 2312
658.9668750000001 1840
659.5137500000001 2036
660.0606250000001 1732
660.6075000000001 1848
661.1543750000001 2072
661.7012500000001 2040
662.2481250000001 2148
662.7950000000001 2256
663.3418750000001 1432
663.8887500000001 2016
664.4356250000001 1576
664.9825000000001 1320
665.5293750000001 1172
666.0762500000001 1888
666.6231250000001 1916
667.1700000000001 2228
667.7168750000001 2412
668.2637500000001 2256
668.8106250000001 1444
669.3575000000001 2056
669.9043750000001 1740
670.4512500000001 2584
670.9981250000001 1612
671.5450000000001 2008
672.0918750000001 1768
672.6387500000001 2056
673.1856250000001 2096
673.7325000000001 2100
674.2793750000001 2604
674.8262500000001 3076
675.3731250000001 1444
675.9200000000001 2136
676.4668750000001 1788
677.0137500000001 2340
677.5606250000001 1616
678.1075000000001 1496
678.6543750000001 1572
679.2012500000001 1360
679.7481250000001 2396
680.2950000000001 1960
680.8418750000001 1960
681.3887500000001 1904
681.9356250000001 2024
682.4825000000001 2400
683.0293750000001 1692
683.5762500000001 1332
684.1231250000001 1964
684.6700000000001 2028
685.2168750000001 1652
685.7637500000001 2880
686.3106250000001 2112
686.8575000000001 1596
687.4043750000001 1868
687.9512500000001 1532
688.4981250000001 2284
689.0450000000001 2128
689.5918750000001 1960
690.1387500000001 1728
690.6856250000001 2756
691.2325000000001 1924
691.7793750000001 1608
692.3262500000001 1296
692.8731250000001 1804
693.4200000000001 1604
693.9668750000001 2376
694.5137500000001 1412
695.0606250000001 1912
695.6075000000001 1848
696.1543750000001 2548
696.7012500000001 2068
697.2481250000001 1856
697.7950000000001 2316
698.3418750000001 2432
698.8887500000001 1332
699.4356250000001 2280
699.9825000000001 1840
700.5293750000001 1616
701.0762500000001 2192
701.6231250000001 1960
702.1700000000001 1976
702.7168750000001 2268
703.2637500000001 1660
703.8106250000001 2068
704.3575000000001 2220
704.9043750000001 2396
705.4512500000001 2360
705.9981250000001 2248
706.5450000000001 1988
707.0918750000001 2112
707.6387500000001 1920
708.1856250000001 1876
708.7325000000001 1796
709.2793750000001 1980
709.8262500000001 3092
710.3731250000001 1704
710.9200000000001 1432
711.4668750000001 1764
712.0137500000001 2056
712.5606250000001 1640
713.1075000000001 1668
713.6543750000001 2400
714.2012500000001 1988
714.7481250000001 2148
715.2950000000001 1588
715.8418750000001 1896
716.3887500000001 2024
716.9356250000001 1984
717.4825000000001 2268
718.0293750000001 1864
718.5762500000001 2148
719.1231250000001 2464
719.6700000000001 2148
720.2168750000001 1872
720.7637500000001 2036
721.3106250000001 1704
721.8575000000001 1400
722.4043750000001 2744
722.9512500000001 2128
723.4981250000001 1560
724.0450000000001 2032
724.5918750000001 1660
725.1387500000001 1968
725.6856250000001 2460
726.2325000000001 1912
726.7793750000001 2208
727.3262500000001 1752
727.8731250000001 2320
728.4200000000001 1460
728.9668750000001 4008
729.5137500000001 1580
730.0606250000001 2156
730.6075000000001 2244
731.1543750000001 1704
731.7012500000001 1596
732.2481250000001 1828
732.7950000000001 2292
733.3418750000001 2528
733.8887500000001 2016
734.4356250000001 1352
734.9825000000001 1644
735.5293750000001 1888
736.0762500000001 1916
736.6231250000001 2164
737.1700000000001 1788
737.7168750000001 2496
738.2637500000001 2420
738.8106250000001 1724
739.3575000000001 2916
739.9043750000001 1840
740.4512500000001 1628
740.9981250000001 1492
741.5450000000001 1704
742.0918750000001 1284
742.6387500000001 2204
743.1856250000001 1908
743.7325000000001 1832
744.2793750000001 1840
744.8262500000001 1948
745.3731250000001 2348
745.9200000000001 3292
746.4668750000001 2064
747.0137500000001 2416
747.5606250000001 1480
748.1075000000001 1560
748.6543750000001 1972
749.2012500000001 2092
749.7481250000001 1976
750.2950000000001 1564
750.8418750000001 1984
751.3887500000001 1684
751.9356250000001 1884
752.4825000000001 1668
753.0293750000001 1552
753.5762500000001 1684
754.1231250000001 1436
754.6700000000001 1776
755.2168750000001 2812
755.7637500000001 1676
756.3106250000001 1100
756.8575000000001 2128
757.4043750000001 2000
757.9512500000001 1296
758.4981250000001 1360
759.0450000000001 1944
759.5918750000001 2168
760.1387500000001 2068
760.6856250000001 1192
761.2325000000001 2920
761.7793750000001 1876
762.3262500000001 2368
762.8731250000001 1816
763.4200000000001 1608
763.9668750000001 2012
764.5137500000001 2048
765.0606250000001 1844
765.6075000000001 2096
766.1543750000001 1872
766.7012500000001 2140
767.2481250000001 1736
767.7950000000001 1848
768.3418750000001 1660
768.8887500000001 2008
769.4356250000001 2072
769.9825000000001 1356
770.5293750000001 1636
771.0762500000001 2152
771.6231250000001 2176
772.1700000000001 1796
772.7168750000001 2164
773.2637500000001 2244
773.8106250000001 2168
774.3575000000001 1524
774.9043750000001 1292
775.4512500000001 2460
775.9981250000001 1808
776.5450000000001 1816
777.0918750000001 2056
777.6387500000001 1704
778.1856250000001 1924
778.7325000000001 2132
779.2793750000001 1692
779.8262500000001 2260
780.3731250000001 1928
780.9200000000001 2036
781.4668750000001 2420
782.0137500000001 1596
782.5606250000001 1728
783.1075000000001 1924
783.6543750000001 2284
784.2012500000001 2176
784.7481250000001 2152
785.2950000000001 1424
785.8418750000001 2032
786.3887500000001 1400
786.9356250000001 1520
787.4825000000001 1872
788.0293750000001 2184
788.5762500000001 2308
789.1231250000001 1828
789.6700000000001 1756
790.2168750000001 2020
790.7637500000001 2068
791.3106250000001 1832
791.8575000000001 1128
792.4043750000001 2392
792.9512500000001 1244
793.4981250000001 2068
794.0450000000001 2268
794.5918750000001 1912
795.1387500000001 1668
795.6856250000001 2028
796.2325000000001 2636
796.7793750000001 1680
797.3262500000001 1572
797.8731250000001 2136
798.4200000000001 1764
798.9668750000001 1684
799.5137500000001 1568
800.0606250000001 1888
800.6075000000001 1808
801.1543750000001 1396
801.7012500000001 2360
802.2481250000001 1464
802.7950000000001 2276
803.3418750000001 1796
803.8887500000001 1284
804.4356250000001 1844
804.9825000000001 2424
805.5293750000001 2472
806.0762500000001 1984
806.6231250000001 1468
807.1700000000001 2076
807.7168750000001 1904
808.2637500000001 2452
808.8106250000001 2056
809.3575000000001 1768
809.9043750000001 1832
810.4512500000001 1584
810.9981250000001 2116
811.5450000000001 1948
812.0918750000001 3892
812.6387500000001 1844
813.1856250000001 1548
813.7325000000001 3024
814.2793750000001 1936
814.8262500000001 2056
815.3731250000001 2456
815.9200000000001 2048
816.4668750000001 2096
817.0137500000001 2140
817.5606250000001 1676
818.1075000000001 2404
818.6543750000001 2284
819.2012500000001 1968
819.7481250000001 1532
820.2950000000001 1960
820.8418750000001 1528
821.3887500000001 2276
821.9356250000001 1396
822.4825000000001 1736
823.0293750000001 2184
823.5762500000001 2124
824.1231250000001 1616
824.6700000000001 1752
825.2168750000001 1488
825.7637500000001 1280
826.3106250000001 2748
826.8575000000001 1776
827.4043750000001 1560
827.9512500000001 1408
828.4981250000001 1696
829.0450000000001 2184
829.5918750000001 2076
830.1387500000001 1748
830.6856250000001 2348
831.2325000000001 1860
831.7793750000001 2184
832.3262500000001 2764
832.8731250000001 1916
833.4200000000001 1504
833.9668750000001 2076
834.5137500000001 2236
835.0606250000001 2356
835.6075000000001 1372
836.1543750000001 2244
836.7012500000001 2336
837.2481250000001 1500
837.7950000000001 1704
838.3418750000001 2904
838.8887500000001 1932
839.4356250000001 2480
839.9825000000001 2168
840.5293750000001 1752
841.0762500000001 1012
841.6231250000001 1828
842.1700000000001 1260
842.7168750000001 1784
843.2637500000001 1988
843.8106250000001 1704
844.3575000000001 1644
844.9043750000001 1932
845.4512500000001 2644
845.9981250000001 1872
846.5450000000001 1288
847.0918750000001 1556
847.6387500000001 3008
848.1856250000001 1812
848.7325000000001 2368
849.2793750000001 1876
849.8262500000001 1628
850.3731250000001 1272
850.9200000000001 2344
851.4668750000001 1504
852.0137500000001 1772
852.5606250000001 1732
853.1075000000001 3024
853.6543750000001 2152
854.2012500000001 1452
854.7481250000001 1820
855.2950000000001 1704
855.8418750000001 2032
856.3887500000001 1688
856.9356250000001 1904
857.4825000000001 1580
858.0293750000001 1972
858.5762500000001 1724
859.1231250000001 1992
859.6700000000001 3176
860.2168750000001 2584
860.7637500000001 1668
861.3106250000001 1848
861.8575000000001 2180
862.4043750000001 1556
862.9512500000001 2340
863.4981250000001 1964
864.0450000000001 2456
864.5918750000001 2624
865.1387500000001 2160
865.6856250000001 8344
866.2325000000001 1596
866.7793750000001 1964
867.3262500000001 1616
867.8731250000001 2456
868.4200000000001 1864
868.9668750000001 2568
869.5137500000001 1956
870.0606250000001 2108
870.6075000000001 1824
871.1543750000001 2244
871.7012500000001 2180
872.2481250000001 1900
872.7950000000001 1672
873.3418750000001 2892
873.8887500000001 2412
874.4356250000001 2784
874.9825000000001 3176
875.5293750000001 2244
876.0762500000001 2292
876.6231250000001 1924
877.1700000000001 2360
877.7168750000001 1932
878.2637500000001 2968
878.8106250000001 2504
879.3575000000001 2364
879.9043750000001 2268
880.4512500000001 2876
880.9981250000001 3444
881.5450000000001 2028
882.0918750000001 3544
882.6387500000001 2284
883.1856250000001 2952
883.7325000000001 2192
884.2793750000001 2192
884.8262500000001 3152
885.3731250000001 2348
885.9200000000001 2636
886.4668750000001 2712
887.0137500000001 3308
887.5606250000001 2572
888.1075000000001 2604
888.6543750000001 2876
889.2012500000001 2376
889.7481250000001 2612
890.2950000000001 2604
890.8418750000001 2840
891.3887500000001 3176
891.9356250000001 3436
892.4825000000001 2984
893.0293750000001 3132
893.5762500000001 2776
894.1231250000001 3588
894.6700000000001 2760
895.2168750000001 3128
895.7637500000001 3648
896.3106250000001 4080
896.8575000000001 3168
897.4043750000001 3376
897.9512500000001 3336
898.4981250000001 3468
899.0450000000001 3680
899.5918750000001 3144
900.1387500000001 4012
900.6856250000001 3276
901.2325000000001 4252
901.7793750000001 3836
902.3262500000001 4148
902.8731250000001 3892
903.4200000000001 4072
903.9668750000001 3968
904.5137500000001 4124
905.0606250000001 4260
905.6075000000001 5244
906.1543750000001 4912
906.7012500000001 4136
907.2481250000001 4204
907.7950000000001 6100
908.3418750000001 5028
908.8887500000001 4872
909.4356250000001 4828
909.9825000000001 5232
910.5293750000001 5708
911.0762500000001 5524
911.6231250000001 5640
912.1700000000001 5860
912.7168750000001 5908
913.2637500000001 5796
913.8106250000001 6372
914.3575000000001 5740
914.9043750000001 6088
915.4512500000001 7296
915.9981250000001 6128
916.5450000000001 7356
917.0918750000001 7140
917.6387500000001 6404
918.1856250000001 7580
918.7325000000001 7328
919.2793750000001 7008
919.8262500000001 7640
920.3731250000001 7832
920.9200000000001 7188
921.4668750000001 8244
922.0137500000001 8100
922.5606250000001 8004
923.1075000000001 8728
923.6543750000001 8592
924.2012500000001 8332
924.7481250000001 8640
925.2950000000001 8516
925.8418750000001 8464
926.3887500000001 8948
926.9356250000001 9648
927.4825000000001 8652
928.0293750000001 9440
928.5762500000001 9616
929.1231250000001 9484
929.6700000000001 8980
930.2168750000001 9348
930.7637500000001 10640
931.3106250000001 10496
931.8575000000001 9768
932.4043750000001 9216
932.9512500000001 9824
933.4981250000001 10316
934.0450000000001 10312
934.5918750000001 9944
935.1387500000001 9976
935.6856250000001 11044
936.2325000000001 10348
936.7793750000001 10344
937.3262500000001 9912
937.8731250000001 9972
938.4200000000001 9528
938.9668750000001 9944
939.5137500000001 9884
940.0606250000001 10780
940.6075000000001 10556
941.1543750000001 10072
941.7012500000001 9580
942.2481250000001 9912
942.7950000000001 10268
943.3418750000001 9572
943.8887500000001 11560
944.4356250000001 8996
944.9825000000001 9700
945.5293750000001 9500
946.0762500000001 9488
946.6231250000001 9092
947.1700000000001 9056
947.7168750000001 10108
948.2637500000001 8836
948.8106250000001 8412
949.3575000000001 8528
949.9043750000001 8920
950.4512500000001 8272
950.9981250000001 8672
951.5450000000001 8128
952.0918750000001 10036
952.6387500000001 7596
953.1856250000001 8496
953.7325000000001 8708
954.2793750000001 7888
954.8262500000001 8428
955.3731250000001 7976
955.9200000000001 6964
956.4668750000001 6604
957.0137500000001 6684
957.5606250000001 6388
958.1075000000001 6924
958.6543750000001 6872
959.2012500000001 6684
959.7481250000001 6580
960.2950000000001 7184
960.8418750000001 6588
961.3887500000001 6360
961.9356250000001 5972
962.4825000000001 6660
963.0293750000001 6220
963.5762500000001 5644
964.1231250000001 6172
964.6700000000001 5400
965.2168750000001 7044
965.7637500000001 4960
966.3106250000001 6192
966.8575000000001 4888
967.4043750000001 5064
967.9512500000001 4748
968.4981250000001 5296
969.0450000000001 5584
969.5918750000001 5388
970.1387500000001 6000
970.6856250000001 4980
971.2325000000001 4444
971.7793750000001 4488
972.3262500000001 4264
972.8731250000001 4468
973.4200000000001 4212
973.9668750000001 5172
974.5137500000001 4188
975.0606250000001 4076
975.6075000000001 4588
976.1543750000001 4280
976.7012500000001 4588
977.2481250000001 3864
977.7950000000001 3800
978.3418750000001 3588
978.8887500000001 3380
979.4356250000001 3612
979.9825000000001 3764
980.5293750000001 3360
981.0762500000001 2996
981.6231250000001 3544
982.1700000000001 3088
982.7168750000001 3476
983.2637500000001 3692
983.8106250000001 3016
984.3575000000001 3212
984.9043750000001 2908
985.4512500000001 2952
985.9981250000001 2884
986.5450000000001 3044
987.0918750000001 3028
987.6387500000001 2936
988.1856250000001 3396
988.7325000000001 2716
989.2793750000001 3244
989.8262500000001 3092
990.3731250000001 2524
990.9200000000001 2376
991.4668750000001 3248
992.0137500000001 2528
992.5606250000001 2468
993.1075000000001 3212
993.6543750000001 2744
994.2012500000001 2184
994.7481250000001 3080
995.2950000000001 2332
995.8418750000001 2856
996.3887500000001 2024
996.9356250000001 2564
997.4825000000001 2256
998.0293750000001 2412
998.5762500000001 2332
999.1231250000001 1964
999.6700000000001 2064
1000.2168750000001 2416
1000.7637500000001 2272
1001.3106250000001 2284
1001.8575000000001 2436
1002.4043750000001 3212
1002.9512500000001 2376
1003.4981250000001 2256
1004.0450000000001 1788
1004.5918750000001 3172
1005.1387500000001 2764
1005.6856250000001 1732
1006.2325000000001 1980
1006.7793750000001 1668
1007.3262500000001 3096
1007.8731250000001 2036
1008.4200000000001 1776
1008.9668750000001 2896
1009.5137500000001 1924
1010.0606250000001 1856
1010.6075000000001 2012
1011.1543750000001 2248
1011.7012500000001 2936
1012.2481250000001 2076
1012.7950000000001 1568
1013.3418750000001 1740
1013.8887500000001 2468
1014.4356250000001 1920
1014.9825000000001 2172
1015.5293750000001 2432
1016.0762500000001 2644
1016.6231250000001 2496
1017.1700000000001 1788
1017.7168750000001 2400
1018.2637500000001 2300
1018.8106250000001 2004
1019.3575000000001 1480
1019.9043750000001 2408
1020.4512500000001 1996
1020.9981250000001 2056
1021.5450000000001 1684
1022.0918750000001 2124
1022.6387500000001 2352
1023.1856250000001 1596
1023.7325000000001 2224
1024.279375 2288
1024.82625 1564
1025.373125 2856
1025.92 1724
1026.466875 1628
1027.01375 1728
1027.560625 2196
1028.1075 1596
1028.654375 1612
1029.20125 1432
1029.748125 1784
1030.295 1396
1030.841875 1656
1031.38875 1388
1031.935625 1792
1032.4825 1824
1033.029375 2460
1033.57625 1660
1034.123125 1784
1034.67 2460
1035.216875 2104
1035.76375 2744
1036.310625 2160
1036.8575 2080
1037.404375 2832
1037.95125 2404
1038.498125 2584
1039.045 2556
1039.591875 1724
1040.13875 1980
1040.685625 2180
1041.2325 3120
1041.779375 1932
1042.32625 2008
1042.873125 1912
1043.42 2020
1043.966875 1688
1044.51375 2000
1045.060625 2044
1045.6075 1656
1046.154375 2212
1046.70125 2456
1047.248125 1844
1047.795 1316
1048.341875 2168
1048.88875 1716
1049.435625 1676
1049.9825 1820
1050.529375 1548
1051.07625 2232
1051.623125 2456
1052.17 1232
1052.716875 1740
1053.26375 1468
1053.810625 3096
1054.3575 1664
1054.904375 1804
1055.45125 2076
1055.998125 1908
1056.545 2016
1057.091875 1500
1057.63875 1688
1058.185625 2116
1058.7325 2136
1059.279375 1972
1059.82625 1564
1060.373125 2336
1060.92 1928
1061.466875 2172
1062.01375 1552
1062.560625 3192
1063.1075 2740
1063.654375 1876
1064.20125 2220
1064.748125 1524
1065.295 1892
1065.841875 1996
1066.38875 2008
1066.935625 1764
1067.4825 2020
1068.029375 2080
1068.57625 1964
1069.123125 2152
1069.67 2384
1070.216875 1272
1070.76375 2068
1071.310625 2384
1071.8575 2556
1072.404375 1936
1072.95125 1668
1073.498125 2820
1074.045 2032
1074.591875 2132
1075.13875 1940
1075.685625 2996
1076.2325 1680
1076.779375 2572
1077.32625 2488
1077.873125 2172
1078.42 1748
1078.966875 1648
1079.51375 2532
1080.060625 1808
1080.6075 1360
1081.154375 1744
1081.70125 1484
1082.248125 2548
1082.795 2652
1083.341875 1392
1083.88875 2372
1084.435625 2708
1084.9825 1732
1085.529375 1956
1086.07625 2172
1086.623125 1808
1087.17 2280
1087.716875 1520
1088.26375 1336
1088.810625 2432
1089.3575 2564
1089.904375 2444
1090.45125 1816
1090.998125 1408
1091.545 1680
1092.091875 1280
1092.63875 2860
1093.185625 1976
1093.7325 1284
1094.279375 2272
1094.82625 1848
1095.373125 1696
1095.92 2344
1096.466875 1704
1097.01375 1396
1097.560625 1720
1098.1075 2004
1098.654375 1356
1099.20125 1732
1099.748125 1592
1100.295 1816
1100.841875 1848
1101.38875 2116
1101.935625 2168
1102.4825 1880
1103.029375 2324
1103.57625 1612
1104.123125 1676
1104.67 2200
1105.216875 2196
1105.76375 1888
1106.310625 1524
1106.8575 2144
1107.404375 2156
1107.95125 2228
1108.498125 2108
1109.045 2172
1109.591875 2432
1110.13875 2008
1110.685625 1932
1111.2325 2068
1111.779375 2960
1112.32625 1700
1112.873125 2268
1113.42 1996
1113.966875 2332
1114.51375 1448
1115.060625 2092
1115.6075 1484
1116.154375 1872
1116.70125 1984
1117.248125 4212
1117.795 1856
1118.341875 1804
1118.88875 1320
1119.435625 1808
1119.9825 2968
1120.529375 1704
1121.07625 1412
1121.623125 1700
1122.17 2552
1122.716875 1808
1123.26375 1812
1123.810625 2732
1124.3575 1944
1124.904375 1512
1125.45125 1412
1125.998125 2224
1126.545 1340
1127.091875 1572
1127.63875 2008
1128.185625 1864
1128.7325 2360
1129.279375 2492
1129.82625 2012
1130.373125 1812
1130.92 2908
1131.466875 2704
1132.01375 2272
1132.560625 1820
1133.1075 2520
1133.654375 2372
1134.20125 2024
1134.748125 2280
1135.295 2604
1135.841875 1660
1136.38875 1480
1136.935625 1772
1137.4825 1564
1138.029375 2796
1138.57625 2024
1139.123125 1760
1139.67 1676
1140.216875 1776
1140.76375 1604
1141.310625 1964
1141.8575 1812
1142.404375 2032
1142.95125 1584
1143.498125 1868
1144.045 2120
1144.591875 2380
1145.13875 1980
1145.685625 2548
1146.2325 2068
1146.779375 1712
1147.32625 2708
1147.873125 2540
1148.42 2608
1148.966875 1612
1149.51375 2016
1150.060625 2352
1150.6075 2356
1151.154375 1752
1151.70125 1384
1152.248125 1692
1152.795 1176
1153.341875 1884
1153.88875 2440
1154.435625 2432
1154.9825 1796
1155.529375 2228
1156.07625 2004
1156.623125 1340
1157.17 1704
1157.716875 2108
1158.26375 1520
1158.810625 1464
1159.3575 2200
1159.904375 2024
1160.45125 1904
1160.998125 1808
1161.545 1956
1162.091875 1636
1162.63875 2780
1163.185625 1860
1163.7325 2968
1164.279375 1820
1164.82625 1784
1165.373125 1976
1165.92 1660
1166.466875 2600
1167.01375 1632
1167.560625 1816
1168.1075 1884
1168.654375 2788
1169.20125 1552
1169.748125 1940
1170.295 1572
1170.841875 1524
1171.38875 1720
1171.935625 1528
1172.4825 2312
1173.029375 1712
1173.57625 1636
1174.123125 2700
1174.67 2356
1175.216875 2740
1175.76375 1788
1176.310625 2528
1176.8575 1860
1177.404375 2276
1177.95125 2612
1178.498125 1852
1179.045 1948
1179.591875 1664
1180.13875 1680
1180.685625 2868
1181.2325 1424
1181.779375 2424
1182.32625 1508
1182.873125 1876
1183.42 1640
1183.966875 1840
1184.51375 2172
1185.060625 1460
1185.6075 1976
1186.154375 2160
1186.70125 1440
1187.248125 2308
1187.795 1600
1188.341875 2476
1188.88875 1764
1189.435625 1860
1189.9825 1852
1190.529375 2092
1191.07625 1700
1191.623125 2600
1192.17 1856
1192.716875 1604
1193.26375 2108
1193.810625 1812
1194.3575 1316
1194.904375 2088
1195.45125 2000
1195.998125 2204
1196.545 1772
1197.091875 1580
1197.63875 1544
1198.185625 1616
1198.7325 2276
1199.279375 1404
1199.82625 2540
1200.373125 2296
1200.92 2564
1201.466875 2024
1202.01375 2184
1202.560625 1724
1203.1075 1824
1203.654375 1952
1204.20125 1576
1204.748125 1956
1205.295 1964
1205.841875 1968
1206.38875 1636
1206.935625 1808
1207.4825 2324
1208.029375 1888
1208.57625 1668
1209.123125 1276
1209.67 2104
1210.216875 2648
1210.76375 2128
1211.310625 2820
1211.8575 2016
1212.404375 1644
1212.95125 2088
1213.498125 1376
1214.045 1916
1214.591875 1524
1215.13875 2252
1215.685625 2136
1216.2325 1888
1216.779375 2152
1217.32625 2600
1217.873125 2216
1218.42 2332
1218.966875 2356
1219.51375 1552
1220.060625 1948
1220.6075 2244
1221.154375 1576
1221.70125 2228
1222.248125 1712
1222.795 2084
1223.341875 1904
1223.88875 2220
1224.435625 2096
1224.9825 2140
1225.529375 2644
1226.07625 1796
1226.623125 2112
1227.17 2532
1227.716875 2188
1228.26375 2392
1228.810625 2204
1229.3575 2300
1229.904375 2812
1230.45125 2192
1230.998125 1952
1231.545 2560
1232.091875 1748
1232.63875 1948
1233.185625 1756
1233.7325 3152
1234.279375 1836
1234.82625 1740
1235.373125 1920
1235.92 2068
1236.466875 2556
1237.01375 1456
1237.560625 1764
1238.1075 1944
1238.654375 2168
1239.20125 2424
1239.748125 2024
1240.295 1748
1240.841875 1596
1241.38875 1988
1241.935625 1532
1242.4825 2356
1243.029375 2268
1243.57625 1456
1244.123125 1916
1244.67 2892
1245.216875 1988
1245.76375 2412
1246.310625 2376
1246.8575 1992
1247.404375 1720
1247.95125 2480
1248.498125 2648
1249.045 2528
1249.591875 1976
1250.13875 1840
1250.685625 1628
1251.2325 1856
1251.779375 2420
1252.32625 1952
1252.873125 2552
1253.42 2052
1253.966875 1580
1254.51375 1984
1255.060625 2408
1255.6075 1276
1256.154375 1704
1256.70125 1456
1257.248125 1724
1257.795 2384
1258.341875 2712
1258.88875 2360
1259.435625 1928
1259.9825 1796
1260.529375 2592
1261.07625 2148
1261.623125 2264
1262.17 2316
1262.716875 1648
1263.26375 2560
1263.810625 3096
1264.3575 2732
1264.904375 1904
1265.45125 1608
1265.998125 1688
1266.545 1932
1267.091875 1976
1267.63875 2504
1268.185625 1724
1268.7325 2268
1269.279375 3168
1269.82625 2424
1270.373125 1788
1270.92 1688
1271.466875 2476
1272.01375 1948
1272.560625 1924
1273.1075 1828
1273.654375 1768
1274.20125 2212
1274.748125 1688
1275.295 1892
1275.841875 1784
1276.38875 2476
1276.935625 2344
1277.4825 1420
1278.029375 2460
1278.57625 2560
1279.123125 2176
1279.67 2132
1280.216875 1592
1280.76375 1780
1281.310625 1700
1281.8575 2064
1282.404375 1768
1282.95125 2048
1283.498125 1924
1284.045 2080
1284.591875 2292
1285.13875 1924
1285.685625 1916
1286.2325 1844
1286.779375 1668
1287.32625 2296
1287.873125 1864
1288.42 1980
1288.966875 2000
1289.51375 3176
1290.060625 1296
1290.6075 3284
1291.154375 2372
1291.70125 2384
1292.248125 2040
1292.795 2332
1293.341875 2984
1293.88875 2276
1294.435625 1968
1294.9825 2152
1295.529375 1884
1296.07625 1764
1296.623125 1924
1297.17 2340
1297.716875 3012
1298.26375 2576
1298.810625 2176
1299.3575 2648
1299.904375 2032
1300.45125 1668
1300.998125 2276
1301.545 2684
1302.091875 1820
1302.63875 2104
1303.185625 2044
1303.7325 1828
1304.279375 2332
1304.82625 2592
1305.373125 2328
1305.92 2376
1306.466875 2576
1307.01375 2444
1307.560625 1876
1308.1075 3136
1308.654375 2324
1309.20125 2532
1309.748125 2404
1310.295 1820
1310.841875 1940
1311.38875 2608
1311.935625 2908
1312.4825 2064
1313.029375 1920
1313.57625 2512
1314.123125 2596
1314.67 2244
1315.216875 2064
1315.76375 1560
1316.310625 1936
1316.8575 1680
1317.404375 2624
1317.95125 2496
1318.498125 1916
1319.045 2636
1319.591875 2272
1320.13875 1876
1320.685625 1952
1321.2325 2808
1321.779375 2180
1322.32625 2028
1322.873125 1840
1323.42 2176
1323.966875 1920
1324.51375 1772
1325.060625 2312
1325.6075 2028
1326.154375 2156
1326.70125 2592
1327.248125 1840
1327.795 2676
1328.341875 2216
1328.88875 2156
1329.435625 2048
1329.9825 2272
1330.529375 2188
1331.07625 1900
1331.623125 2752
1332.17 1528
1332.716875 1792
1333.26375 1664
1333.810625 2384
1334.3575 2568
1334.904375 2364
1335.45125 2140
1335.998125 2804
1336.545 2356
1337.091875 1932
1337.63875 2284
1338.185625 2068
1338.7325 1916
1339.279375 2420
1339.82625 2124
1340.373125 1560
1340.92 2616
1341.466875 1880
1342.01375 2124
1342.560625 2332
1343.1075 2520
1343.654375 2204
1344.20125 2212
1344.748125 2492
1345.295 2732
1345.841875 2100
1346.38875 2324
1346.935625 2060
1347.4825 2460
1348.029375 2176
1348.57625 2168
1349.123125 2296
1349.67 2200
1350.216875 2784
1350.76375 2112
1351.310625 2260
1351.8575 2012
1352.404375 2552
1352.95125 2184
1353.498125 2096
1354.045 3384
1354.591875 2444
1355.13875 2128
1355.685625 2428
1356.2325 1832
1356.779375 2568
1357.32625 2524
1357.873125 2600
1358.42 1996
1358.966875 2908
1359.51375 2368
1360.060625 2556
1360.6075 2972
1361.154375 2372
1361.70125 2552
1362.248125 1996
1362.795 2736
1363.341875 3028
1363.88875 2244
1364.435625 2392
1364.9825 3072
1365.529375 2348
1366.07625 3568
1366.623125 2616
1367.17 2772
1367.716875 2328
1368.26375 2260
1368.810625 2276
1369.3575 3100
1369.904375 2740
1370.45125 2244
1370.998125 2428
1371.545 2732
1372.091875 4240
1372.63875 2488
1373.185625 3412
1373.7325 2348
1374.279375 2256
1374.82625 2620
1375.373125 3192
1375.92 2860
1376.466875 2684
1377.01375 2720
1377.560625 2740
1378.1075 2912
1378.654375 2764
1379.20125 2652
1379.748125 2804
1380.295 2708
1380.841875 3100
1381.38875 2412
1381.935625 2620
1382.4825 3208
1383.029375 2104
1383.57625 2840
1384.123125 2564
1384.67 2840
1385.216875 2876
1385.76375 2556
1386.310625 2940
1386.8575 3000
1387.404375 3152
1387.95125 3304
1388.498125 2576
1389.045 3044
1389.591875 2988
1390.13875 3304
1390.685625 2720
1391.2325 3920
1391.779375 3024
1392.32625 3460
1392.873125 3408
1393.42 3408
1393.966875 3756
1394.51375 2944
1395.060625 4668
1395.6075 3732
1396.154375 2792
1396.70125 3100
1397.248125 3376
1397.795 3520
1398.341875 2816
1398.88875 3648
1399.435625 3340
1399.9825 3616
1400.529375 2832
1401.07625 3504
1401.623125 3908
1402.17 3384
1402.716875 3260
1403.26375 4096
1403.810625 3336
1404.3575 3640
1404.904375 3788
1405.45125 3672
1405.998125 3628
1406.545 3608
1407.091875 3476
1407.63875 3720
1408.185625 4676
1408.7325 3964
1409.279375 4368
1409.82625 3312
1410.373125 3856
1410.92 4432
1411.466875 4532
1412.01375 3544
1412.560625 4556
1413.1075 4720
1413.654375 3948
1414.20125 5180
1414.748125 4320
1415.295 4180
1415.841875 5160
1416.38875 4620
1416.935625 5652
1417.4825 5552
1418.029375 5148
1418.57625 5760
1419.123125 5216
