299.67 24
300.216875 40
300.76375 148
301.310625 52
301.8575 -72
302.404375 132
302.95125 40
303.498125 -96
304.045 208
304.591875 -188
305.13875 160
305.685625 -100
306.2325 244
306.779375 -96
307.32625 0
307.873125 -220
308.42 60
308.966875 52
309.51375 -92
310.060625 92
310.6075 40
311.154375 -68
311.70125 40
312.248125 -20
312.795 8
313.341875 144
313.88875 168
314.435625 -20
314.9825 148
315.529375 120
316.07625 -4
316.623125 -12
317.17 40
317.716875 128
318.26375 -96
318.810625 88
319.3575 -44
319.904375 16
320.45125 152
320.998125 44
321.545 52
322.091875 132
322.63875 -16
323.185625 112
323.7325 84
324.279375 0
324.82625 80
325.373125 96
325.92 -28
326.466875 -88
327.01375 0
327.560625 112
328.1075 -64
328.654375 -184
329.20125 -40
329.748125 32
330.295 28
330.841875 44
331.38875 48
331.935625 96
332.4825 -8
333.029375 48
333.57625 -88
334.123125 -24
334.67 -96
335.216875 -44
335.76375 72
336.310625 120
336.8575 24
337.404375 36
337.95125 140
338.498125 -8
339.045 -68
339.591875 -116
340.13875 4
340.685625 60
341.2325 -116
341.779375 0
342.32625 112
342.873125 -32
343.42 56
343.966875 16
344.51375 -124
345.060625 -76
345.6075 -12
346.154375 112
346.70125 40
347.248125 -24
347.795 -84
348.341875 84
348.88875 -160
349.435625 -328
349.9825 -4
350.529375 84
351.07625 -88
351.623125 -4
352.17 60
352.716875 24
353.26375 -80
353.810625 -56
354.3575 40
354.904375 -32
355.45125 52
355.998125 108
356.545 -44
357.091875 36
357.63875 -80
358.185625 -116
358.7325 -56
359.279375 20
359.82625 -4
360.373125 -40
360.92 -40
361.466875 56
362.01375 -256
362.560625 164
363.1075 -144
363.654375 4
364.20125 200
364.748125 -24
365.295 -112
365.841875 -16
366.38875 68
366.935625 -52
367.4825 -100
368.029375 -52
368.57625 -164
369.123125 64
369.67 64
370.216875 -28
370.76375 -216
371.310625 -12
371.8575 -80
372.404375 -4
372.95125 104
373.498125 -60
374.045 56
374.591875 -12
375.13875 108
375.685625 -44
376.2325 -24
376.779375 80
377.32625 -12
377.873125 -96
378.42 16
378.966875 -168
379.51375 16
380.060625 -68
380.6075 92
381.154375 40
381.70125 -68
382.248125 -104
382.795 -100
383.341875 -48
383.88875 104
384.435625 20
384.9825 -4
385.529375 -4
386.07625 -12
386.623125 -100
387.17 28
387.716875 -168
388.26375 -64
388.810625 128
389.3575 120
389.904375 -16
390.45125 92
390.998125 -4
391.545 -28
392.091875 32
392.63875 116
393.185625 100
393.7325 -8
394.279375 -80
394.82625 -16
395.373125 -32
395.92 12
396.466875 92
397.01375 -88
397.560625 4
398.1075 32
398.654375 80
399.20125 0
399.748125 -296
400.295 -180
400.841875 76
401.38875 -240
401.935625 -164
402.4825 -48
403.029375 136
403.57625 16
404.123125 -176
404.67 -104
405.216875 -152
405.76375 -132
406.310625 136
406.8575 -88
407.404375 -48
407.95125 68
408.498125 -12
409.045 -140
409.591875 124
410.13875 -212
410.685625 -104
411.2325 -84
411.779375 -88
412.32625 56
412.873125 84
413.42 28
413.966875 -140
414.51375 76
415.060625 16
415.6075 -20
416.154375 128
416.70125 88
417.248125 104
417.795 56
418.341875 132
418.88875 -24
419.435625 200
419.9825 -64
420.529375 -60
421.07625 -4
421.623125 144
422.17 80
422.716875 -128
423.26375 44
423.810625 -188
424.3575 -104
424.904375 56
425.45125 96
425.998125 -120
426.545 56
427.091875 36
427.63875 -104
428.185625 248
428.7325 -152
429.279375 -4
429.82625 72
430.373125 192
430.92 -104
431.466875 -8
432.01375 28
432.560625 -112
433.1075 32
433.654375 -156
434.20125 -12
434.748125 124
435.295 -100
435.841875 -20
436.38875 180
436.935625 -4
437.4825 -28
438.029375 76
438.57625 -52
439.123125 16
439.67 120
440.216875 -44
440.76375 -44
441.310625 48
441.8575 -12
442.404375 -36
442.95125 -40
443.498125 -32
444.045 180
444.591875 96
445.13875 180
445.685625 112
446.2325 292
446.779375 92
447.32625 136
447.873125 112
448.42 -56
448.966875 8
449.51375 -8
450.060625 -56
450.6075 60
451.154375 20
451.70125 24
452.248125 -4
452.795 -36
453.341875 -88
453.88875 208
454.435625 104
454.9825 -92
455.529375 -84
456.07625 -112
456.623125 -76
457.17 80
457.716875 44
458.26375 116
458.810625 -36
459.3575 -32
459.904375 0
460.45125 48
460.998125 168
461.545 12
462.091875 40
462.63875 -88
463.185625 -72
463.7325 12
464.279375 -88
464.82625 16
465.373125 -104
465.92 -156
466.466875 32
467.01375 52
467.560625 104
468.1075 40
468.654375 32
469.20125 -32
469.748125 8
470.295 -68
470.841875 -20
471.38875 24
471.935625 0
472.4825 60
473.029375 12
473.57625 4
474.123125 96
474.67 28
475.216875 -100
475.76375 -40
476.310625 -192
476.8575 -184
477.404375 -32
477.95125 100
478.498125 100
479.045 -216
479.591875 156
480.13875 -192
480.685625 -128
481.2325 40
481.779375 192
482.32625 64
482.873125 64
483.42 -56
483.966875 -132
484.51375 68
485.060625 -160
485.6075 -176
486.154375 20
486.70125 104
487.248125 136
487.795 -168
488.341875 -40
488.88875 148
489.435625 -160
489.9825 -88
490.529375 32
491.07625 -16
491.623125 -40
492.17 68
492.716875 184
493.26375 -128
493.810625 32
494.3575 8
494.904375 -52
495.45125 32
495.998125 0
496.545 -204
497.091875 92
497.63875 116
498.185625 20
498.7325 68
499.279375 148
499.82625 188
500.373125 48
500.92 28
501.466875 -184
502.01375 112
502.560625 -76
503.1075 -4
503.654375 148
504.20125 28
504.748125 -24
505.295 -72
505.841875 24
506.38875 -124
506.935625 48
507.4825 -84
508.029375 -12
508.57625 92
509.123125 -164
509.67 24
510.216875 -92
510.76375 12
511.310625 40
511.8575 40
512.4043750000001 -16
512.9512500000001 -28
513.4981250000001 64
514.0450000000001 112
514.5918750000001 -36
515.1387500000001 -144
515.6856250000001 -128
516.2325000000001 -8
516.7793750000001 180
517.3262500000001 64
517.8731250000001 148
518.4200000000001 24
518.9668750000001 72
519.5137500000001 116
520.0606250000001 -108
520.6075000000001 -112
521.1543750000001 -48
521.7012500000001 -8
522.2481250000001 -16
522.7950000000001 -44
523.3418750000001 112
523.8887500000001 8
524.4356250000001 -44
524.9825000000001 48
525.5293750000001 180
526.0762500000001 -60
526.6231250000001 -40
527.1700000000001 8
527.7168750000001 -152
528.2637500000001 -48
528.8106250000001 -76
529.3575000000001 36
529.9043750000001 104
530.4512500000001 28
530.9981250000001 80
531.5450000000001 -36
532.0918750000001 -28
532.6387500000001 -116
533.1856250000001 4
533.7325000000001 -96
534.2793750000001 152
534.8262500000001 -76
535.3731250000001 -84
535.9200000000001 40
536.4668750000001 28
537.0137500000001 -36
537.5606250000001 -16
538.1075000000001 -256
538.6543750000001 76
539.2012500000001 -92
539.7481250000001 64
540.2950000000001 -48
540.8418750000001 36
541.3887500000001 4
541.9356250000001 -20
542.4825000000001 -8
543.0293750000001 148
543.5762500000001 -12
544.1231250000001 -76
544.6700000000001 156
545.2168750000001 -56
545.7637500000001 -28
546.3106250000001 -72
546.8575000000001 -84
547.4043750000001 -80
547.9512500000001 76
548.4981250000001 92
549.0450000000001 -72
549.5918750000001 12
550.1387500000001 -40
550.6856250000001 -32
551.2325000000001 -72
551.7793750000001 132
552.3262500000001 44
552.8731250000001 64
553.4200000000001 -32
553.9668750000001 76
554.5137500000001 -100
555.0606250000001 -72
555.6075000000001 76
556.1543750000001 -4
556.7012500000001 40
557.2481250000001 100
557.7950000000001 -80
558.3418750000001 76
558.8887500000001 112
559.4356250000001 -80
559.9825000000001 48
560.5293750000001 4
561.0762500000001 -48
561.6231250000001 -116
562.1700000000001 -60
562.7168750000001 -32
563.2637500000001 152
563.8106250000001 -212
564.3575000000001 -64
564.9043750000001 -100
565.4512500000001 44
565.9981250000001 104
566.5450000000001 -56
567.0918750000001 -88
567.6387500000001 152
568.1856250000001 -16
568.7325000000001 -84
569.2793750000001 44
569.8262500000001 -60
570.3731250000001 -4
570.9200000000001 68
571.4668750000001 160
572.0137500000001 -16
572.5606250000001 -36
573.1075000000001 -36
573.6543750000001 16
574.2012500000001 120
574.7481250000001 -24
575.2950000000001 -24
575.8418750000001 8
576.3887500000001 120
576.9356250000001 148
577.4825000000001 -8
578.0293750000001 28
578.5762500000001 -84
579.1231250000001 -80
579.6700000000001 -40
580.2168750000001 -124
580.7637500000001 76
581.3106250000001 -12
581.8575000000001 -216
582.4043750000001 28
582.9512500000001 -76
583.4981250000001 -52
584.0450000000001 -112
584.5918750000001 -164
585.1387500000001 116
585.6856250000001 128
586.2325000000001 -36
586.7793750000001 232
587.3262500000001 -52
587.8731250000001 52
588.4200000000001 112
588.9668750000001 -56
589.5137500000001 96
590.0606250000001 -24
590.6075000000001 -60
591.1543750000001 -20
591.7012500000001 -144
592.2481250000001 -72
592.7950000000001 52
593.3418750000001 88
593.8887500000001 -96
594.4356250000001 -4
594.9825000000001 -140
595.5293750000001 -92
596.0762500000001 80
596.6231250000001 -104
597.1700000000001 -36
597.7168750000001 -76
598.2637500000001 -248
598.8106250000001 48
599.3575000000001 0
599.9043750000001 -60
600.4512500000001 -196
600.9981250000001 48
601.5450000000001 -24
602.0918750000001 128
602.6387500000001 80
603.1856250000001 -152
603.7325000000001 36
604.2793750000001 16
604.8262500000001 136
605.3731250000001 -60
605.9200000000001 -76
606.4668750000001 108
607.0137500000001 -112
607.5606250000001 84
608.1075000000001 132
608.6543750000001 -44
609.2012500000001 148
609.7481250000001 80
610.2950000000001 -12
610.8418750000001 -24
611.3887500000001 -12
611.9356250000001 88
612.4825000000001 -28
613.0293750000001 32
613.5762500000001 248
614.1231250000001 -12
614.6700000000001 16
615.2168750000001 44
615.7637500000001 48
616.3106250000001 -68
616.8575000000001 -164
617.4043750000001 -104
617.9512500000001 -24
618.4981250000001 176
619.0450000000001 -68
619.5918750000001 -40
620.1387500000001 -48
620.6856250000001 -20
621.2325000000001 120
621.7793750000001 44
622.3262500000001 -136
622.8731250000001 4
623.4200000000001 -60
623.9668750000001 120
624.5137500000001 8
625.0606250000001 -16
625.6075000000001 48
626.1543750000001 140
626.7012500000001 -12
627.2481250000001 284
627.7950000000001 -20
628.3418750000001 192
628.8887500000001 36
629.4356250000001 -12
629.9825000000001 156
630.5293750000001 -104
631.0762500000001 8
631.6231250000001 -108
632.1700000000001 116
632.7168750000001 -44
633.2637500000001 88
633.8106250000001 -16
634.3575000000001 48
634.9043750000001 -32
635.4512500000001 -56
635.9981250000001 -44
636.5450000000001 -36
637.0918750000001 -64
637.6387500000001 -160
638.1856250000001 208
638.7325000000001 -24
639.2793750000001 -4
639.8262500000001 -152
640.3731250000001 48
640.9200000000001 24
641.4668750000001 -56
642.0137500000001 -52
642.5606250000001 0
643.1075000000001 -88
643.6543750000001 84
644.2012500000001 148
644.7481250000001 132
645.2950000000001 -200
645.8418750000001 -160
646.3887500000001 24
646.9356250000001 -76
647.4825000000001 176
648.0293750000001 -8
648.5762500000001 -76
649.1231250000001 -68
649.6700000000001 168
650.2168750000001 -128
650.7637500000001 -132
651.3106250000001 -148
651.8575000000001 -120
652.4043750000001 36
652.9512500000001 -92
653.4981250000001 92
654.0450000000001 -16
654.5918750000001 88
655.1387500000001 212
655.6856250000001 -20
656.2325000000001 -20
656.7793750000001 28
657.3262500000001 -68
657.8731250000001 48
658.4200000000001 80
658.9668750000001 -76
659.5137500000001 120
660.0606250000001 -4
660.6075000000001 36
661.1543750000001 -128
661.7012500000001 -4
662.2481250000001 -24
662.7950000000001 160
663.3418750000001 48
663.8887500000001 172
664.4356250000001 -176
664.9825000000001 16
665.5293750000001 -40
666.0762500000001 -72
666.6231250000001 -128
667.1700000000001 160
667.7168750000001 92
668.2637500000001 -124
668.8106250000001 -60
669.3575000000001 -16
669.9043750000001 -20
670.4512500000001 72
670.9981250000001 -56
671.5450000000001 -48
672.0918750000001 -224
672.6387500000001 80
673.1856250000001 -24
673.7325000000001 -8
674.2793750000001 80
674.8262500000001 0
675.3731250000001 -100
675.9200000000001 -156
676.4668750000001 8
677.0137500000001 40
677.5606250000001 20
678.1075000000001 52
678.6543750000001 -68
679.2012500000001 52
679.7481250000001 60
680.2950000000001 -20
680.8418750000001 36
681.3887500000001 84
681.9356250000001 -68
682.4825000000001 4
683.0293750000001 4
683.5762500000001 -88
684.1231250000001 116
684.6700000000001 -72
685.2168750000001 -56
685.7637500000001 204
686.3106250000001 -20
686.8575000000001 32
687.4043750000001 144
687.9512500000001 0
688.4981250000001 76
689.0450000000001 52
689.5918750000001 -64
690.1387500000001 36
690.6856250000001 -12
691.2325000000001 -56
691.7793750000001 20
692.3262500000001 24
692.8731250000001 -80
693.4200000000001 -4
693.9668750000001 -12
694.5137500000001 132
695.0606250000001 -40
695.6075000000001 104
696.1543750000001 28
696.7012500000001 124
697.2481250000001 48
697.7950000000001 192
698.3418750000001 -12
698.8887500000001 92
699.4356250000001 -68
699.9825000000001 -164
700.5293750000001 4
701.0762500000001 -148
701.6231250000001 -24
702.1700000000001 92
702.7168750000001 16
703.2637500000001 152
703.8106250000001 152
704.3575000000001 160
704.9043750000001 -24
705.4512500000001 -36
705.9981250000001 12
706.5450000000001 24
707.0918750000001 -100
707.6387500000001 -4
708.1856250000001 128
708.7325000000001 -128
709.2793750000001 -156
709.8262500000001 -36
710.3731250000001 -88
710.9200000000001 -128
711.4668750000001 -136
712.0137500000001 152
712.5606250000001 108
713.1075000000001 140
713.6543750000001 176
714.2012500000001 80
714.7481250000001 -196
715.2950000000001 -28
715.8418750000001 28
716.3887500000001 176
716.9356250000001 80
717.4825000000001 -144
718.0293750000001 4
718.5762500000001 -8
719.1231250000001 -20
719.6700000000001 -116
720.2168750000001 -56
720.7637500000001 52
721.3106250000001 -116
721.8575000000001 68
722.4043750000001 88
722.9512500000001 -96
723.4981250000001 36
724.0450000000001 -168
724.5918750000001 -20
725.1387500000001 -80
725.6856250000001 24
726.2325000000001 -84
726.7793750000001 76
727.3262500000001 -32
727.8731250000001 4
728.4200000000001 48
728.9668750000001 -52
729.5137500000001 16
730.0606250000001 -148
730.6075000000001 -4
731.1543750000001 -96
731.7012500000001 8
732.2481250000001 0
732.7950000000001 32
733.3418750000001 156
733.8887500000001 -192
734.4356250000001 -120
734.9825000000001 -136
735.5293750000001 96
736.0762500000001 -204
736.6231250000001 -36
737.1700000000001 76
737.7168750000001 28
738.2637500000001 -88
738.8106250000001 -72
739.3575000000001 -208
739.9043750000001 -28
740.4512500000001 -48
740.9981250000001 -164
741.5450000000001 48
742.0918750000001 -80
742.6387500000001 56
743.1856250000001 -72
743.7325000000001 -64
744.2793750000001 -84
744.8262500000001 32
745.3731250000001 -140
745.9200000000001 -140
746.4668750000001 -164
747.0137500000001 20
747.5606250000001 16
748.1075000000001 96
748.6543750000001 112
749.2012500000001 -52
749.7481250000001 -16
750.2950000000001 116
750.8418750000001 4
751.3887500000001 24
751.9356250000001 -136
752.4825000000001 32
753.0293750000001 -48
753.5762500000001 124
754.1231250000001 -156
754.6700000000001 56
755.2168750000001 16
755.7637500000001 20
756.3106250000001 -28
756.8575000000001 -308
757.4043750000001 -36
757.9512500000001 -112
758.4981250000001 -12
759.0450000000001 -196
759.5918750000001 -4
760.1387500000001 -128
760.6856250000001 -104
761.2325000000001 40
761.7793750000001 -24
762.3262500000001 -112
762.8731250000001 -192
763.4200000000001 0
763.9668750000001 -180
764.5137500000001 152
765.0606250000001 -68
765.6075000000001 -12
766.1543750000001 128
766.7012500000001 -44
767.2481250000001 160
767.7950000000001 -60
768.3418750000001 32
768.8887500000001 -108
769.4356250000001 8
769.9825000000001 -4
770.5293750000001 -16
771.0762500000001 -24
771.6231250000001 -68
772.1700000000001 -76
772.7168750000001 -52
773.2637500000001 -72
773.8106250000001 192
774.3575000000001 76
774.9043750000001 -60
775.4512500000001 152
775.9981250000001 52
776.5450000000001 32
777.0918750000001 120
777.6387500000001 24
778.1856250000001 104
778.7325000000001 -28
779.2793750000001 -24
779.8262500000001 204
780.3731250000001 56
780.9200000000001 -156
781.4668750000001 108
782.0137500000001 132
782.5606250000001 88
783.1075000000001 -308
783.6543750000001 168
784.2012500000001 140
784.7481250000001 164
785.2950000000001 36
785.8418750000001 152
786.3887500000001 -72
786.9356250000001 -32
787.4825000000001 -12
788.0293750000001 68
788.5762500000001 -132
789.1231250000001 -104
789.6700000000001 -12
790.2168750000001 -12
790.7637500000001 296
791.3106250000001 160
791.8575000000001 -84
792.4043750000001 72
792.9512500000001 -52
793.4981250000001 -160
794.0450000000001 252
794.5918750000001 -12
795.1387500000001 -84
795.6856250000001 64
796.2325000000001 148
796.7793750000001 -32
797.3262500000001 24
797.8731250000001 0
798.4200000000001 64
798.9668750000001 12
799.5137500000001 -68
800.0606250000001 132
800.6075000000001 32
801.1543750000001 92
801.7012500000001 -68
802.2481250000001 -64
802.7950000000001 0
803.3418750000001 -148
803.8887500000001 72
804.4356250000001 120
804.9825000000001 -4
805.5293750000001 84
806.0762500000001 284
806.6231250000001 -60
807.1700000000001 -92
807.7168750000001 88
808.2637500000001 -84
808.8106250000001 -56
809.3575000000001 -156
809.9043750000001 -80
810.4512500000001 4
810.9981250000001 -72
811.5450000000001 -36
812.0918750000001 212
812.6387500000001 80
813.1856250000001 88
813.7325000000001 -24
814.2793750000001 -144
814.8262500000001 20
815.3731250000001 68
815.9200000000001 60
816.4668750000001 -68
817.0137500000001 -48
817.5606250000001 -32
818.1075000000001 -4
818.6543750000001 40
819.2012500000001 -172
819.7481250000001 -124
820.2950000000001 32
820.8418750000001 152
821.3887500000001 -48
821.9356250000001 -104
822.4825000000001 -128
823.0293750000001 92
823.5762500000001 272
824.1231250000001 -96
824.6700000000001 36
825.2168750000001 -16
825.7637500000001 4
826.3106250000001 -32
826.8575000000001 28
827.4043750000001 96
827.9512500000001 28
828.4981250000001 40
829.0450000000001 40
829.5918750000001 116
830.1387500000001 -36
830.6856250000001 -108
831.2325000000001 -120
831.7793750000001 120
832.3262500000001 24
832.8731250000001 -52
833.4200000000001 68
833.9668750000001 120
834.5137500000001 -108
835.0606250000001 160
835.6075000000001 -56
836.1543750000001 116
836.7012500000001 -36
837.2481250000001 -36
837.7950000000001 68
838.3418750000001 132
838.8887500000001 88
839.4356250000001 120
839.9825000000001 -176
840.5293750000001 16
841.0762500000001 -160
841.6231250000001 -152
842.1700000000001 12
842.7168750000001 48
843.2637500000001 200
843.8106250000001 -112
844.3575000000001 0
844.9043750000001 36
845.4512500000001 36
845.9981250000001 56
846.5450000000001 92
847.0918750000001 144
847.6387500000001 64
848.1856250000001 64
848.7325000000001 -144
849.2793750000001 52
849.8262500000001 108
850.3731250000001 252
850.9200000000001 -96
851.4668750000001 152
852.0137500000001 280
852.5606250000001 0
853.1075000000001 304
853.6543750000001 112
854.2012500000001 -12
854.7481250000001 112
855.2950000000001 184
855.8418750000001 76
856.3887500000001 172
856.9356250000001 140
857.4825000000001 248
858.0293750000001 -104
858.5762500000001 20
859.1231250000001 76
859.6700000000001 196
860.2168750000001 284
860.7637500000001 108
861.3106250000001 148
861.8575000000001 236
862.4043750000001 44
862.9512500000001 8
863.4981250000001 292
864.0450000000001 312
864.5918750000001 260
865.1387500000001 120
865.6856250000001 580
866.2325000000001 240
866.7793750000001 456
867.3262500000001 320
867.8731250000001 368
868.4200000000001 300
868.9668750000001 292
869.5137500000001 344
870.0606250000001 344
870.6075000000001 376
871.1543750000001 568
871.7012500000001 296
872.2481250000001 416
872.7950000000001 388
873.3418750000001 256
873.8887500000001 420
874.4356250000001 428
874.9825000000001 608
875.5293750000001 428
876.0762500000001 248
876.6231250000001 424
877.1700000000001 472
877.7168750000001 416
878.2637500000001 660
878.8106250000001 668
879.3575000000001 512
879.9043750000001 556
880.4512500000001 536
880.9981250000001 588
881.5450000000001 512
882.0918750000001 692
882.6387500000001 648
883.1856250000001 636
883.7325000000001 832
884.2793750000001 632
884.8262500000001 796
885.3731250000001 852
885.9200000000001 684
886.4668750000001 732
887.0137500000001 952
887.5606250000001 916
888.1075000000001 888
888.6543750000001 896
889.2012500000001 756
889.7481250000001 920
890.2950000000001 952
890.8418750000001 1116
891.3887500000001 1100
891.9356250000001 896
892.4825000000001 1132
893.0293750000001 1160
893.5762500000001 1060
894.1231250000001 1100
894.6700000000001 1240
895.2168750000001 1316
895.7637500000001 1484
896.3106250000001 1712
896.8575000000001 1444
897.4043750000001 1716
897.9512500000001 1452
898.4981250000001 1724
899.0450000000001 1704
899.5918750000001 1940
900.1387500000001 1828
900.6856250000001 2012
901.2325000000001 1952
901.7793750000001 1848
902.3262500000001 2144
902.8731250000001 2120
903.4200000000001 2140
903.9668750000001 2304
904.5137500000001 2324
905.0606250000001 2448
905.6075000000001 2572
906.1543750000001 2828
906.7012500000001 2764
907.2481250000001 2728
907.7950000000001 3060
908.3418750000001 3060
908.8887500000001 3040
909.4356250000001 3560
909.9825000000001 3328
910.5293750000001 3328
911.0762500000001 3668
911.6231250000001 3488
912.1700000000001 3768
912.7168750000001 3888
913.2637500000001 3900
913.8106250000001 4140
914.3575000000001 4320
914.9043750000001 4276
915.4512500000001 4456
915.9981250000001 4628
916.5450000000001 4972
917.0918750000001 5072
917.6387500000001 4648
918.1856250000001 5244
918.7325000000001 5196
919.2793750000001 5444
919.8262500000001 5368
920.3731250000001 6112
920.9200000000001 5876
921.4668750000001 6140
922.0137500000001 5916
922.5606250000001 6316
923.1075000000001 6328
923.6543750000001 6728
924.2012500000001 6680
924.7481250000001 6828
925.2950000000001 6808
925.8418750000001 6920
926.3887500000001 6972
926.9356250000001 7256
927.4825000000001 7268
928.0293750000001 7584
928.5762500000001 7696
929.1231250000001 7660
929.6700000000001 7852
930.2168750000001 7832
930.7637500000001 8108
931.3106250000001 8036
931.8575000000001 7948
932.4043750000001 7900
932.9512500000001 8172
933.4981250000001 8476
934.0450000000001 8196
934.5918750000001 8436
935.1387500000001 8200
935.6856250000001 8624
936.2325000000001 8476
936.7793750000001 8656
937.3262500000001 8180
937.8731250000001 8184
938.4200000000001 8452
938.9668750000001 8340
939.5137500000001 8472
940.0606250000001 8628
940.6075000000001 8444
941.1543750000001 8220
941.7012500000001 8012
942.2481250000001 8108
942.7950000000001 8256
943.3418750000001 7612
943.8887500000001 7988
944.4356250000001 7736
944.9825000000001 7672
945.5293750000001 7592
946.0762500000001 7724
946.6231250000001 7120
947.1700000000001 7436
947.7168750000001 7428
948.2637500000001 7276
948.8106250000001 6980
949.3575000000001 6900
949.9043750000001 6960
950.4512500000001 6596
950.9981250000001 7092
951.5450000000001 6660
952.0918750000001 6616
952.6387500000001 6356
953.1856250000001 6424
953.7325000000001 6280
954.2793750000001 5984
954.8262500000001 5860
955.3731250000001 5876
955.9200000000001 5336
956.4668750000001 5260
957.0137500000001 5156
957.5606250000001 5160
958.1075000000001 5300
958.6543750000001 5012
959.2012500000001 5020
959.7481250000001 4800
960.2950000000001 4408
960.8418750000001 4640
961.3887500000001 4568
961.9356250000001 4360
962.4825000000001 4484
963.0293750000001 4488
963.5762500000001 4084
964.1231250000001 3816
964.6700000000001 3908
965.2168750000001 4012
965.7637500000001 3580
966.3106250000001 3692
966.8575000000001 3460
967.4043750000001 3408
967.9512500000001 3240
968.4981250000001 3224
969.0450000000001 3336
969.5918750000001 3068
970.1387500000001 3064
970.6856250000001 2856
971.2325000000001 2964
971.7793750000001 2564
972.3262500000001 2748
972.8731250000001 2432
973.4200000000001 2524
973.9668750000001 2468
974.5137500000001 2296
975.0606250000001 2072
975.6075000000001 2084
976.1543750000001 2120
976.7012500000001 1924
977.2481250000001 2160
977.7950000000001 2076
978.3418750000001 1956
978.8887500000001 1820
979.4356250000001 1776
979.9825000000001 1868
980.5293750000001 1664
981.0762500000001 1588
981.6231250000001 1436
982.1700000000001 1656
982.7168750000001 1376
983.2637500000001 1392
983.8106250000001 1412
984.3575000000001 1436
984.9043750000001 1048
985.4512500000001 1356
985.9981250000001 1216
986.5450000000001 1268
987.0918750000001 1196
987.6387500000001 1192
988.1856250000001 1040
988.7325000000001 1104
989.2793750000001 1088
989.8262500000001 700
990.3731250000001 1168
990.9200000000001 940
991.4668750000001 964
992.0137500000001 772
992.5606250000001 732
993.1075000000001 780
993.6543750000001 820
994.2012500000001 776
994.7481250000001 784
995.2950000000001 772
995.8418750000001 768
996.3887500000001 564
996.9356250000001 448
997.4825000000001 444
998.0293750000001 440
998.5762500000001 476
999.1231250000001 452
999.6700000000001 404
1000.2168750000001 408
1000.7637500000001 508
1001.3106250000001 436
1001.8575000000001 360
1002.4043750000001 484
1002.9512500000001 368
1003.4981250000001 396
1004.0450000000001 392
1004.5918750000001 324
1005.1387500000001 460
1005.6856250000001 332
1006.2325000000001 216
1006.7793750000001 120
1007.3262500000001 360
1007.8731250000001 360
1008.4200000000001 264
1008.9668750000001 360
1009.5137500000001 196
1010.0606250000001 176
1010.6075000000001 104
1011.1543750000001 244
1011.7012500000001 432
1012.2481250000001 288
1012.7950000000001 140
1013.3418750000001 176
1013.8887500000001 64
1014.4356250000001 60
1014.9825000000001 268
1015.5293750000001 16
1016.0762500000001 -80
1016.6231250000001 312
1017.1700000000001 144
1017.7168750000001 168
1018.2637500000001 324
1018.8106250000001 72
1019.3575000000001 36
1019.9043750000001 200
1020.4512500000001 192
1020.9981250000001 216
1021.5450000000001 160
1022.0918750000001 96
1022.6387500000001 216
1023.1856250000001 120
1023.7325000000001 156
1024.279375 176
1024.82625 -120
1025.373125 228
1025.92 48
1026.466875 112
1027.01375 -16
1027.560625 120
1028.1075 48
1028.654375 28
1029.20125 116
1029.748125 16
1030.295 -68
1030.841875 76
1031.38875 156
1031.935625 104
1032.4825 100
1033.029375 72
1033.57625 -44
1034.123125 -12
1034.67 4
1035.216875 28
1035.76375 36
1036.310625 160
1036.8575 -80
1037.404375 252
1037.95125 96
1038.498125 -8
1039.045 188
1039.591875 100
1040.13875 136
1040.685625 160
1041.2325 36
1041.779375 -76
1042.32625 116
1042.873125 24
1043.42 -80
1043.966875 -48
1044.51375 -68
1045.060625 160
1045.6075 4
1046.154375 48
1046.70125 76
1047.248125 192
1047.795 -272
1048.341875 -96
1048.88875 24
1049.435625 -36
1049.9825 144
1050.529375 16
1051.07625 104
1051.623125 -120
1052.17 80
1052.716875 72
1053.26375 -28
1053.810625 44
1054.3575 -148
1054.904375 36
1055.45125 120
1055.998125 12
1056.545 -92
1057.091875 -132
1057.63875 56
1058.185625 64
1058.7325 -224
1059.279375 60
1059.82625 -76
1060.373125 -48
1060.92 68
1061.466875 -24
1062.01375 -20
1062.560625 268
1063.1075 -68
1063.654375 104
1064.20125 160
1064.748125 80
1065.295 -80
1065.841875 -12
1066.38875 -108
1066.935625 8
1067.4825 -36
1068.029375 -60
1068.57625 -104
1069.123125 36
1069.67 56
1070.216875 56
1070.76375 -52
1071.310625 56
1071.8575 -92
1072.404375 44
1072.95125 16
1073.498125 48
1074.045 64
1074.591875 -68
1075.13875 -88
1075.685625 -180
1076.2325 200
1076.779375 168
1077.32625 -8
1077.873125 32
1078.42 60
1078.966875 -112
1079.51375 -32
1080.060625 -16
1080.6075 52
1081.154375 172
1081.70125 108
1082.248125 132
1082.795 72
1083.341875 36
1083.88875 -40
1084.435625 200
1084.9825 -124
1085.529375 68
1086.07625 8
1086.623125 104
1087.17 164
1087.716875 156
1088.26375 -176
1088.810625 164
1089.3575 24
1089.904375 124
1090.45125 24
1090.998125 -36
1091.545 84
1092.091875 -88
1092.63875 -8
1093.185625 -80
1093.7325 56
1094.279375 -120
1094.82625 -64
1095.373125 -100
1095.92 88
1096.466875 -148
1097.01375 -28
1097.560625 60
1098.1075 -68
1098.654375 68
1099.20125 -8
1099.748125 108
1100.295 -144
1100.841875 0
1101.38875 44
1101.935625 -48
1102.4825 16
1103.029375 -56
1103.57625 -48
1104.123125 -52
1104.67 44
1105.216875 56
1105.76375 60
1106.310625 -160
1106.8575 -36
1107.404375 200
1107.95125 64
1108.498125 36
1109.045 4
1109.591875 -84
1110.13875 -92
1110.685625 -12
1111.2325 -16
1111.779375 -16
1112.32625 4
1112.873125 108
1113.42 -220
1113.966875 120
1114.51375 -168
1115.060625 28
1115.6075 -96
1116.154375 72
1116.70125 -300
1117.248125 216
1117.795 -152
1118.341875 -32
1118.88875 -44
1119.435625 -136
1119.9825 160
1120.529375 92
1121.07625 -48
1121.623125 24
1122.17 172
1122.716875 36
1123.26375 -160
1123.810625 -260
1124.3575 -88
1124.904375 -228
1125.45125 -24
1125.998125 224
1126.545 -16
1127.091875 -68
1127.63875 180
1128.185625 -28
1128.7325 -52
1129.279375 -36
1129.82625 84
1130.373125 12
1130.92 104
1131.466875 192
1132.01375 168
1132.560625 4
1133.1075 52
1133.654375 -56
1134.20125 -60
1134.748125 92
1135.295 72
1135.841875 -16
1136.38875 128
1136.935625 -32
1137.4825 100
1138.029375 40
1138.57625 -136
1139.123125 -48
1139.67 -8
1140.216875 -32
1140.76375 -184
1141.310625 80
1141.8575 -184
1142.404375 -12
1142.95125 -124
1143.498125 128
1144.045 -20
1144.591875 -104
1145.13875 120
1145.685625 20
1146.2325 -24
1146.779375 -68
1147.32625 -32
1147.873125 8
1148.42 140
1148.966875 4
1149.51375 -4
1150.060625 52
1150.6075 88
1151.154375 76
1151.70125 -212
1152.248125 80
1152.795 -168
1153.341875 -76
1153.88875 -108
1154.435625 76
1154.9825 -24
1155.529375 4
1156.07625 108
1156.623125 -80
1157.17 -120
1157.716875 180
1158.26375 -80
1158.810625 -136
1159.3575 -40
1159.904375 48
1160.45125 -44
1160.998125 -96
1161.545 -72
1162.091875 100
1162.63875 84
1163.185625 -180
1163.7325 -60
1164.279375 -60
1164.82625 112
1165.373125 64
1165.92 12
1166.466875 128
1167.01375 8
1167.560625 168
1168.1075 -20
1168.654375 172
1169.20125 116
1169.748125 -16
1170.295 172
1170.841875 -16
1171.38875 -144
1171.935625 -116
1172.4825 -268
1173.029375 -12
1173.57625 -232
1174.123125 92
1174.67 -8
1175.216875 -176
1175.76375 64
1176.310625 212
1176.8575 8
1177.404375 -8
1177.95125 -92
1178.498125 -112
1179.045 -56
1179.591875 -76
1180.13875 36
1180.685625 -96
1181.2325 -108
1181.779375 -68
1182.32625 -116
1182.873125 48
1183.42 -116
1183.966875 132
1184.51375 60
1185.060625 -40
1185.6075 -32
1186.154375 36
1186.70125 116
1187.248125 -240
1187.795 40
1188.341875 140
1188.88875 40
1189.435625 32
1189.9825 -56
1190.529375 88
1191.07625 -104
1191.623125 60
1192.17 84
1192.716875 88
1193.26375 168
1193.810625 88
1194.3575 -96
1194.904375 -84
1195.45125 -140
1195.998125 -96
1196.545 -12
1197.091875 156
1197.63875 -112
1198.185625 -240
1198.7325 48
1199.279375 16
1199.82625 -144
1200.373125 128
1200.92 -104
1201.466875 100
1202.01375 -64
1202.560625 12
1203.1075 -96
1203.654375 -92
1204.20125 120
1204.748125 8
1205.295 -56
1205.841875 -68
1206.38875 -96
1206.935625 20
1207.4825 12
1208.029375 -104
1208.57625 112
1209.123125 72
1209.67 -16
1210.216875 140
1210.76375 -28
1211.310625 4
1211.8575 -188
1212.404375 -56
1212.95125 -180
1213.498125 -12
1214.045 100
1214.591875 -196
1215.13875 204
1215.685625 20
1216.2325 16
1216.779375 4
1217.32625 -236
1217.873125 -108
1218.42 -56
1218.966875 68
1219.51375 48
1220.060625 -216
1220.6075 76
1221.154375 72
1221.70125 92
1222.248125 148
1222.795 -72
1223.341875 0
1223.88875 132
1224.435625 -148
1224.9825 -60
1225.529375 -8
1226.07625 -20
1226.623125 -180
1227.17 96
1227.716875 -52
1228.26375 -76
1228.810625 -60
1229.3575 96
1229.904375 -80
1230.45125 24
1230.998125 -80
1231.545 216
1232.091875 -40
1232.63875 108
1233.185625 -52
1233.7325 20
1234.279375 72
1234.82625 -44
1235.373125 36
1235.92 -116
1236.466875 100
1237.01375 64
1237.560625 48
1238.1075 -88
1238.654375 -164
1239.20125 44
1239.748125 -48
1240.295 108
1240.841875 -40
1241.38875 176
1241.935625 -64
1242.4825 200
1243.029375 48
1243.57625 20
1244.123125 -100
1244.67 52
1245.216875 80
1245.76375 -20
1246.310625 -148
1246.8575 132
1247.404375 -100
1247.95125 92
1248.498125 -164
1249.045 32
1249.591875 192
1250.13875 40
1250.685625 -56
1251.2325 -148
1251.779375 232
1252.32625 -120
1252.873125 76
1253.42 -36
1253.966875 76
1254.51375 196
1255.060625 -96
1255.6075 68
1256.154375 -4
1256.70125 0
1257.248125 -128
1257.795 228
1258.341875 196
1258.88875 -48
1259.435625 -112
1259.9825 60
1260.529375 -84
1261.07625 -20
1261.623125 -48
1262.17 144
1262.716875 -20
1263.26375 112
1263.810625 196
1264.3575 96
1264.904375 4
1265.45125 -20
1265.998125 -96
1266.545 112
1267.091875 -220
1267.63875 76
1268.185625 92
1268.7325 -48
1269.279375 8
1269.82625 -24
1270.373125 -8
1270.92 -40
1271.466875 4
1272.01375 112
1272.560625 88
1273.1075 76
1273.654375 96
1274.20125 -236
1274.748125 -60
1275.295 -180
1275.841875 -76
1276.38875 4
1276.935625 260
1277.4825 -12
1278.029375 8
1278.57625 -40
1279.123125 40
1279.67 216
1280.216875 136
1280.76375 -40
1281.310625 -136
1281.8575 -36
1282.404375 -148
1282.95125 96
1283.498125 104
1284.045 192
1284.591875 172
1285.13875 32
1285.685625 96
1286.2325 60
1286.779375 32
1287.32625 48
1287.873125 20
1288.42 -172
1288.966875 36
1289.51375 112
1290.060625 4
1290.6075 148
1291.154375 44
1291.70125 68
1292.248125 60
1292.795 -16
1293.341875 0
1293.88875 -72
1294.435625 56
1294.9825 84
1295.529375 -112
1296.07625 40
1296.623125 36
1297.17 16
1297.716875 -224
1298.26375 -88
1298.810625 16
1299.3575 -60
1299.904375 -4
1300.45125 -8
1300.998125 -8
1301.545 236
1302.091875 40
1302.63875 -80
1303.185625 16
1303.7325 24
1304.279375 104
1304.82625 -28
1305.373125 104
1305.92 -16
1306.466875 100
1307.01375 84
1307.560625 -128
1308.1075 -32
1308.654375 -104
1309.20125 52
1309.748125 16
1310.295 56
1310.841875 -180
1311.38875 60
1311.935625 76
1312.4825 84
1313.029375 -36
1313.57625 52
1314.123125 -60
1314.67 48
1315.216875 -72
1315.76375 -52
1316.310625 100
1316.8575 -100
1317.404375 -24
1317.95125 -60
1318.498125 132
1319.045 -52
1319.591875 252
1320.13875 112
1320.685625 112
1321.2325 -72
1321.779375 -16
1322.32625 -88
1322.873125 -92
1323.42 -220
1323.966875 -108
1324.51375 -24
1325.060625 -176
1325.6075 -104
1326.154375 -280
1326.70125 -28
1327.248125 56
1327.795 56
1328.341875 -104
1328.88875 80
1329.435625 -36
1329.9825 -60
1330.529375 -52
1331.07625 -32
1331.623125 -64
1332.17 -120
1332.716875 -12
1333.26375 80
1333.810625 84
1334.3575 120
1334.904375 32
1335.45125 -44
1335.998125 4
1336.545 -100
1337.091875 -184
1337.63875 -156
1338.185625 68
1338.7325 -268
1339.279375 -92
1339.82625 -156
1340.373125 -4
1340.92 100
1341.466875 32
1342.01375 8
1342.560625 -140
1343.1075 260
1343.654375 72
1344.20125 -8
1344.748125 -48
1345.295 -148
1345.841875 68
1346.38875 -8
1346.935625 264
1347.4825 -44
1348.029375 20
1348.57625 -36
1349.123125 24
1349.67 -108
1350.216875 52
1350.76375 116
1351.310625 36
1351.8575 116
1352.404375 4
1352.95125 60
1353.498125 188
1354.045 200
1354.591875 -4
1355.13875 -60
1355.685625 0
1356.2325 -120
1356.779375 256
1357.32625 -88
1357.873125 20
1358.42 -168
1358.966875 208
1359.51375 -200
1360.060625 -168
1360.6075 248
1361.154375 -36
1361.70125 -12
1362.248125 144
1362.795 108
1363.341875 268
1363.88875 0
1364.435625 -148
1364.9825 156
1365.529375 -24
1366.07625 124
1366.623125 -64
1367.17 188
1367.716875 -156
1368.26375 88
1368.810625 8
1369.3575 96
1369.904375 -84
1370.45125 -24
1370.998125 32
1371.545 -4
1372.091875 104
1372.63875 -48
1373.185625 -28
1373.7325 -52
1374.279375 152
1374.82625 88
1375.373125 276
1375.92 -48
1376.466875 136
1377.01375 28
1377.560625 0
1378.1075 120
1378.654375 -72
1379.20125 -148
1379.748125 36
1380.295 128
1380.841875 -92
1381.38875 -44
1381.935625 4
1382.4825 108
1383.029375 -76
1383.57625 -60
1384.123125 12
1384.67 48
1385.216875 -4
1385.76375 104
1386.310625 -60
1386.8575 -64
1387.404375 120
1387.95125 32
1388.498125 8
1389.045 -196
1389.591875 -140
1390.13875 -28
1390.685625 268
1391.2325 280
1391.779375 184
1392.32625 428
1392.873125 0
1393.42 112
1393.966875 236
1394.51375 24
1395.060625 148
1395.6075 -60
1396.154375 -76
1396.70125 -44
1397.248125 -32
1397.795 -148
1398.341875 148
1398.88875 156
1399.435625 -36
1399.9825 -4
1400.529375 -4
1401.07625 300
1401.623125 -160
1402.17 36
1402.716875 132
1403.26375 108
1403.810625 120
1404.3575 156
1404.904375 260
1405.45125 -232
1405.998125 80
1406.545 16
1407.091875 -8
1407.63875 4
1408.185625 80
1408.7325 -128
1409.279375 92
1409.82625 32
1410.373125 16
1410.92 -80
1411.466875 -24
1412.01375 108
1412.560625 -140
1413.1075 76
1413.654375 96
1414.20125 36
1414.748125 12
1415.295 -200
1415.841875 -132
1416.38875 172
1416.935625 116
1417.4825 308
1418.029375 160
1418.57625 -264
1419.123125 -52
